P0024 0.1494402289390564 2084.33 735.74 2102.61 756.57 2081.54 775.05 2063.27 754.21
P0024 0.08504984527826309 739.40 693.25 738.53 716.19 712.79 715.22 713.65 692.28
P2252 0.9454189538955688 241.02 819.55 221.65 840.91 196.68 818.27 216.05 796.91
P2252 0.7143115401268005 349.41 1121.45 386.50 1149.74 355.77 1190.01 318.69 1161.72
P2252 0.6828587651252747 248.81 841.47 253.84 863.59 230.19 868.97 225.15 846.86
P2252 0.38648754358291626 375.10 882.17 377.29 905.88 352.55 908.16 350.37 884.45
P2252 0.24849312007427216 92.15 1021.48 76.14 1031.46 54.45 996.70 70.46 986.71
P2252 0.10610917955636978 426.82 1011.05 403.82 1015.52 399.12 991.29 422.11 986.83
P2252 0.07728138566017151 413.09 1271.62 388.27 1284.35 373.98 1256.49 398.80 1243.76
P1146 0.15385207533836365 4608.63 1162.69 4570.80 1179.50 4545.25 1122.01 4583.08 1105.20
P2447 0.060621004551649094 388.60 89.30 394.66 99.12 384.30 105.51 378.24 95.69
P0089 0.9653016924858093 1150.53 129.20 1178.24 176.25 1081.02 233.50 1053.31 186.45
P0089 0.4367310702800751 3340.73 3651.57 3296.28 3661.96 3272.41 3559.88 3316.86 3549.48
P0089 0.23679661750793457 1182.73 165.41 1219.54 226.94 1122.13 285.22 1085.32 223.70
P0089 0.08739227801561356 1165.87 229.84 1186.95 272.09 1138.43 296.30 1117.35 254.05
P0089 0.08002195507287979 3395.13 3720.99 3320.32 3749.14 3249.79 3561.72 3324.60 3533.56
P0089 0.07730195671319962 1175.31 290.10 1141.41 311.41 1114.89 269.22 1148.78 247.91
P0784 0.4966229498386383 2748.35 1598.47 2705.77 1598.81 2705.42 1554.48 2748.00 1554.14
P0784 0.32921072840690613 1819.41 1313.42 1833.80 1331.15 1803.09 1356.07 1788.70 1338.35
P0784 0.17268438637256622 2747.89 1572.05 2749.65 1591.60 2709.53 1595.20 2707.77 1575.66
P0784 0.09863503277301788 486.83 1412.24 470.84 1416.46 464.75 1393.36 480.73 1389.15
P1496 0.0925721675157547 2002.17 657.38 2037.45 676.32 2012.24 723.28 1976.95 704.33
P1496 0.07651837915182114 1420.37 1941.08 1435.54 1961.57 1410.47 1980.13 1395.30 1959.64
P1485 0.9972314238548279 1130.19 2593.71 1020.17 2607.63 1000.96 2455.76 1110.98 2441.85
P2208 0.8436324000358582 3574.99 2471.28 3637.98 2485.09 3622.11 2557.46 3559.13 2543.65
P2208 0.7464163899421692 2317.21 502.28 2291.29 502.33 2291.23 474.68 2317.16 474.63
P2208 0.7226999998092651 1155.46 2380.00 1153.99 2403.26 1119.01 2401.06 1120.47 2377.80
P2208 0.6692601442337036 4755.49 1267.25 4758.63 1296.43 4723.33 1300.23 4720.19 1271.04
P2208 0.557894766330719 4502.08 1538.75 4507.47 1579.00 4461.81 1585.12 4456.42 1544.88
P2208 0.4740915298461914 4321.26 351.09 4300.68 362.13 4286.76 336.19 4307.34 325.15
P2208 0.4437764585018158 3430.38 1634.69 3372.15 1677.78 3316.41 1602.46 3374.65 1559.37
P2208 0.3982139527797699 3561.14 771.05 3531.18 771.28 3530.95 740.30 3560.90 740.08
P2208 0.32062745094299316 3396.50 471.14 3423.48 500.82 3392.22 529.25 3365.23 499.57
P2208 0.31133031845092773 2782.38 2606.11 2880.47 2663.42 2821.88 2763.68 2723.80 2706.38
P2208 0.2981547713279724 4223.74 252.96 4222.12 275.81 4196.20 273.98 4197.82 251.13
P2208 0.2782382071018219 3649.21 2528.17 3691.98 2561.30 3635.80 2633.82 3593.02 2600.68
P2208 0.2723017632961273 4175.28 2692.60 4145.95 2745.67 4080.05 2709.25 4109.39 2656.18
P2208 0.2716398239135742 4377.76 252.39 4377.72 276.03 4347.48 275.98 4347.52 252.33
P2208 0.26983681321144104 2102.16 541.91 2121.22 554.06 2106.72 576.79 2087.66 564.64
P2208 0.252793550491333 2128.18 2592.99 2141.35 2606.71 2126.33 2621.13 2113.15 2607.41
P2208 0.24089741706848145 1150.71 2401.88 1134.24 2401.89 1134.22 2381.29 1150.69 2381.28
P2208 0.23066939413547516 4464.19 1499.28 4491.94 1526.96 4462.99 1555.99 4435.24 1528.30
P2208 0.22125187516212463 1957.15 2540.95 1974.01 2557.32 1956.43 2575.42 1939.57 2559.05
P2208 0.1886819750070572 1153.32 2386.71 1152.48 2397.40 1116.71 2394.59 1117.55 2383.89
P2208 0.17866037786006927 2109.01 577.57 2147.07 582.04 2142.08 624.49 2104.02 620.02
P2208 0.16729460656642914 4221.42 342.02 4221.61 363.40 4197.09 363.62 4196.91 342.24
P2208 0.16046330332756042 4867.28 1629.34 4883.57 1654.67 4855.95 1672.43 4839.66 1647.09
P2208 0.15771296620368958 3429.12 2088.39 3368.25 2124.25 3325.97 2052.50 3386.83 2016.64
P2208 0.1373390257358551 3378.34 2114.04 3352.40 2168.67 3280.63 2134.60 3306.56 2079.97
P2208 0.1354256272315979 1155.10 2385.49 1156.16 2398.66 1127.11 2400.99 1126.06 2387.82
P2208 0.12443310767412186 3246.48 1306.18 3193.67 1340.15 3158.91 1286.10 3211.71 1252.14
P2208 0.12079676240682602 2422.70 520.85 2450.66 527.44 2441.28 567.24 2413.32 560.64
P2208 0.11712092161178589 2106.89 531.18 2123.47 538.39 2110.18 568.95 2093.60 561.74
P2208 0.10245589166879654 2419.92 2196.78 2411.76 2197.59 2408.98 2169.75 2417.14 2168.94
P2208 0.0945705771446228 4383.04 307.65 4364.65 308.09 4364.15 286.94 4382.54 286.50
P2208 0.09226639568805695 1724.65 2536.60 1724.00 2556.44 1700.94 2555.68 1701.59 2535.84
P2208 0.09078311920166016 1031.15 2483.14 1013.97 2484.18 1012.80 2464.89 1029.98 2463.85
P2208 0.08910886943340302 3217.62 2696.37 3273.06 2698.30 3270.30 2777.98 3214.85 2776.05
P2208 0.08639954775571823 4533.98 1774.73 4530.31 1832.34 4446.40 1827.00 4450.07 1769.39
P2208 0.08419004827737808 3145.84 2697.67 3193.77 2698.63 3192.28 2772.30 3144.36 2771.33
P2208 0.08409583568572998 2749.56 318.45 2749.13 370.42 2690.84 369.93 2691.28 317.96
P2208 0.0833669900894165 2216.13 2345.78 2192.87 2355.73 2182.90 2332.41 2206.16 2322.47
P2208 0.07969312369823456 4352.85 262.94 4332.41 267.80 4327.52 247.26 4347.96 242.39
P2208 0.07397240400314331 4915.98 1689.46 4945.00 1753.23 4872.28 1786.32 4843.26 1722.55
P2208 0.0586402490735054 4198.49 368.63 4225.07 370.99 4222.65 398.31 4196.07 395.95
P2208 0.056759241968393326 4232.27 246.17 4203.70 257.74 4191.66 228.01 4220.23 216.44
P2208 0.05630461871623993 4222.94 327.20 4206.01 335.94 4195.57 315.71 4212.49 306.97
P2208 0.05530689284205437 4742.11 1526.86 4741.60 1538.84 4721.64 1538.00 4722.14 1526.02
P2208 0.0530967116355896 3242.11 442.50 3266.86 448.03 3261.31 472.89 3236.56 467.37
P2208 0.05270546302199364 4528.61 1610.27 4511.49 1668.66 4438.71 1647.32 4455.82 1588.93
P2208 0.051878586411476135 4362.69 313.70 4384.85 314.88 4383.58 338.75 4361.41 337.57
P2208 0.05120503157377243 3014.07 1914.89 3030.10 1948.57 2994.10 1965.70 2978.07 1932.03
P2208 0.051095616072416306 3955.08 2663.95 3972.26 2724.89 3908.30 2742.91 3891.13 2681.98
P1488 0.2135847508907318 19.56 2297.90 20.07 2313.75 -2.50 2314.48 -3.01 2298.63
P1396 0.9914649128913879 2172.42 827.45 2128.66 827.71 2127.89 700.28 2171.65 700.02
P1396 0.9901941418647766 767.38 2070.51 795.15 2071.24 792.70 2164.59 764.93 2163.86
P1396 0.9879497289657593 586.64 2286.70 612.80 2289.64 602.80 2378.75 576.64 2375.82
P1396 0.9837198257446289 2190.03 1292.20 2153.04 1293.34 2149.46 1177.01 2186.45 1175.87
P1396 0.9821476936340332 2134.88 823.73 2096.32 826.37 2087.64 699.40 2126.20 696.76
P1396 0.9811890125274658 628.09 2288.75 654.81 2292.22 642.80 2384.60 616.08 2381.12
P1396 0.978729248046875 2125.81 470.04 2161.23 472.47 2153.49 585.07 2118.06 582.64
P1396 0.9785877466201782 2051.24 690.23 2091.05 691.20 2087.94 818.14 2048.12 817.16
P1396 0.9735682606697083 552.49 2282.67 577.48 2286.67 563.46 2374.39 538.46 2370.40
P1396 0.9643077850341797 2239.79 1216.52 2275.01 1218.67 2267.62 1340.07 2232.40 1337.92
P1396 0.9594181180000305 2170.50 472.78 2213.10 475.88 2204.08 599.65 2161.48 596.54
P1396 0.929742157459259 2195.08 1198.81 2242.68 1203.36 2231.80 1317.21 2184.20 1312.66
P1396 0.9114465117454529 2162.87 611.75 2207.84 613.98 2202.14 728.45 2157.17 726.21
P1396 0.8884969353675842 736.37 2143.73 714.95 2145.17 710.71 2082.12 732.13 2080.68
P1396 0.8712650537490845 2054.18 2847.09 2021.28 2847.64 2018.97 2710.71 2051.87 2710.16
P1396 0.8699560761451721 1301.84 2427.65 1301.76 2456.43 1196.11 2456.12 1196.19 2427.34
P1396 0.8685408234596252 1957.98 2845.51 1924.23 2845.52 1924.18 2702.68 1957.93 2702.67
P1396 0.8634459376335144 2184.56 601.01 2182.29 642.69 2048.96 635.40 2051.24 593.72
P1396 0.8567911982536316 2043.94 703.52 2014.20 704.55 2011.12 616.11 2040.86 615.07
P1396 0.8385539650917053 1970.28 2706.54 2008.76 2708.06 2003.17 2850.52 1964.68 2849.01
P1396 0.823609471321106 1069.46 2613.15 1066.38 2652.78 857.65 2636.52 860.74 2596.89
P1396 0.8145883679389954 1915.59 2847.49 1881.52 2848.45 1877.42 2702.46 1911.49 2701.50
P1396 0.7684051990509033 2053.65 759.18 2007.12 761.69 1998.93 609.54 2045.46 607.03
P1396 0.7091033458709717 1185.45 2424.78 1184.59 2452.75 1085.47 2449.69 1086.33 2421.72
P1396 0.6552584171295166 1756.39 2779.71 1728.02 2788.10 1708.51 2722.19 1736.88 2713.79
P1396 0.6462356448173523 1782.56 2782.31 1754.78 2784.87 1749.48 2727.24 1777.26 2724.69
P1396 0.6420636177062988 904.53 2503.27 903.13 2568.87 502.81 2560.33 504.21 2494.73
P1396 0.6351966857910156 663.80 2301.82 696.38 2306.05 684.17 2400.05 651.59 2395.82
P1396 0.6198368668556213 1066.75 2574.25 1062.32 2620.22 859.32 2600.64 863.76 2554.67
P1396 0.611742377281189 1304.29 2403.15 1303.32 2428.06 1213.43 2424.55 1214.40 2399.64
P1396 0.6050572395324707 1189.32 2398.94 1188.70 2427.72 1089.87 2425.62 1090.48 2396.84
P1396 0.5961340665817261 2172.09 633.36 2172.63 671.94 2056.85 673.56 2056.31 634.98
P1396 0.5529692769050598 2128.03 2445.33 2161.07 2448.07 2154.94 2521.83 2121.91 2519.09
P1396 0.5060346722602844 2043.08 463.54 2090.00 489.48 2033.13 592.35 1986.21 566.41
P1396 0.4533648192882538 1188.82 2371.49 1187.46 2400.63 1086.50 2395.93 1087.86 2366.79
P1396 0.4508533179759979 820.49 2558.55 819.84 2602.15 624.90 2599.26 625.54 2555.66
P1396 0.41447317600250244 935.86 2176.56 888.75 2177.83 886.09 2079.67 933.19 2078.39
P1396 0.3986203074455261 2066.14 2735.82 2100.29 2736.59 2097.82 2846.44 2063.67 2845.67
P1396 0.3783527612686157 641.97 2553.29 639.26 2603.66 489.64 2595.61 492.35 2545.23
P1396 0.35819920897483826 2021.04 2253.61 2016.09 2297.18 1913.22 2285.50 1918.17 2241.93
P1396 0.3236149251461029 2157.32 2709.59 2189.99 2710.30 2187.07 2843.98 2154.40 2843.26
P1396 0.31868255138397217 1443.63 779.77 1415.66 781.16 1411.68 700.96 1439.64 699.57
P1396 0.31110531091690063 1804.43 5511.42 1801.84 5545.96 1668.25 5535.95 1670.84 5501.40
P1396 0.29950132966041565 1996.92 2606.25 1996.27 2641.45 1882.94 2639.38 1883.58 2604.17
P1396 0.29900047183036804 1840.15 2699.44 1875.98 2701.40 1868.81 2832.61 1832.98 2830.66
P1396 0.2974475622177124 2483.45 1038.03 2510.46 1040.28 2504.64 1110.13 2477.64 1107.88
P1396 0.2635772228240967 1836.19 2818.29 1806.95 2818.89 1804.91 2719.59 1834.15 2718.99
P1396 0.2344837784767151 2087.55 2445.41 2130.71 2448.40 2125.91 2517.85 2082.74 2514.87
P1396 0.22255867719650269 879.83 2397.06 875.42 2494.45 489.48 2476.95 493.89 2379.56
P1396 0.21943379938602448 1196.13 1666.80 1194.61 1688.20 1139.22 1684.26 1140.75 1662.86
P1396 0.21134214103221893 1485.09 2384.02 1481.76 2411.75 1399.77 2401.91 1403.10 2374.19
P1396 0.20985816419124603 2109.69 2706.45 2143.33 2706.57 2142.85 2843.47 2109.20 2843.35
P1396 0.20802506804466248 1308.51 2367.20 1307.15 2401.41 1195.50 2396.99 1196.86 2362.78
P1396 0.20435892045497894 950.79 793.62 922.17 795.10 917.86 711.62 946.48 710.14
P1396 0.16601714491844177 2010.58 2386.73 2008.56 2420.47 1918.19 2415.08 1920.20 2381.34
P1396 0.1555875986814499 819.40 2069.59 848.28 2071.76 841.76 2158.69 812.88 2156.52
P1396 0.14818908274173737 940.24 798.46 906.70 799.64 903.48 708.57 937.01 707.38
P1396 0.14262163639068604 2168.44 5221.88 2139.82 5225.31 2130.33 5146.16 2158.95 5142.73
P1396 0.13520722091197968 2060.73 2443.64 2084.31 2443.84 2083.70 2516.87 2060.11 2516.68
P1396 0.1349489539861679 1908.94 2958.81 1910.72 2979.79 1850.69 2984.88 1848.91 2963.90
P1396 0.13339948654174805 876.04 2597.71 875.00 2647.01 694.86 2643.22 695.90 2593.92
P1396 0.13277681171894073 2007.76 1486.48 2010.90 1530.63 1864.72 1541.04 1861.58 1496.88
P1396 0.1280050128698349 2198.71 5373.65 2194.11 5398.07 2109.38 5382.11 2113.98 5357.69
P1396 0.12595301866531372 707.30 2443.62 702.87 2493.92 491.24 2475.32 495.66 2425.02
P1396 0.1170903667807579 1153.47 2003.64 1145.83 2045.67 1042.71 2026.93 1050.35 1984.89
P1396 0.11704455316066742 1979.43 2977.12 1973.11 3015.51 1835.06 2992.82 1841.37 2954.42
P1396 0.1127908006310463 579.21 2630.51 568.50 2681.58 496.32 2666.45 507.03 2615.37
P1396 0.11254775524139404 1061.94 2382.24 1056.01 2436.86 897.85 2419.68 903.78 2365.06
P1396 0.11179204285144806 2266.48 2224.94 2265.88 2254.00 2184.90 2252.35 2185.50 2223.29
P1396 0.10582025349140167 1148.45 3075.78 1145.13 3108.73 1079.79 3102.13 1083.12 3069.18
P1396 0.09900522232055664 1873.31 2383.98 1900.99 2385.36 1897.34 2458.22 1869.66 2456.83
P1396 0.09536413848400116 1031.78 829.33 995.84 829.53 995.01 681.66 1030.96 681.46
P1396 0.09367001056671143 800.40 2260.35 773.22 2262.71 769.20 2216.29 796.37 2213.93
P1396 0.09138598293066025 1817.09 2817.20 1788.65 2818.95 1782.63 2721.03 1811.06 2719.28
P1396 0.08195394277572632 1757.09 2782.43 1736.25 2786.52 1724.69 2727.63 1745.53 2723.54
P1396 0.08173482865095139 1444.53 2680.31 1468.33 2680.88 1466.63 2751.74 1442.82 2751.17
P1396 0.08145695924758911 2265.44 2179.16 2261.04 2248.35 2159.56 2241.89 2163.97 2172.70
P1396 0.07903542369604111 877.38 2319.87 946.13 2326.98 931.20 2471.43 862.45 2464.33
P1396 0.07799378782510757 1998.73 1662.35 2052.42 1711.47 1971.43 1800.00 1917.74 1750.88
P1396 0.0772068053483963 922.49 2561.53 986.60 2561.57 986.50 2705.15 922.39 2705.11
P1396 0.0740155577659607 1029.67 6634.24 1056.23 6636.19 1049.61 6726.22 1023.05 6724.27
P1396 0.07398604601621628 2151.68 2442.41 2178.67 2445.28 2169.54 2531.02 2142.55 2528.15
P1396 0.07222120463848114 850.09 2362.05 846.40 2418.82 682.09 2408.15 685.78 2351.37
P1396 0.07196629047393799 1579.72 2431.28 1579.44 2462.24 1474.72 2461.30 1475.00 2430.34
P1396 0.06994929164648056 2302.78 923.87 2328.75 929.30 2314.66 996.67 2288.70 991.24
P1396 0.06895662099123001 885.38 2420.69 879.56 2475.34 678.96 2453.97 684.78 2399.32
P1396 0.06705684214830399 1180.98 2337.20 1183.07 2372.34 1091.85 2377.75 1089.76 2342.61
P1396 0.06552567332983017 817.12 2235.05 819.15 2256.91 770.73 2261.41 768.70 2239.55
P1396 0.06509250402450562 2158.93 2600.36 2187.96 2601.93 2184.50 2665.70 2155.47 2664.13
P1396 0.06478191167116165 806.13 2589.77 868.10 2592.59 862.94 2705.58 800.98 2702.76
P1396 0.06423278152942657 1982.40 2983.25 1958.88 3026.00 1890.32 2988.29 1913.84 2945.54
P1396 0.06354276090860367 1060.79 2339.26 1044.04 2401.27 898.38 2361.93 915.14 2299.92
P1396 0.06325813382863998 869.11 2568.65 864.07 2615.54 792.63 2607.87 797.67 2560.97
P1396 0.06255999207496643 623.11 2605.31 678.55 2611.68 668.02 2703.23 612.58 2696.85
P1396 0.06215783581137657 2126.15 2609.05 2147.75 2609.77 2146.23 2655.41 2124.63 2654.69
P1396 0.05924157425761223 1953.42 2841.03 1928.78 2841.53 1927.62 2784.17 1952.26 2783.67
P1396 0.058788321912288666 1573.99 2490.25 1606.13 2490.34 1605.87 2579.34 1573.74 2579.25
P1396 0.05716890096664429 1505.00 4388.61 1496.13 4440.25 1407.95 4425.09 1416.82 4373.46
P1396 0.05696677044034004 993.51 3077.55 993.57 3119.00 925.14 3119.10 925.08 3077.65
P1396 0.056900203227996826 745.40 2540.37 814.32 2547.85 797.37 2704.11 728.44 2696.63
P1396 0.055386487394571304 1447.06 2174.94 1391.33 2176.12 1389.25 2077.44 1444.98 2076.26
P1396 0.05435033142566681 1205.20 2010.31 1197.66 2057.93 1061.33 2036.35 1068.87 1988.72
P1396 0.05315956100821495 2189.37 2608.86 2208.55 2609.70 2206.36 2659.69 2187.18 2658.85
P1396 0.052476298063993454 2163.80 5211.59 2128.35 5217.55 2115.21 5139.38 2150.66 5133.42
P1396 0.0519760325551033 1071.06 1655.70 1070.99 1672.64 1023.42 1672.47 1023.48 1655.53
P1396 0.05176004022359848 759.68 3063.23 756.60 3102.43 680.58 3096.45 683.67 3057.25
P1396 0.05087946727871895 2149.06 2602.98 2166.42 2604.15 2162.63 2660.67 2145.27 2659.51
P1396 0.05070316046476364 660.19 5567.95 630.88 5569.78 626.54 5500.11 655.85 5498.29
P2410 0.1279868185520172 827.79 1707.57 833.95 1721.80 818.55 1728.47 812.39 1714.23
P1424 0.18938618898391724 1843.62 2131.81 1957.36 2229.50 1828.66 2379.35 1714.92 2281.65
P1424 0.05645781755447388 5022.77 2600.06 4945.45 2692.99 4851.60 2614.90 4928.92 2521.97
P0132 0.053362298756837845 1567.40 907.39 1544.88 909.56 1541.57 875.18 1564.09 873.01
P1129 0.9973952770233154 3130.42 5791.21 3216.24 5818.10 3189.04 5904.91 3103.22 5878.02
P1129 0.9973428845405579 322.54 1809.63 284.34 1847.12 242.64 1804.64 280.84 1767.15
P1129 0.9962685108184814 592.37 1880.11 651.57 1892.26 639.01 1953.47 579.81 1941.32
P1129 0.9950736165046692 730.39 1698.47 787.82 1707.86 778.28 1766.15 720.85 1756.75
P1129 0.9928286671638489 527.56 1871.44 587.83 1879.02 580.18 1939.78 519.92 1932.20
P1129 0.9885695576667786 300.45 1451.07 359.25 1464.30 345.67 1524.70 286.86 1511.47
P1129 0.9853030443191528 3198.24 4481.50 3179.79 4554.10 3099.00 4533.57 3117.45 4460.97
P1129 0.9852659106254578 481.63 1780.90 458.56 1831.38 396.17 1802.87 419.24 1752.39
P1129 0.9148566722869873 424.57 1679.37 489.60 1683.82 484.39 1759.84 419.36 1755.38
P1129 0.7001615762710571 421.26 1667.96 494.27 1682.39 465.98 1825.49 392.97 1811.05
P1129 0.618695080280304 3454.84 5125.98 3385.56 5190.33 3317.46 5117.02 3386.74 5052.67
P1129 0.5867054462432861 1158.92 5550.81 1198.22 5560.13 1183.65 5621.57 1144.35 5612.25
P1129 0.4118425250053406 3534.49 4666.96 3512.49 4760.36 3401.00 4734.09 3423.00 4640.70
P1129 0.3899332880973816 3134.84 5822.41 3192.68 5840.11 3174.36 5900.00 3116.52 5882.29
P1129 0.38451066613197327 3401.52 4834.38 3510.51 4877.03 3467.46 4987.04 3358.47 4944.40
P1129 0.35861024260520935 3193.92 4463.96 3176.99 4530.19 3090.02 4507.95 3106.95 4441.73
P1129 0.08860915154218674 1122.16 5101.63 1117.94 5124.50 1081.15 5117.72 1085.37 5094.85
P1129 0.06370015442371368 3135.46 4156.88 3195.22 4188.13 3162.82 4250.08 3103.06 4218.83
P1129 0.06347798556089401 1302.62 3708.20 1378.22 3722.08 1360.89 3816.49 1285.28 3802.61
P1129 0.050417955964803696 783.20 1674.47 777.49 1705.73 737.96 1698.52 743.67 1667.25
P0092 0.052642956376075745 3007.40 545.52 3003.58 566.68 2962.98 559.34 2966.81 538.18
P2024 0.15721915662288666 317.76 4009.99 293.99 4101.05 197.95 4075.98 221.73 3984.92
P1183 0.9879627823829651 5568.13 2010.92 5554.95 2075.12 5484.71 2060.70 5497.88 1996.50
P1183 0.08020428568124771 2317.41 2033.39 2340.77 2039.39 2330.45 2079.56 2307.09 2073.56
P1183 0.06305107474327087 3201.36 2391.16 3222.38 2410.77 3201.30 2433.37 3180.28 2413.76
P0181 0.9508638381958008 4158.61 605.96 4138.51 689.36 4027.77 662.68 4047.87 579.28
P0181 0.26414918899536133 6264.57 632.71 6252.87 683.84 6147.52 659.73 6159.22 608.60
P0181 0.16127189993858337 1341.74 1055.36 1336.24 1090.05 1246.46 1075.81 1251.97 1041.13
P0181 0.05523649975657463 2032.13 452.60 2018.92 461.42 2009.93 447.97 2023.14 439.15
P1153 0.3971763253211975 1987.73 2510.69 1807.75 2661.77 1654.42 2479.10 1834.40 2328.02
P1153 0.18704736232757568 272.28 3674.95 166.98 3738.16 90.81 3611.29 196.10 3548.07
P1153 0.16025863587856293 1863.91 838.32 2023.63 981.38 1796.74 1234.69 1637.02 1091.62
P1153 0.14151757955551147 637.64 3650.84 537.96 3727.91 451.91 3616.62 551.59 3539.55
P1153 0.10111170262098312 1671.38 2784.64 1540.55 2882.00 1418.84 2718.45 1549.67 2621.09
P1153 0.08508143573999405 1097.21 3235.31 971.80 3392.52 811.60 3264.72 937.01 3107.51
P1153 0.07550197839736938 838.63 218.71 899.59 309.27 798.19 377.53 737.23 286.97
P1153 0.05008295550942421 2220.71 1348.06 2384.89 1422.88 2298.77 1611.84 2134.59 1537.02
P2715 0.11391468346118927 1865.22 1854.24 1866.95 1865.67 1845.25 1868.94 1843.52 1857.51
P1677 0.06342986226081848 1126.81 3130.78 1146.52 3190.27 1078.49 3212.81 1058.78 3153.32
P2556 0.8711374998092651 3367.14 4603.74 3401.07 4661.31 3330.09 4703.13 3296.17 4645.57
P2556 0.7088760733604431 1415.48 2992.28 1341.04 3016.92 1316.20 2941.89 1390.64 2917.24
P2556 0.638863742351532 685.54 930.01 693.15 944.57 668.84 957.28 661.23 942.72
P2556 0.44872382283210754 1343.64 25.57 1367.76 30.64 1358.57 74.41 1334.45 69.35
P2556 0.29568958282470703 2389.70 1891.99 2361.88 1899.46 2353.93 1869.88 2381.76 1862.41
P2556 0.23575648665428162 2329.39 1776.32 2308.90 1787.35 2291.76 1755.50 2312.26 1744.47
P2556 0.22354036569595337 1379.49 34.43 1364.12 77.05 1318.50 60.60 1333.86 17.98
P2556 0.1865917295217514 675.18 917.80 681.21 926.85 663.92 938.38 657.88 929.33
P2556 0.13570597767829895 688.07 949.58 693.88 958.99 679.87 967.64 674.06 958.23
P2556 0.1344243735074997 2118.91 1432.56 2137.96 1446.96 2121.84 1468.29 2102.79 1453.89
P2556 0.12023904919624329 3337.46 3811.70 3278.09 3853.96 3227.48 3782.86 3286.85 3740.60
P2556 0.11516396701335907 857.93 2176.56 872.27 2198.47 831.22 2225.34 816.87 2203.44
P2037 0.807633638381958 1612.44 575.51 1566.58 590.27 1550.98 541.77 1596.83 527.01
P2666 0.054871391505002975 2025.29 938.43 2031.16 943.86 2024.14 951.45 2018.27 946.02
P2195 0.2804728150367737 69.93 1912.33 70.77 1935.69 44.38 1936.64 43.54 1913.28
P2195 0.10241663455963135 495.49 924.97 523.18 929.53 517.40 964.55 489.72 959.99
P2195 0.09527040272951126 504.76 1063.51 496.68 1091.78 465.39 1082.83 473.48 1054.56
P1588 0.08808458596467972 3983.09 215.48 3981.18 239.03 3956.20 237.01 3958.10 213.46
P0240 0.12824292480945587 254.89 1310.00 239.42 1312.14 233.63 1270.16 249.10 1268.03
P1157 0.9780922532081604 2447.02 2617.57 2483.98 2622.09 2479.24 2660.85 2442.28 2656.33
P1157 0.9591659307479858 2663.05 2454.72 2681.86 2481.65 2654.65 2500.66 2635.84 2473.73
P1157 0.9436082243919373 2433.48 2611.43 2453.03 2614.85 2447.98 2643.74 2428.43 2640.32
P1157 0.9435939788818359 1788.30 2982.50 1818.05 2995.21 1799.82 3037.89 1770.06 3025.18
P1157 0.942778468132019 4953.30 1893.42 4888.30 1998.74 4775.47 1929.10 4840.47 1823.78
P1157 0.7849909663200378 2590.87 2440.96 2618.39 2450.28 2608.63 2479.11 2581.10 2469.78
P1157 0.7835198640823364 2883.39 2197.40 2909.04 2211.18 2894.29 2238.65 2868.64 2224.88
P1157 0.78326016664505 1902.47 3184.24 1936.33 3203.21 1915.41 3240.53 1881.56 3221.56
P1157 0.7616203427314758 1830.09 3009.30 1851.61 3017.50 1839.18 3050.15 1817.66 3041.96
P1157 0.7444313168525696 1587.17 3063.08 1610.77 3071.75 1600.31 3100.19 1576.71 3091.51
P1157 0.7283368110656738 1815.01 2984.69 1852.00 2997.60 1835.32 3045.40 1798.32 3032.49
P1157 0.6627761721611023 1888.44 3177.22 1909.24 3190.97 1892.12 3216.87 1871.32 3203.13
P1157 0.63005530834198 4776.26 2104.05 4754.71 2128.35 4728.59 2105.19 4750.14 2080.89
P1157 0.5884140133857727 2424.69 2477.43 2409.57 2516.18 2370.41 2500.91 2385.53 2462.15
P1157 0.5599916577339172 2502.19 2334.59 2529.54 2343.08 2519.38 2375.83 2492.03 2367.34
P1157 0.5295917391777039 1466.28 3337.77 1495.04 3348.83 1479.04 3390.44 1450.28 3379.38
P1157 0.521339476108551 2389.86 2585.46 2431.79 2599.77 2416.85 2643.56 2374.91 2629.25
P1157 0.47842296957969666 2732.45 2431.22 2763.82 2438.67 2754.17 2479.35 2722.79 2471.90
P1157 0.4781641662120819 2844.61 2298.32 2868.29 2307.90 2858.05 2333.22 2834.37 2323.64
P1157 0.45865657925605774 1810.74 2259.76 1804.02 2297.66 1764.02 2290.56 1770.74 2252.67
P1157 0.4561288058757782 2630.24 2418.53 2619.09 2443.49 2593.01 2431.84 2604.16 2406.88
P1157 0.3610733151435852 1852.20 3018.66 1879.07 3027.28 1867.49 3063.38 1840.62 3054.76
P1157 0.35329389572143555 2388.78 2587.05 2378.91 2623.70 2338.67 2612.86 2348.54 2576.21
P1157 0.3502480089664459 1661.99 3076.24 1667.08 3094.64 1647.80 3099.98 1642.70 3081.59
P1157 0.3315054774284363 1995.97 2342.67 1986.90 2366.66 1960.39 2356.63 1969.46 2332.64
P1157 0.31606325507164 1535.24 3053.67 1559.34 3063.18 1549.63 3087.76 1525.54 3078.25
P1157 0.2774180769920349 4853.73 1853.11 4902.85 1908.52 4832.24 1971.11 4783.12 1915.70
P1157 0.26579663157463074 2703.77 2500.46 2731.21 2505.78 2725.37 2535.95 2697.93 2530.64
P1157 0.26374551653862 1533.79 3055.33 1526.75 3072.58 1508.63 3065.20 1515.66 3047.94
P1157 0.25663939118385315 1573.70 3034.10 1601.55 3047.27 1585.69 3080.82 1557.84 3067.65
P1157 0.21783366799354553 1867.46 3165.87 1888.14 3174.27 1875.89 3204.40 1855.22 3196.00
P1157 0.1897265911102295 2689.94 2552.09 2711.85 2563.99 2698.27 2589.00 2676.36 2577.10
P1157 0.18604736030101776 966.17 3434.67 994.07 3443.58 984.93 3472.21 957.03 3463.30
P1157 0.17590397596359253 4906.55 1969.79 4855.52 1981.55 4839.85 1913.55 4890.88 1901.79
P1157 0.14072410762310028 1485.64 3471.57 1519.46 3477.86 1510.95 3523.58 1477.13 3517.28
P1157 0.11542803794145584 4960.17 1916.11 4933.94 1950.26 4873.22 1903.62 4899.45 1869.47
P1157 0.11278065294027328 1659.72 3104.23 1683.33 3110.82 1676.25 3136.21 1652.63 3129.62
P1157 0.11196637898683548 1823.15 3139.92 1850.21 3151.05 1833.80 3190.96 1806.74 3179.83
P1157 0.10836020112037659 2312.92 2930.44 2355.19 2939.21 2340.84 3008.35 2298.57 2999.57
P1157 0.08954951912164688 2560.87 2387.88 2548.14 2417.26 2518.75 2404.53 2531.48 2375.15
P1157 0.07138992100954056 2726.52 2412.91 2777.40 2433.24 2754.62 2490.26 2703.74 2469.94
P1157 0.06133608892560005 1745.99 2978.37 1769.30 2989.45 1757.65 3013.95 1734.34 3002.88
P1157 0.061259739100933075 1240.44 3540.86 1230.35 3568.88 1199.64 3557.81 1209.73 3529.79
P1157 0.06035032495856285 1729.50 3113.43 1762.94 3124.77 1748.55 3167.17 1715.11 3155.82
P1157 0.057587552815675735 1261.71 3483.19 1251.54 3504.70 1227.50 3493.33 1237.67 3471.83
P1157 0.05616370216012001 4769.18 2114.48 4751.97 2124.07 4739.03 2100.86 4756.24 2091.27
P1157 0.05503322184085846 3221.84 1331.90 3175.64 1333.93 3172.71 1267.36 3218.91 1265.32
P1157 0.05466771870851517 2149.06 2104.21 2134.25 2115.79 2121.43 2099.41 2136.23 2087.82
P1157 0.051410965621471405 2887.26 1389.48 2904.98 1397.16 2894.96 1420.29 2877.24 1412.62
P1157 0.05101875215768814 1822.75 2265.90 1819.17 2292.60 1780.94 2287.48 1784.52 2260.78
P2284 0.19409704208374023 738.16 2454.93 736.52 2474.52 706.09 2471.97 707.73 2452.39
P1511 0.14449410140514374 806.13 1054.77 864.95 1134.48 764.99 1208.23 706.18 1128.52
P2784 0.06899621337652206 2162.65 1964.30 2086.40 2058.61 1919.40 1923.59 1995.65 1829.28
P0057 0.3014637529850006 2504.27 374.93 2510.34 439.01 2407.67 448.74 2401.60 384.66
P0057 0.054933223873376846 2486.53 406.65 2482.82 453.71 2363.14 444.28 2366.85 397.22
P0057 0.05154955014586449 2398.43 334.77 2521.95 372.98 2483.50 497.30 2359.98 459.09
P1151 0.660197377204895 2183.37 2635.98 2049.05 2695.31 1987.39 2555.73 2121.71 2496.39
P1151 0.6235333681106567 2258.75 2723.41 2325.86 2805.36 2184.76 2920.91 2117.65 2838.96
P1151 0.5736129879951477 1950.75 2231.84 2006.50 2313.07 1887.73 2394.58 1831.98 2313.36
P1151 0.5714573860168457 2356.74 2840.64 2224.18 2950.92 2066.71 2761.63 2199.28 2651.35
P1151 0.4702848792076111 1695.66 2636.32 1746.09 2755.88 1615.77 2810.86 1565.33 2691.30
P1151 0.437674343585968 1817.84 2873.01 1896.83 3032.23 1709.75 3125.05 1630.75 2965.82
P1151 0.39330169558525085 1743.76 1841.21 1784.91 1914.96 1661.71 1983.69 1620.57 1909.93
P1151 0.39268869161605835 1785.47 1922.11 1834.79 2004.89 1707.69 2080.62 1658.37 1997.85
P1151 0.3667232394218445 2211.71 2682.41 2243.32 2723.52 2119.41 2818.82 2087.79 2777.70
P1151 0.340775728225708 1517.99 1420.50 1545.74 1473.01 1432.59 1532.82 1404.83 1480.32
P1151 0.339741587638855 1892.16 2057.39 1762.94 2158.60 1601.15 1952.03 1730.37 1850.83
P1151 0.30229443311691284 2480.52 3169.85 2541.26 3245.23 2443.56 3323.96 2382.82 3248.59
P1151 0.3012208044528961 1815.06 2009.44 1860.35 2081.77 1746.62 2152.98 1701.34 2080.64
P1151 0.23972660303115845 1869.58 2074.00 1927.52 2170.96 1805.23 2244.04 1747.29 2147.08
P1151 0.23169155418872833 1956.86 2278.75 1980.55 2322.58 1876.65 2378.75 1852.96 2334.92
P1151 0.22894936800003052 2386.53 3133.96 2419.93 3194.67 2306.71 3256.96 2273.31 3196.24
P1151 0.21723215281963348 2161.01 2657.56 2183.47 2693.07 2083.87 2756.08 2061.40 2720.58
P1151 0.17911991477012634 1578.30 1537.48 1629.43 1630.18 1505.91 1698.31 1454.77 1605.61
P1151 0.17835503816604614 1659.70 1698.95 1708.81 1799.48 1581.55 1861.65 1532.43 1761.12
P1151 0.16803117096424103 2051.43 2402.14 2109.66 2494.28 1993.21 2567.88 1934.98 2475.74
P1151 0.12963512539863586 2142.69 335.93 2201.60 412.32 1962.47 596.74 1903.56 520.35
P1151 0.11110928654670715 1630.07 2609.71 1454.88 2695.76 1347.77 2477.68 1522.96 2391.63
P1151 0.10961578786373138 2353.24 3950.19 2382.52 4035.16 2224.67 4089.55 2195.39 4004.59
P1151 0.10954606533050537 986.86 1668.54 1023.76 1729.53 924.50 1789.60 887.60 1728.60
P1151 0.1092982217669487 2314.20 2927.44 2345.70 3021.28 2226.02 3061.45 2194.52 2967.62
P1151 0.1013742983341217 1730.53 2926.19 1630.02 3004.33 1550.51 2902.06 1651.02 2823.92
P1151 0.10047141462564468 2410.43 3164.37 2314.63 3223.47 2243.56 3108.25 2339.36 3049.16
P1151 0.0958280935883522 2293.88 2934.02 2318.74 2985.56 2213.41 3036.35 2188.56 2984.81
P1151 0.09134171903133392 2753.77 3715.93 2785.15 3824.81 2594.88 3879.64 2563.50 3770.77
P1151 0.09066502004861832 1480.71 1331.30 1521.34 1429.49 1394.43 1482.00 1353.80 1383.81
P1151 0.0854666605591774 1542.77 2618.88 1585.10 2676.55 1486.30 2749.05 1443.98 2691.39
P1151 0.0800599530339241 2331.87 2974.61 2353.90 3027.74 2259.61 3066.84 2237.57 3013.71
P1151 0.07389089465141296 2368.87 3077.15 2398.17 3135.02 2288.96 3190.31 2259.67 3132.44
P1151 0.07225353270769119 2000.26 2320.67 2047.92 2396.66 1935.22 2467.34 1887.56 2391.35
P1151 0.0663873702287674 1640.38 2818.37 1541.49 2881.58 1473.89 2775.82 1572.78 2712.61
P1151 0.05224010720849037 1916.43 3166.57 2083.81 3280.61 1955.56 3468.84 1788.18 3354.80
P1151 0.05103990063071251 1780.02 415.41 1728.71 425.28 1707.21 313.55 1758.53 303.68
P1151 0.05017895624041557 484.67 3423.62 356.60 3434.14 341.64 3252.21 469.71 3241.68
P0927 0.08977989107370377 1456.35 970.04 1455.20 996.25 1404.58 994.04 1405.72 967.83
P2772 0.11262926459312439 2346.39 1673.50 2352.66 1696.38 2325.13 1703.93 2318.86 1681.04
P2188 0.22669456899166107 1232.84 1529.59 1235.73 1542.64 1200.13 1550.53 1197.24 1537.48
P1162 0.42930087447166443 539.41 537.53 697.99 557.25 665.59 817.68 507.02 797.96
P0055 0.12106918543577194 1416.23 997.50 1349.90 1020.28 1288.53 841.56 1354.86 818.79
P0055 0.06283848732709885 1051.50 997.90 1000.52 1014.19 941.39 829.10 992.37 812.81
P0982 0.0659002959728241 1175.34 1016.59 1180.93 1029.58 1166.30 1035.87 1160.71 1022.88
P2711 0.2210550308227539 371.63 1242.24 353.52 1248.10 343.03 1215.66 361.13 1209.80
P1172 0.2764155864715576 2201.44 859.45 2203.75 888.94 2171.89 891.43 2169.59 861.94
P2202 0.05592867359519005 92.87 419.69 89.72 436.91 71.29 433.55 74.44 416.32
P2559 0.4646243155002594 1514.26 2024.18 1497.07 2032.29 1485.79 2008.36 1502.98 2000.25
P1124 0.18785052001476288 3586.34 2793.70 3511.79 2967.80 3260.29 2860.11 3334.84 2686.01
P0669 0.11136247217655182 1045.52 956.04 1056.04 968.80 1027.79 992.10 1017.27 979.34
P1048 0.12426631152629852 1612.81 3104.72 1626.28 3109.04 1621.12 3125.12 1607.66 3120.80
P1048 0.05795491114258766 12.79 844.86 29.82 857.26 12.40 881.19 -4.62 868.80
P0166 0.6484111547470093 988.69 2976.31 973.44 2984.05 964.13 2965.71 979.37 2957.97
P0166 0.10377088189125061 2026.69 1553.42 2010.70 1564.65 1990.73 1536.23 2006.71 1524.99
P0166 0.059444669634103775 1044.43 2894.56 1055.00 2907.22 1040.24 2919.54 1029.67 2906.88
P1873 0.651701807975769 1301.52 376.56 1299.11 401.61 1257.21 397.57 1259.63 372.52
P1873 0.5690470337867737 751.47 3158.21 741.07 3163.40 733.53 3148.30 743.93 3143.10
P1873 0.44775018095970154 955.51 4349.24 976.14 4351.99 970.26 4396.22 949.63 4393.48
P1873 0.4454892873764038 1299.23 3165.81 1297.65 3188.22 1266.72 3186.04 1268.31 3163.63
P1873 0.39221084117889404 730.65 3163.14 716.02 3165.28 712.46 3140.94 727.09 3138.80
P1873 0.34754282236099243 1270.70 3477.22 1239.36 3492.96 1221.40 3457.20 1252.74 3441.46
P1873 0.3088056743144989 2236.11 4379.80 2227.59 4395.18 2185.37 4371.79 2193.89 4356.41
P1873 0.30203500390052795 1376.37 669.02 1392.33 706.42 1354.83 722.41 1338.88 685.01
P1873 0.2913932502269745 695.31 3146.31 683.06 3147.05 681.17 3115.66 693.42 3114.92
P1873 0.2842312157154083 2046.37 4302.49 2062.55 4304.58 2058.85 4333.22 2042.68 4331.13
P1873 0.2321966588497162 1908.06 4216.04 1897.08 4230.72 1861.48 4204.12 1872.46 4189.44
P1873 0.18648988008499146 1233.54 4061.35 1196.94 4063.63 1194.37 4022.48 1230.97 4020.19
P1873 0.17848755419254303 2059.45 273.56 2054.19 286.84 2018.98 272.89 2024.24 259.61
P1873 0.1777423471212387 2097.98 3751.62 2098.91 3765.66 2058.95 3768.32 2058.02 3754.29
P1873 0.176469624042511 707.17 3056.04 732.94 3056.32 732.54 3092.74 706.77 3092.45
P1873 0.1592567265033722 816.49 3153.18 827.11 3153.73 826.49 3165.72 815.87 3165.18
P1873 0.15630388259887695 2328.05 3290.34 2317.12 3294.95 2304.23 3264.41 2315.15 3259.79
P1873 0.14919646084308624 429.10 2449.40 426.13 2463.27 402.37 2458.20 405.33 2444.33
P1873 0.1476784348487854 2337.65 3293.52 2326.61 3293.91 2325.67 3267.11 2336.71 3266.73
P1873 0.12542235851287842 2317.59 4206.90 2293.79 4210.10 2286.32 4154.67 2310.12 4151.46
P1873 0.11577067524194717 761.04 3155.97 749.98 3158.78 745.99 3143.06 757.05 3140.26
P1873 0.11261948943138123 2187.12 4417.13 2179.12 4434.11 2141.48 4416.37 2149.49 4399.39
P1873 0.10426937788724899 996.65 3233.54 1002.46 3233.75 1001.69 3255.25 995.89 3255.04
P1873 0.1018129214644432 2198.19 4469.41 2186.16 4471.99 2182.08 4452.92 2194.11 4450.35
P1873 0.09759318828582764 308.38 2384.01 321.66 2384.37 320.64 2422.33 307.36 2421.97
P1873 0.09265218675136566 379.51 4443.26 388.99 4449.00 374.65 4472.69 365.17 4466.95
P1873 0.08335728198289871 800.93 3055.87 808.88 3068.40 785.31 3083.34 777.36 3070.81
P1873 0.08261198550462723 2313.85 3384.55 2291.47 3398.27 2275.11 3371.58 2297.49 3357.86
P1873 0.0823289230465889 1003.76 3234.86 1012.57 3243.32 1002.18 3254.13 993.38 3245.66
P1873 0.0821615681052208 1027.81 3165.77 1016.46 3165.83 1016.23 3122.15 1027.58 3122.09
P1873 0.0745961144566536 689.95 3145.87 704.76 3146.37 704.15 3164.45 689.34 3163.96
P1873 0.0701058954000473 833.41 2180.16 853.97 2192.73 841.37 2213.32 820.82 2200.75
P1873 0.06453971564769745 1928.12 2859.81 1920.93 2876.41 1882.16 2859.61 1889.35 2843.00
P1873 0.0644536167383194 1440.20 4325.28 1486.60 4325.89 1485.87 4381.87 1439.46 4381.26
P1873 0.06389079242944717 752.31 3159.11 741.08 3160.27 739.42 3144.18 750.65 3143.02
P1873 0.06359324604272842 766.86 3137.32 779.81 3138.13 778.28 3162.48 765.33 3161.66
P1873 0.06223386526107788 424.70 3813.70 409.50 3817.66 398.86 3776.88 414.05 3772.91
P1873 0.060748420655727386 145.31 4410.95 153.32 4421.10 141.40 4430.51 133.39 4420.35
P1873 0.06012335419654846 1648.29 1598.30 1634.94 1602.41 1629.24 1583.93 1642.59 1579.81
P1873 0.05686616897583008 2049.73 2805.04 2018.05 2862.86 1949.86 2825.50 1981.53 2767.68
P1873 0.05680311843752861 2305.08 4159.33 2279.64 4231.90 2206.38 4206.22 2231.82 4133.65
P1873 0.054231833666563034 761.75 3135.79 776.92 3136.99 775.69 3152.55 760.52 3151.35
P1873 0.054168201982975006 2082.24 3711.46 2097.63 3729.97 2065.54 3756.63 2050.16 3738.13
P1873 0.053229477256536484 2217.74 4186.16 2248.60 4225.41 2183.66 4276.45 2152.80 4237.20
P1873 0.052580032497644424 896.77 3230.03 907.31 3230.36 906.37 3259.99 895.83 3259.66
P1873 0.05116875097155571 977.33 4411.82 975.83 4421.78 947.99 4417.60 949.49 4407.64
P1873 0.050730254501104355 1000.75 3231.36 1014.83 3234.70 1009.08 3258.95 995.01 3255.62
P1873 0.05000155791640282 2308.34 3388.97 2328.46 3408.08 2308.82 3428.76 2288.69 3409.64
P2140 0.109859399497509 130.74 991.65 123.74 1006.93 85.58 989.45 92.58 974.17
P2140 0.07056457549333572 147.96 955.14 141.69 971.02 106.09 956.98 112.36 941.09
P1125 0.2800387144088745 2726.83 3623.84 2681.46 3633.57 2668.29 3572.13 2713.65 3562.40
P1125 0.05681620538234711 754.79 4006.68 729.63 4014.48 699.27 3916.62 724.43 3908.82
P1125 0.052009787410497665 2033.93 3792.20 2052.96 3899.01 1919.78 3922.74 1900.75 3815.93
P1578 0.13307306170463562 3673.83 445.00 3654.56 449.09 3649.69 426.12 3668.96 422.04
P0040 0.943982720375061 443.35 3278.38 481.63 3334.62 407.86 3384.82 369.59 3328.58
P0040 0.44645631313323975 398.87 3047.97 462.83 3057.75 450.54 3138.15 386.58 3128.37
P0040 0.05830206349492073 349.53 4075.56 340.59 4132.37 252.98 4118.58 261.92 4061.77
P0040 0.052448272705078125 1300.79 587.74 1324.57 590.07 1318.98 647.02 1295.20 644.69
P1655 0.30362269282341003 3687.10 3103.11 3688.88 3124.19 3662.51 3126.41 3660.74 3105.33
P1655 0.2204998880624771 3762.63 3079.58 3770.66 3097.48 3746.05 3108.52 3738.02 3090.62
P0043 0.12181068956851959 3209.43 2311.95 3253.31 2312.68 3252.58 2357.27 3208.69 2356.55
P0043 0.09459585696458817 1567.36 3124.28 1583.86 3149.05 1531.41 3184.00 1514.91 3159.23
P0043 0.06695898622274399 1359.64 4317.36 1371.91 4331.67 1342.97 4356.50 1330.70 4342.19
P1381 0.17354193329811096 2777.50 4007.12 2794.22 4012.44 2787.98 4032.04 2771.27 4026.72
P1381 0.10886667668819427 2787.76 3476.66 2834.11 3536.97 2767.40 3588.25 2721.04 3527.93
P1381 0.06668339669704437 1587.71 1729.94 1645.91 1806.37 1550.21 1879.24 1492.01 1802.81
P1381 0.06066497042775154 1621.10 1796.88 1564.29 1832.52 1528.44 1775.37 1585.25 1739.73
P2767 0.10299823433160782 1754.37 2212.75 1778.78 2227.10 1757.51 2263.29 1733.10 2248.94
P0165 0.35654476284980774 2258.65 2115.39 2258.29 2133.28 2238.18 2132.87 2238.54 2114.99
P0165 0.2507423460483551 2943.72 2491.81 2949.40 2506.60 2931.83 2513.35 2926.15 2498.55
P0165 0.18602311611175537 1129.94 1953.73 1104.61 1982.37 1069.73 1951.52 1095.06 1922.88
P0165 0.09931984543800354 3354.34 1586.18 3315.99 1587.39 3314.68 1545.93 3353.03 1544.72
P0165 0.08426173776388168 2247.62 3201.68 2256.96 3224.67 2228.80 3236.12 2219.46 3213.12
P0165 0.06750068813562393 2812.38 1305.78 2806.20 1372.57 2734.63 1365.95 2740.81 1299.16
P0165 0.06356796622276306 2960.46 1805.49 2997.28 1841.90 2958.13 1881.48 2921.31 1845.07
P0165 0.05407535284757614 1091.51 1106.37 1055.11 1109.19 1052.08 1070.02 1088.48 1067.19
P0165 0.053640201687812805 2870.77 2420.30 2862.97 2421.73 2861.22 2412.17 2869.02 2410.74
P1176 0.9536381363868713 3567.10 1707.87 3543.02 1710.57 3538.94 1674.06 3563.02 1671.36
P1176 0.9341607093811035 3360.24 1736.00 3336.12 1739.43 3331.44 1706.49 3355.55 1703.06
P1176 0.9220304489135742 3429.56 1724.59 3405.14 1729.78 3397.95 1695.95 3422.38 1690.77
P1176 0.9193493723869324 979.12 2097.08 948.18 2115.57 925.60 2077.76 956.54 2059.28
P1176 0.9095299243927002 1025.38 2050.94 1059.39 2064.29 1045.74 2099.04 1011.73 2085.68
P1176 0.9030969142913818 3396.01 1730.76 3372.53 1736.41 3364.58 1703.32 3388.06 1697.68
P1176 0.8937734365463257 3490.63 1719.29 3465.41 1722.19 3461.14 1685.11 3486.37 1682.21
P1176 0.8876357674598694 3601.20 1700.92 3576.92 1705.06 3571.34 1672.34 3595.62 1668.20
P1176 0.842098593711853 3527.83 1713.13 3501.25 1715.95 3497.57 1681.18 3524.15 1678.37
P1176 0.8292689919471741 3633.43 1698.31 3609.05 1699.67 3607.20 1666.45 3631.58 1665.09
P1176 0.7506428360939026 1813.47 1966.34 1755.35 1978.07 1742.94 1916.56 1801.05 1904.83
P1176 0.7142158150672913 1466.38 2166.05 1438.81 2170.65 1433.00 2135.81 1460.56 2131.21
P1176 0.6530233025550842 1725.19 1921.03 1729.95 1977.17 1668.50 1982.37 1663.75 1926.23
P1176 0.5097051858901978 1469.24 1961.49 1475.59 2018.50 1412.93 2025.48 1406.58 1968.47
P1176 0.4262560307979584 3558.50 1710.81 3533.30 1711.41 3532.47 1676.43 3557.67 1675.82
P1176 0.42240017652511597 546.84 2050.25 523.30 2056.83 515.24 2028.02 538.78 2021.44
P1176 0.3861585557460785 1891.58 1894.85 1897.39 1955.06 1835.17 1961.06 1829.36 1900.85
P1176 0.30747342109680176 4504.53 1590.10 4468.43 1600.54 4454.36 1551.89 4490.47 1541.45
P1176 0.19149155914783478 3737.77 1809.22 3710.04 1814.37 3704.21 1782.95 3731.95 1777.81
P1176 0.18763649463653564 3780.21 1800.35 3747.87 1809.45 3738.05 1774.58 3770.39 1765.48
P1176 0.18120095133781433 1497.48 2167.41 1470.78 2170.33 1465.82 2124.99 1492.52 2122.07
P1176 0.1729801595211029 4417.32 1600.14 4389.04 1605.73 4380.29 1561.43 4408.58 1555.85
P1176 0.15829652547836304 4241.73 1623.36 4219.07 1628.94 4210.08 1592.46 4232.74 1586.88
P1176 0.1401323676109314 4743.04 1720.33 4717.07 1725.56 4709.33 1687.20 4735.30 1681.96
P1176 0.13674022257328033 4626.82 1562.36 4590.62 1570.74 4580.66 1527.72 4616.86 1519.34
P1176 0.12910571694374084 4577.40 1575.64 4536.88 1582.94 4528.94 1538.87 4569.47 1531.57
P1176 0.1272744983434677 4211.39 1635.62 4186.63 1639.46 4181.15 1604.12 4205.92 1600.28
P1176 0.10565904527902603 4002.76 1848.99 3985.18 1883.58 3947.36 1864.36 3964.94 1829.77
P1176 0.10379140079021454 1596.04 2129.88 1569.22 2132.66 1565.44 2096.23 1592.26 2093.45
P1176 0.0944930762052536 3857.89 1671.39 3832.19 1675.69 3826.26 1640.25 3851.96 1635.95
P1176 0.08207903057336807 4325.96 1610.01 4303.15 1615.11 4295.72 1581.86 4318.53 1576.76
P1176 0.07882191985845566 1567.82 2141.15 1541.58 2147.84 1533.03 2114.29 1559.28 2107.60
P1176 0.0695301964879036 4183.66 1633.15 4156.52 1636.21 4152.77 1602.97 4179.91 1599.91
P1176 0.06803632527589798 1396.02 1971.54 1403.27 2032.62 1340.87 2040.01 1333.63 1978.94
P1176 0.05042800307273865 4284.88 1733.58 4256.62 1736.90 4252.51 1701.88 4280.78 1698.56
P0842 0.12934213876724243 37.44 45.46 54.43 47.07 50.49 88.55 33.50 86.94
P0842 0.062437042593955994 2350.10 743.09 2385.96 751.49 2370.38 817.98 2334.53 809.58
P0112 0.0833800658583641 3645.85 4190.92 3629.68 4195.91 3619.86 4164.08 3636.03 4159.09
P1796 0.1407993733882904 1827.72 4874.42 1853.07 4892.79 1834.09 4918.98 1808.74 4900.61
P1796 0.06849160045385361 1245.89 5126.51 1269.56 5137.86 1249.88 5178.89 1226.21 5167.54
P1796 0.058060914278030396 3814.42 4042.64 3832.44 4062.53 3803.76 4088.52 3785.73 4068.62
P1406 0.6565535664558411 3724.44 3756.93 3712.17 3778.45 3688.25 3764.80 3700.52 3743.29
P1406 0.6122974157333374 3649.49 3877.89 3641.33 3903.22 3613.23 3894.17 3621.38 3868.84
P1406 0.5392723679542542 3976.91 3861.63 3968.87 3886.28 3943.44 3877.98 3951.48 3853.34
P1406 0.5053843259811401 3744.25 3735.03 3720.57 3749.13 3706.29 3725.16 3729.98 3711.06
P1406 0.3943808674812317 3799.92 3635.85 3782.95 3654.70 3761.97 3635.82 3778.94 3616.96
P1406 0.28411611914634705 3781.65 3670.79 3759.60 3686.03 3744.33 3663.95 3766.38 3648.71
P1406 0.2766733467578888 3884.01 4034.16 3859.07 4045.34 3847.34 4019.19 3872.28 4008.00
P1406 0.15234975516796112 4007.11 3792.38 4012.82 3815.23 3987.20 3821.63 3981.49 3798.78
P1406 0.12952689826488495 4022.25 3758.78 4033.23 3781.36 4009.05 3793.12 3998.07 3770.53
P1494 0.20049133896827698 2106.15 1842.88 2078.09 1858.71 2026.34 1766.99 2054.40 1751.16
P1504 0.40345844626426697 899.12 849.11 882.78 856.10 871.45 829.62 887.79 822.63
P2602 0.11751139909029007 3182.46 2021.04 3228.45 2022.08 3227.24 2076.09 3181.25 2075.05
P2717 0.4568171203136444 1521.40 884.63 1545.41 901.25 1524.86 930.93 1500.86 914.31
P1772 0.07436718791723251 5641.67 1657.11 5630.37 1666.51 5620.97 1655.21 5632.27 1645.81
P2667 0.15126536786556244 195.40 1944.04 174.75 1944.49 174.11 1914.74 194.75 1914.29
P1415 0.378875195980072 1206.70 3599.68 1227.14 3624.06 1197.69 3648.75 1177.25 3624.37
P1415 0.26522669196128845 4509.70 3481.50 4456.48 3577.19 4355.69 3521.14 4408.90 3425.45
P1769 0.05632008984684944 2814.81 1710.25 2819.37 1726.42 2801.82 1731.37 2797.26 1715.20
P2498 0.08991716057062149 1365.68 1210.36 1338.79 1232.33 1310.15 1197.29 1337.04 1175.32
P2498 0.05043985694646835 1332.70 1588.34 1340.49 1615.82 1311.18 1624.14 1303.38 1596.65
P0836 0.1433190107345581 2561.87 1941.58 2465.51 2032.91 2308.00 1866.74 2404.36 1775.40
P0836 0.05618039891123772 2505.65 1965.91 2521.13 1988.89 2487.14 2011.78 2471.66 1988.80
P2487 0.06279037147760391 420.29 1872.41 429.27 1890.40 392.70 1908.64 383.73 1890.65
P1180 0.9045864939689636 2039.50 1647.15 2036.67 1666.45 2013.53 1663.06 2016.36 1643.75
P1180 0.5358569025993347 3118.12 758.84 3108.17 769.45 3095.11 757.21 3105.06 746.59
P1180 0.33923962712287903 1567.47 1817.03 1549.40 1834.37 1529.38 1813.52 1547.44 1796.18
P1180 0.11730221658945084 840.07 2726.18 850.98 2736.77 837.10 2751.07 826.19 2740.48
P1180 0.06530831009149551 774.44 2754.94 784.64 2766.13 761.25 2787.43 751.06 2776.23
P1180 0.058588724583387375 2116.07 1617.02 2149.13 1618.16 2147.55 1663.81 2114.49 1662.66
P1180 0.05393318459391594 724.08 2837.13 733.54 2846.94 711.42 2868.27 701.96 2858.46
P0034 0.42624330520629883 2575.62 671.06 2624.27 691.30 2600.18 749.21 2551.53 728.97
P0034 0.28007689118385315 3101.11 378.12 3078.27 390.64 3049.40 337.99 3072.24 325.47
P1461 0.5649710893630981 3985.72 1963.59 3884.25 2014.42 3819.53 1885.25 3921.00 1834.42
P2762 0.26665568351745605 1896.09 3375.29 1909.18 3383.78 1899.40 3398.86 1886.30 3390.37
P1379 0.22802262008190155 2800.65 3388.51 2796.09 3418.08 2755.16 3411.77 2759.72 3382.20
P1379 0.12703751027584076 252.72 2313.36 298.51 2335.36 274.41 2385.53 228.62 2363.53
P1379 0.11917059868574142 1752.51 3713.73 1840.25 3825.48 1705.09 3931.59 1617.35 3819.84
P2035 0.13009001314640045 16.42 512.58 -2.85 514.98 -5.55 493.26 13.72 490.87
P2035 0.07227162271738052 1630.24 1494.15 1626.26 1517.61 1600.23 1513.20 1604.21 1489.73
P1400 0.9977846741676331 4267.73 1866.25 4311.97 1868.47 4305.77 1992.28 4261.53 1990.06
P1400 0.9975982308387756 3668.66 1841.24 3715.14 1845.06 3704.78 1971.13 3658.30 1967.31
P1400 0.9974925518035889 4126.11 1983.22 4083.35 1984.19 4080.56 1861.33 4123.33 1860.36
P1400 0.9974542260169983 4081.25 1983.61 4038.73 1984.36 4036.54 1861.22 4079.06 1860.47
P1400 0.9972876310348511 4224.85 1866.93 4266.48 1869.21 4260.04 1987.05 4218.40 1984.77
P1400 0.997195839881897 4135.10 1860.84 4176.74 1865.03 4164.84 1983.40 4123.20 1979.21
P1400 0.9968453049659729 4177.08 1864.20 4220.58 1866.08 4215.33 1987.79 4171.83 1985.91
P1400 0.9967820644378662 3659.95 1968.04 3620.34 1968.46 3619.06 1847.16 3658.67 1846.74
P1400 0.9966333508491516 3803.55 1843.52 3852.52 1845.51 3847.06 1980.51 3798.09 1978.53
P1400 0.9962355494499207 3756.57 1968.09 3714.56 1968.68 3712.78 1843.31 3754.78 1842.71
P1400 0.9961612224578857 3900.94 1852.96 3944.37 1856.48 3934.32 1980.26 3890.89 1976.73
P1400 0.9956508278846741 3985.15 1982.31 3950.47 1983.34 3946.75 1858.03 3981.43 1857.00
P1400 0.9955215454101562 4035.28 1984.28 3994.27 1984.80 3992.66 1858.95 4033.67 1858.43
P1400 0.9955164790153503 3855.35 1844.31 3898.00 1848.08 3886.27 1980.62 3843.61 1976.85
P1400 0.995434582233429 3803.88 1971.75 3759.44 1972.58 3757.08 1846.36 3801.53 1845.54
P1400 0.9946533441543579 4354.52 1994.16 4313.28 1994.68 4311.73 1871.77 4352.97 1871.25
P1400 0.9939297437667847 2843.01 1813.44 2874.85 1814.53 2870.43 1943.02 2838.59 1941.92
P1400 0.9938380122184753 5039.66 1976.05 5072.70 1980.87 5056.04 2095.13 5023.00 2090.31
P1400 0.9912629127502441 2385.61 1804.71 2417.98 1806.53 2412.02 1912.86 2379.65 1911.05
P1400 0.9908779263496399 5010.05 1972.05 5036.66 1974.10 5027.69 2090.88 5001.08 2088.84
P1400 0.9885827302932739 3079.52 3515.98 3047.10 3518.52 3036.64 3384.99 3069.06 3382.45
P1400 0.9851915836334229 3266.05 3391.35 3228.79 3392.23 3225.81 3265.43 3263.07 3264.56
P1400 0.981674313545227 3836.60 3272.07 3874.22 3272.29 3873.35 3421.24 3835.73 3421.02
P1400 0.9771988391876221 3635.87 3409.61 3590.68 3410.43 3588.07 3265.98 3633.26 3265.17
P1400 0.9764686822891235 5174.92 1980.31 5205.09 1984.20 5191.61 2088.91 5161.44 2085.03
P1400 0.9727327823638916 2833.14 1972.90 2775.60 1973.69 2773.41 1814.25 2830.95 1813.46
P1400 0.9678140878677368 2795.97 3365.03 2838.61 3365.43 2837.11 3525.03 2794.47 3524.63
P1400 0.9613636136054993 3346.80 3272.50 3389.58 3272.65 3389.11 3406.24 3346.32 3406.09
P1400 0.9602048397064209 4421.80 1883.72 4461.31 1889.38 4445.08 2002.46 4405.58 1996.79
P1400 0.9597430229187012 3164.11 3388.39 3201.40 3389.40 3197.80 3521.64 3160.51 3520.62
P1400 0.958855390548706 3528.77 3408.32 3566.36 3409.67 3561.82 3535.98 3524.24 3534.63
P1400 0.9581299424171448 5141.08 1984.84 5170.41 1987.35 5162.78 2076.40 5133.45 2073.89
P1400 0.9473699927330017 2711.04 1813.80 2769.62 1814.35 2767.99 1985.97 2709.41 1985.41
P1400 0.9458210468292236 3285.49 3397.80 3316.51 3397.88 3316.20 3525.10 3285.17 3525.03
P1400 0.9399023652076721 2539.51 3378.91 2490.88 3378.92 2490.87 3240.22 2539.49 3240.22
P1400 0.9305322766304016 6086.24 2618.12 6044.90 2652.21 5953.38 2541.25 5994.72 2507.15
P1400 0.9295076727867126 4092.19 1655.51 4022.50 1657.90 4016.94 1495.32 4086.63 1492.93
P1400 0.9290335178375244 3145.78 3825.59 3195.52 3827.01 3191.40 3971.32 3141.66 3969.90
P1400 0.9245880246162415 4702.73 1456.67 4668.60 1532.67 4351.58 1390.31 4385.71 1314.31
P1400 0.9239642024040222 2980.68 3249.72 3027.31 3250.57 3024.76 3390.05 2978.13 3389.20
P1400 0.913658857345581 3215.59 3694.49 3257.19 3695.94 3252.34 3834.98 3210.75 3833.53
P1400 0.9132094979286194 5611.22 2073.68 5630.82 2106.05 5550.70 2154.57 5531.10 2122.20
P1400 0.8994361162185669 2894.68 1902.81 2871.58 1903.59 2868.80 1820.76 2891.90 1819.99
P1400 0.8980144262313843 2776.87 3380.49 2731.01 3380.80 2730.17 3252.58 2776.02 3252.28
P1400 0.8941013216972351 2857.74 2611.81 2909.34 2613.75 2904.22 2750.20 2852.61 2748.26
P1400 0.8875462412834167 2611.29 3245.40 2660.47 3245.63 2659.85 3375.63 2610.67 3375.40
P1400 0.8837099671363831 1453.05 983.93 1513.77 987.48 1505.06 1136.42 1444.34 1132.87
P1400 0.8783212304115295 3177.80 2623.99 3232.37 2625.46 3228.35 2774.19 3173.78 2772.72
P1400 0.8758874535560608 5706.08 2974.38 5668.60 3007.73 5589.83 2919.20 5627.31 2885.85
P1400 0.8524248600006104 4567.64 2303.77 4534.44 2310.82 4518.25 2234.55 4551.45 2227.51
P1400 0.8468249440193176 2971.62 3689.67 3017.66 3692.62 3008.32 3838.51 2962.28 3835.56
P1400 0.8368067741394043 3760.34 3412.60 3707.28 3414.01 3703.76 3282.13 3756.83 3280.72
P1400 0.81952965259552 3340.83 2624.34 3396.82 2628.67 3386.31 2764.40 3330.32 2760.07
P1400 0.8002498745918274 393.92 569.09 450.23 573.95 438.72 707.13 382.41 702.26
P1400 0.7947362661361694 2912.81 3380.63 2960.26 3381.81 2956.79 3521.06 2909.33 3519.88
P1400 0.7760829925537109 5069.01 1979.51 5103.85 1983.23 5091.92 2095.06 5057.07 2091.34
P1400 0.7659822702407837 5108.59 1987.01 5135.70 1988.83 5130.44 2067.38 5103.33 2065.57
P1400 0.7002816796302795 3264.03 3828.55 3319.93 3829.76 3316.67 3979.23 3260.78 3978.02
P1400 0.6785256266593933 1772.31 2623.59 1740.49 2627.60 1723.05 2488.95 1754.87 2484.95
P1400 0.6525900959968567 2573.99 705.01 2634.26 709.35 2625.27 834.03 2565.00 829.68
P1400 0.6509946584701538 4652.91 378.62 4636.29 446.55 4355.42 377.83 4372.03 309.91
P1400 0.6336647272109985 4720.52 370.04 4697.05 476.93 4326.46 395.55 4349.93 288.66
P1400 0.629143476486206 4636.93 403.80 4650.46 475.79 4370.86 528.33 4357.34 456.34
P1400 0.6152040958404541 4645.93 314.67 4616.12 389.77 4350.83 284.48 4380.64 209.37
P1400 0.6150978803634644 5888.47 2436.29 5841.32 2468.51 5762.51 2353.18 5809.66 2320.96
P1400 0.547575831413269 5793.70 2080.91 5808.90 2100.26 5771.23 2129.85 5756.03 2110.51
P1400 0.5309115648269653 5856.32 2099.15 5874.95 2123.51 5802.95 2178.58 5784.32 2154.23
P1400 0.5128427743911743 5756.74 526.58 5754.73 560.15 5647.19 553.72 5649.20 520.15
P1400 0.5124940276145935 5075.34 1979.05 5104.73 1981.47 5098.62 2055.79 5069.23 2053.37
P1400 0.5060088634490967 1736.25 2589.89 1702.13 2590.51 1700.27 2488.41 1734.39 2487.78
P1400 0.5047434568405151 2807.56 419.55 2876.02 420.81 2873.07 580.63 2804.62 579.37
P1400 0.5039554834365845 2969.49 1825.43 2964.26 1858.48 2871.89 1843.88 2877.11 1810.83
P1400 0.4921617805957794 679.43 1362.78 729.58 1369.78 713.09 1487.89 662.95 1480.89
P1400 0.47663164138793945 671.54 1322.51 747.63 1332.35 727.11 1491.03 651.02 1481.20
P1400 0.476301908493042 5958.44 500.28 5910.64 580.37 5674.78 439.60 5722.58 359.51
P1400 0.46228310465812683 1420.54 328.41 1450.43 330.20 1446.34 398.50 1416.46 396.71
P1400 0.4556291699409485 3839.59 1745.79 3864.50 1789.49 3759.11 1849.56 3734.20 1805.86
P1400 0.41602519154548645 6063.78 591.47 6063.37 630.00 5948.40 628.77 5948.82 590.24
P1400 0.3967146575450897 4811.96 3797.27 4790.05 3816.63 4716.31 3733.22 4738.21 3713.86
P1400 0.37047460675239563 3314.34 3519.34 3288.06 3519.63 3287.28 3449.33 3313.56 3449.04
P1400 0.34998220205307007 3458.80 3270.44 3528.91 3272.13 3525.53 3411.54 3455.42 3409.84
P1400 0.3370268642902374 4760.30 3838.92 4738.43 3857.25 4667.34 3772.48 4689.21 3754.14
P1400 0.32816702127456665 4736.60 3857.99 4715.75 3875.31 4646.19 3791.57 4667.05 3774.25
P1400 0.3124670684337616 1262.23 393.67 1235.53 397.73 1225.68 333.08 1252.37 329.01
P1400 0.3100818395614624 3075.46 3511.59 3051.75 3514.31 3042.92 3437.37 3066.62 3434.65
P1400 0.3043919801712036 4834.77 3779.13 4814.06 3796.15 4743.08 3709.78 4763.79 3692.76
P1400 0.30114424228668213 4881.68 3738.60 4859.98 3757.84 4785.72 3674.09 4807.43 3654.85
P1400 0.29527056217193604 4856.68 3758.20 4835.91 3775.63 4764.90 3691.06 4785.66 3673.62
P1400 0.28907498717308044 4906.80 3718.01 4885.52 3737.88 4809.43 3656.43 4830.71 3636.55
P1400 0.2867928445339203 4787.98 3818.51 4764.94 3838.23 4692.53 3753.64 4715.57 3733.92
P1400 0.27940303087234497 2707.49 3503.44 2687.95 3504.70 2684.28 3447.85 2703.82 3446.59
P1400 0.27172619104385376 3894.42 1512.06 3973.17 1514.60 3968.35 1664.07 3889.61 1661.53
P1400 0.26787084341049194 5804.52 2098.08 5816.72 2112.32 5782.74 2141.43 5770.54 2127.19
P1400 0.24089425802230835 4717.29 2912.90 4695.20 2936.22 4636.86 2880.96 4658.95 2857.64
P1400 0.2235182821750641 5583.94 2048.31 5598.95 2072.57 5530.59 2114.85 5515.59 2090.59
P1400 0.2192869633436203 5744.37 559.06 5743.32 585.94 5656.25 582.55 5657.30 555.67
P1400 0.21893244981765747 4673.36 1478.31 4657.41 1577.73 4302.97 1520.88 4318.92 1421.46
P1400 0.164210245013237 3839.23 1455.05 3914.49 1458.93 3905.50 1633.39 3830.24 1629.51
P1400 0.1539856344461441 3618.75 2970.87 3665.15 2977.47 3649.37 3088.56 3602.97 3081.97
P1400 0.15379977226257324 4212.18 2978.04 4265.01 2981.65 4257.40 3093.05 4204.57 3089.44
P1400 0.15343989431858063 1839.64 423.69 1791.52 425.88 1787.40 335.65 1835.53 333.45
P1400 0.14951495826244354 4744.33 696.67 4748.09 731.22 4623.60 744.76 4619.85 710.21
P1400 0.13805553317070007 4685.26 1444.40 4725.44 1598.00 4356.33 1694.53 4316.16 1540.93
P1400 0.1350034922361374 1143.46 1511.29 1075.61 1511.62 1074.90 1367.31 1142.75 1366.97
P1400 0.13457463681697845 4121.23 3108.60 4081.26 3109.58 4078.54 2998.36 4118.51 2997.38
P1400 0.10689631849527359 4717.08 3874.17 4695.67 3893.40 4623.83 3813.41 4645.24 3794.18
P1400 0.1038152277469635 3952.46 1466.86 4036.11 1467.37 4035.07 1636.85 3951.41 1636.34
P1400 0.10284744203090668 5790.85 1906.19 5803.39 1922.34 5760.11 1955.96 5747.57 1939.81
P1400 0.10245811939239502 5630.97 2107.63 5666.90 2156.81 5594.79 2209.49 5558.86 2160.31
P1400 0.09653038531541824 2476.22 1887.62 2475.67 1914.09 2420.28 1912.94 2420.83 1886.47
P1400 0.09390296041965485 6021.96 2673.37 5968.69 2710.94 5905.79 2621.78 5959.06 2584.21
P1400 0.09268249571323395 5820.88 2109.41 5830.09 2121.90 5789.27 2152.00 5780.06 2139.50
P1400 0.0910743921995163 5846.84 2083.87 5858.68 2098.76 5826.05 2124.69 5814.21 2109.80
P1400 0.0898377075791359 2542.67 401.72 2624.47 404.77 2618.69 560.18 2536.88 557.13
P1400 0.08961400389671326 5971.27 2112.31 5957.40 2123.79 5930.05 2090.72 5943.92 2079.24
P1400 0.08546356111764908 3535.32 3440.03 3560.00 3441.86 3553.49 3529.44 3528.81 3527.60
P1400 0.08469914644956589 814.69 1362.88 879.23 1370.33 864.33 1499.45 799.79 1492.00
P1400 0.0842379629611969 4076.35 3083.74 4024.78 3083.86 4024.55 2980.75 4076.12 2980.64
P1400 0.07723891735076904 4799.59 2907.12 4776.57 2927.62 4688.68 2828.91 4711.70 2808.41
P1400 0.07697352021932602 500.87 277.07 521.10 282.15 508.45 332.50 488.22 327.41
P1400 0.07618401944637299 5465.74 529.90 5554.37 858.59 5167.55 962.90 5078.91 634.21
P1400 0.07386172562837601 3308.39 438.15 3388.96 444.57 3377.28 591.06 3296.72 584.64
P1400 0.07189889252185822 4771.38 2923.45 4749.60 2943.90 4663.69 2852.41 4685.48 2831.96
P1400 0.06537175178527832 5767.85 1868.36 5780.38 1882.62 5734.60 1922.82 5722.07 1908.56
P1400 0.0645255371928215 1884.83 321.83 1947.16 326.59 1939.27 429.93 1876.93 425.17
P1400 0.0643872395157814 4830.65 2890.25 4806.85 2911.40 4710.61 2803.15 4734.41 2781.99
P1400 0.06390790641307831 5296.79 514.21 5296.79 550.13 5197.05 550.12 5197.05 514.20
P1400 0.058276593685150146 4578.37 2316.78 4522.87 2322.15 4513.73 2227.63 4569.24 2222.26
P1400 0.05769730731844902 5676.36 2172.36 5687.91 2188.13 5653.11 2213.62 5641.56 2197.86
P1400 0.05641256272792816 1691.83 985.20 1778.11 989.84 1770.15 1137.67 1683.86 1133.03
P1400 0.054355841130018234 5544.63 1065.52 5515.54 1430.40 5126.08 1399.35 5155.17 1034.47
P1400 0.05253306403756142 5818.60 2118.68 5826.75 2131.91 5791.00 2153.91 5782.86 2140.68
P1400 0.052144281566143036 1270.68 311.39 1321.39 316.97 1311.05 410.80 1260.35 405.21
P1400 0.05013568326830864 4708.86 1030.91 4704.94 1051.56 4648.67 1040.88 4652.59 1020.23
P2749 0.226689413189888 1980.16 1800.05 1932.76 1810.22 1921.15 1756.09 1968.55 1745.92
P2749 0.08386677503585815 5460.50 2073.18 5378.06 2092.26 5351.90 1979.27 5434.34 1960.19
P2749 0.06946669518947601 2604.88 1739.38 2538.00 1765.87 2504.13 1680.34 2571.00 1653.85
P2174 0.08059097826480865 464.64 430.65 452.13 447.38 432.18 432.46 444.69 415.73
P0051 0.1810855269432068 2740.03 2147.36 2717.35 2153.05 2707.51 2113.86 2730.19 2108.17
P0051 0.09603260457515717 2352.49 4586.10 2328.63 4591.80 2320.88 4559.42 2344.75 4553.71
P1417 0.5182724595069885 2176.99 1422.26 2155.64 1459.53 2063.92 1406.99 2085.27 1369.72
P1417 0.1610838919878006 2924.20 2277.88 2981.87 2324.92 2903.23 2421.36 2845.55 2374.33
P1417 0.12646225094795227 3437.31 576.20 3484.54 603.36 3406.86 738.42 3359.63 711.26
P0274 0.1739472597837448 784.81 338.44 813.11 342.95 800.14 424.27 771.84 419.76
P0274 0.16008257865905762 810.30 356.29 836.56 357.98 832.71 417.84 806.44 416.15
P2212 0.20673754811286926 1691.92 612.70 1691.43 632.33 1670.65 631.81 1671.14 612.18
P2212 0.10017168521881104 1024.74 607.76 1030.10 625.25 1005.84 632.67 1000.48 615.19
P1694 0.08480889350175858 1727.81 1625.66 1723.53 1661.34 1687.25 1656.98 1691.54 1621.30
P1425 0.1959039717912674 711.10 2073.20 746.41 2119.38 571.86 2252.82 536.56 2206.65
P1503 0.872597873210907 1103.63 1612.71 1061.11 1631.69 1040.44 1585.36 1082.96 1566.39
P1503 0.33052879571914673 313.33 2112.45 274.81 2135.18 230.92 2060.80 269.44 2038.07
P1503 0.1644754856824875 456.63 458.20 466.32 486.59 427.57 499.82 417.88 471.43
P1870 0.16543897986412048 1972.92 2575.81 1974.33 2593.29 1950.93 2595.17 1949.53 2577.69
P1870 0.10507658869028091 5392.52 627.09 5400.54 656.27 5370.92 664.41 5362.90 635.23
P1870 0.10043374449014664 1989.74 2615.01 1970.54 2622.96 1962.34 2603.17 1981.55 2595.22
P1870 0.09769294410943985 3661.83 2046.42 3647.83 2054.12 3639.62 2039.19 3653.62 2031.49
P1870 0.05711255967617035 5324.36 919.58 5283.91 945.06 5257.36 902.90 5297.81 877.42
P1870 0.0502772256731987 4851.08 1260.80 4835.96 1266.64 4829.41 1249.69 4844.52 1243.84
P0866 0.15145151317119598 634.16 97.60 686.35 124.88 652.15 190.28 599.96 163.00
P1500 0.6451858878135681 3565.64 2669.63 3500.83 2707.47 3461.45 2640.01 3526.25 2602.17
P1500 0.27447080612182617 3660.79 2899.19 3631.86 2926.27 3596.04 2888.00 3624.98 2860.92
P1500 0.17773620784282684 3030.36 1253.05 2969.13 1299.92 2882.52 1186.76 2943.75 1139.89
P1500 0.06638643890619278 3771.22 2853.31 3729.05 2881.69 3694.78 2830.75 3736.95 2802.38
P2698 0.18222035467624664 2887.10 1170.02 2890.06 1198.21 2850.22 1202.40 2847.26 1174.21
P2635 0.5309597253799438 3278.19 1588.82 3306.77 1591.70 3300.23 1656.84 3271.65 1653.97
P2635 0.479027658700943 2417.85 1136.93 2458.10 1284.69 2293.37 1329.56 2253.12 1181.80
P2635 0.4043780267238617 3347.91 1435.18 3373.86 1435.85 3372.06 1505.83 3346.11 1505.16
P2635 0.20412959158420563 2191.19 1134.93 2214.46 1136.42 2210.28 1201.62 2187.02 1200.13
P2635 0.18563984334468842 2448.42 1211.50 2437.60 1248.23 2352.83 1223.26 2363.66 1186.52
P2635 0.12901495397090912 2472.05 1239.00 2452.83 1323.33 2184.29 1262.12 2203.51 1177.79
P2635 0.09848339110612869 2447.74 1288.11 2404.00 1336.63 2300.34 1243.19 2344.08 1194.67
P2635 0.09506332129240036 2189.01 1128.40 2219.70 1131.66 2205.58 1264.61 2174.89 1261.35
P2635 0.0824941098690033 2832.66 1379.65 2807.05 1381.05 2803.89 1323.20 2829.50 1321.80
P2069 0.1950976401567459 653.25 902.25 669.28 918.48 611.17 975.90 595.13 959.68
P2596 0.05963907018303871 438.54 524.70 458.60 634.56 275.01 668.09 254.94 558.24
P1865 0.09170711785554886 525.21 5341.17 495.03 5342.41 491.06 5245.96 521.24 5244.72
P1523 0.12359011918306351 3274.43 982.64 3271.31 1010.81 3241.46 1007.50 3244.59 979.33
P1175 0.3746420741081238 2219.81 2681.13 2222.01 2701.19 2200.51 2703.54 2198.31 2683.48
P1175 0.07285410910844803 1861.39 2859.95 1850.06 2877.20 1829.33 2863.58 1840.66 2846.33
P1175 0.07041633129119873 2305.46 2318.32 2362.02 2344.79 2329.15 2415.02 2272.59 2388.55
P0137 0.9310468435287476 3653.20 1242.82 3639.33 1276.62 3590.58 1256.62 3604.45 1222.82
P0137 0.7621567249298096 3990.03 1354.26 3972.13 1383.07 3941.59 1364.10 3959.49 1335.29
P0137 0.7577828764915466 4446.86 1088.73 4475.03 1106.45 4445.46 1153.48 4417.28 1135.77
P0137 0.2293296456336975 3081.36 2658.15 3093.90 2659.26 3092.68 2672.98 3080.14 2671.86
P0137 0.09069593250751495 3691.71 2085.26 3701.29 2107.68 3672.26 2120.09 3662.68 2097.67
P0137 0.05964163690805435 4674.23 3244.39 4687.44 3248.58 4681.35 3267.74 4668.15 3263.55
P0680 0.2827061712741852 2010.42 712.32 1993.32 729.75 1969.31 706.20 1986.41 688.76
P2679 0.12540587782859802 2709.55 1642.70 2719.67 1647.82 2712.73 1661.52 2702.62 1656.39
P2679 0.07279354333877563 1002.23 2083.54 1021.07 2091.11 1008.51 2122.36 989.68 2114.79
P1123 0.5533685684204102 2926.48 273.09 2964.45 377.04 2852.80 417.82 2814.83 313.87
P1123 0.09573626518249512 6753.10 136.33 6759.20 183.21 6607.33 202.96 6601.23 156.08
P1123 0.07585597038269043 481.70 559.27 491.59 613.25 299.94 648.38 290.05 594.40
P1177 0.9967013001441956 683.88 879.80 584.57 929.09 528.93 816.97 628.24 767.68
P1177 0.9961270689964294 1252.27 784.61 1157.22 863.31 1072.09 760.48 1167.14 681.79
P1177 0.9960227012634277 1527.02 741.17 1425.40 821.98 1344.47 720.22 1446.10 639.41
P1177 0.99542635679245 932.32 858.96 824.41 895.56 779.89 764.29 887.79 727.69
P1177 0.9953182339668274 1368.54 802.89 1262.17 831.99 1224.53 694.44 1330.90 665.34
P1177 0.9948596954345703 325.08 803.26 427.04 871.19 354.09 980.68 252.13 912.75
P1177 0.9947090148925781 1085.10 839.76 982.01 877.76 932.93 744.64 1036.02 706.64
P1177 0.991709291934967 539.50 930.03 425.55 946.05 406.76 812.48 520.71 796.45
P1177 0.991363525390625 2067.75 1229.86 1946.92 1254.31 1914.53 1094.25 2035.36 1069.80
P1177 0.9909664392471313 1899.72 1252.43 1788.03 1268.14 1766.22 1113.03 1877.91 1097.33
P1177 0.5163885951042175 4946.42 176.24 4982.63 348.85 4805.82 385.94 4769.62 213.32
P1177 0.4340703785419464 4369.82 865.42 4424.55 1035.40 4242.91 1093.89 4188.18 923.90
P1177 0.43004167079925537 5453.41 72.47 5483.26 253.69 5296.43 284.47 5266.58 103.24
P1177 0.4204501509666443 2548.95 715.40 2437.74 729.31 2417.63 568.51 2528.84 554.60
P1177 0.37290266156196594 5255.49 122.66 5281.52 304.57 5092.58 331.61 5066.55 149.70
P1177 0.34372398257255554 4244.85 437.35 4166.18 456.85 4137.03 339.29 4215.71 319.78
P1177 0.30657052993774414 2871.04 633.13 2656.93 665.38 2622.62 437.60 2836.72 405.34
P1177 0.2986873388290405 4650.18 400.74 4481.77 421.40 4457.58 224.20 4625.99 203.54
P1177 0.2955150008201599 3405.83 371.33 3404.50 582.15 3188.70 580.78 3190.04 369.96
P1177 0.2896400988101959 3113.28 621.71 3025.30 637.86 3005.02 527.42 3093.01 511.27
P1177 0.26492422819137573 3193.04 740.09 2976.08 762.96 2952.20 536.35 3169.16 513.48
P1177 0.2205996960401535 3569.91 1191.52 3355.00 1220.06 3325.90 1000.92 3540.82 972.38
P1177 0.1884123980998993 2371.23 688.69 2272.06 694.30 2264.45 559.80 2363.63 554.19
P1177 0.13957449793815613 3680.95 511.59 3594.94 522.38 3582.43 422.61 3668.44 411.83
P1177 0.13933128118515015 2789.28 512.74 2692.16 545.78 2658.50 446.86 2755.63 413.82
P1177 0.1005484089255333 4109.80 958.76 3963.61 976.15 3943.08 803.56 4089.27 786.18
P1177 0.0791119635105133 3921.48 499.85 3845.25 517.75 3819.38 407.54 3895.61 389.64
P0239 0.07264367491006851 194.71 1008.10 182.51 1009.38 180.48 990.11 192.69 988.82
P2535 0.13967567682266235 906.60 1795.79 909.01 1822.89 873.42 1826.05 871.01 1798.95
P0877 0.22932106256484985 472.71 355.82 476.17 383.37 431.66 388.96 428.20 361.41
P0935 0.07571035623550415 1575.90 359.42 1608.94 367.62 1598.57 409.38 1565.53 401.18
P1436 0.19629783928394318 3525.12 1263.10 3468.10 1276.37 3453.48 1213.56 3510.50 1200.29
P1436 0.058900028467178345 2092.71 2613.04 2026.47 2617.08 2022.38 2550.09 2088.62 2546.05
P1436 0.05651882663369179 3215.98 737.78 3215.21 828.02 3111.69 827.13 3112.47 736.89
P1901 0.05620351433753967 890.82 623.18 890.07 656.96 795.50 654.84 796.26 621.06
P0901 0.21350231766700745 199.51 2016.53 216.61 2052.98 147.11 2085.59 130.01 2049.14
P0247 0.06090868264436722 474.20 1160.76 437.08 1199.86 384.01 1149.46 421.13 1110.36
P0017 0.11646632850170135 700.65 404.41 714.64 424.25 669.47 456.10 655.48 436.26
P2760 0.060055624693632126 1369.90 1591.81 1349.95 1606.30 1331.88 1581.43 1351.83 1566.94
P2441 0.2381058633327484 872.60 1394.46 878.31 1408.30 864.24 1414.11 858.53 1400.26
P1372 0.059136100113391876 2971.53 3517.65 2979.27 3555.11 2928.41 3565.61 2920.67 3528.15
P2683 0.05419212207198143 2256.60 2597.35 2275.15 2614.40 2253.72 2637.71 2235.17 2620.66
P1320 0.0626981109380722 2526.46 3511.84 2529.62 3535.29 2504.42 3538.68 2501.27 3515.23
P1422 0.07114937156438828 3132.85 3354.59 3071.26 3422.45 2913.28 3279.04 2974.88 3211.19
P0916 0.08295700699090958 1832.27 348.85 1844.35 367.46 1820.71 382.80 1808.63 364.19
P1411 0.35880789160728455 1791.05 3065.73 1791.25 3098.79 1753.24 3099.02 1753.04 3065.96
P0033 0.10418499261140823 910.69 637.41 942.57 673.16 906.31 705.49 874.43 669.73
P0033 0.08788447827100754 757.78 878.57 783.17 936.48 707.99 969.44 682.60 911.53
P2119 0.06860748678445816 1262.66 810.93 1265.86 846.79 1201.05 852.59 1197.84 816.73
P2643 0.17108678817749023 2020.13 2929.14 2011.21 2939.52 1998.30 2928.43 2007.21 2918.05
P2643 0.11554054915904999 1130.69 1654.55 1152.95 1675.02 1131.00 1698.89 1108.74 1678.43
P2643 0.08172817528247833 2548.94 2625.31 2562.83 2638.59 2547.97 2654.13 2534.09 2640.85
P2643 0.06884825974702835 2131.35 1686.33 2147.56 1686.59 2147.20 1709.17 2130.99 1708.91
P2643 0.06838002055883408 4109.95 2796.37 4090.55 2815.44 4070.19 2794.73 4089.59 2775.66
P2643 0.050118643790483475 1924.65 2840.26 1912.64 2856.17 1890.23 2839.25 1902.24 2823.34
P2643 0.05008167773485184 2085.13 1910.66 2074.47 1921.89 2055.85 1904.20 2066.51 1892.97
P2229 0.05578433722257614 4163.07 754.97 4181.32 781.71 4153.27 800.86 4135.02 774.12
P1477 0.05602177232503891 996.04 1943.94 1001.15 1969.19 955.61 1978.42 950.49 1953.17
P1664 0.1508573740720749 975.17 1398.34 958.81 1446.70 900.87 1427.11 917.23 1378.74
P1402 0.9093286991119385 1606.00 1163.42 1607.77 1180.69 1589.53 1182.56 1587.76 1165.29
P1402 0.8151533007621765 1558.15 749.43 1542.09 751.86 1539.66 735.74 1555.72 733.32
P1402 0.7647283673286438 1559.04 841.76 1541.04 844.00 1538.30 822.01 1556.30 819.77
P1402 0.7589114308357239 3572.56 3206.46 3582.84 3207.36 3580.84 3230.22 3570.56 3229.32
P1402 0.7281637191772461 3594.68 3129.14 3581.50 3130.07 3579.67 3104.21 3592.86 3103.28
P1402 0.63252192735672 1604.22 999.77 1604.33 1016.33 1582.47 1016.47 1582.36 999.92
P1402 0.6046975255012512 3568.96 3230.62 3559.92 3230.65 3559.83 3202.99 3568.87 3202.96
P1402 0.5485374331474304 1596.37 507.59 1575.64 508.27 1574.96 487.41 1595.70 486.74
P1402 0.5374168157577515 1458.51 1046.16 1469.66 1058.06 1453.62 1073.09 1442.47 1061.18
P1402 0.4876191318035126 3583.00 3129.10 3570.84 3129.68 3569.56 3103.02 3581.71 3102.44
P1402 0.468758225440979 3605.48 3206.72 3614.64 3206.99 3613.95 3230.97 3604.79 3230.70
P1402 0.4648747742176056 1835.58 3843.05 1838.63 3855.95 1810.67 3862.57 1807.61 3849.66
P1402 0.4625124931335449 3524.36 3196.84 3537.42 3197.33 3536.22 3228.93 3523.16 3228.44
P1402 0.4370613098144531 3558.18 3230.27 3549.11 3230.31 3549.00 3204.34 3558.07 3204.30
P1402 0.43133702874183655 1595.64 1116.03 1582.39 1116.35 1581.90 1096.51 1595.15 1096.18
P1402 0.4008934497833252 3438.00 3301.61 3437.33 3319.00 3411.91 3318.02 3412.58 3300.63
P1402 0.3799397051334381 3626.66 3127.22 3615.65 3127.37 3615.41 3109.81 3626.42 3109.66
P1402 0.37182578444480896 3571.87 3128.81 3558.95 3128.88 3558.81 3103.74 3571.73 3103.67
P1402 0.36995601654052734 3605.82 3128.86 3592.62 3129.66 3591.13 3105.05 3604.33 3104.25
P1402 0.36312440037727356 1594.25 674.44 1596.20 691.79 1577.60 693.88 1575.65 676.52
P1402 0.34803473949432373 3616.33 3128.88 3603.43 3129.77 3601.64 3103.59 3614.54 3102.71
P1402 0.34238967299461365 3627.17 3207.87 3637.30 3208.54 3635.77 3231.69 3625.64 3231.02
P1402 0.3350166082382202 1931.64 3901.59 1918.61 3920.17 1878.72 3892.21 1891.75 3873.63
P1402 0.33038368821144104 3515.06 3103.82 3527.87 3104.23 3527.13 3126.97 3514.33 3126.55
P1402 0.3246711790561676 2934.56 1397.06 2935.81 1405.30 2913.79 1408.64 2912.54 1400.39
P1402 0.30947229266166687 1112.65 1275.84 1102.36 1287.10 1089.52 1275.37 1099.80 1264.11
P1402 0.278278112411499 3593.31 3204.73 3603.08 3205.26 3601.62 3232.17 3591.84 3231.64
P1402 0.27819573879241943 1650.81 3584.85 1634.69 3595.51 1611.97 3561.13 1628.10 3550.47
P1402 0.2672128975391388 3637.44 3127.78 3625.39 3129.18 3622.56 3104.92 3634.61 3103.52
P1402 0.26401081681251526 3978.00 2422.28 3976.46 2442.61 3935.35 2439.50 3936.89 2419.17
P1402 0.2637844681739807 1897.43 504.52 1880.98 506.98 1877.99 487.01 1894.44 484.55
P1402 0.25770410895347595 3526.49 3107.27 3538.68 3107.34 3538.58 3126.28 3526.39 3126.21
P1402 0.25584158301353455 1593.58 1496.63 1575.52 1507.71 1564.09 1489.09 1582.15 1478.01
P1402 0.2494640350341797 1604.24 1023.59 1602.96 1037.69 1584.01 1035.97 1585.29 1021.88
P1402 0.24584877490997314 3865.58 3025.08 3863.50 3045.36 3815.32 3040.41 3817.41 3020.13
P1402 0.2390504777431488 1656.65 3623.45 1660.31 3649.47 1616.88 3655.58 1613.23 3629.55
P1402 0.23718273639678955 1704.66 3712.68 1677.89 3726.27 1662.81 3696.56 1689.58 3682.97
P1402 0.23716787993907928 3956.13 2502.20 3940.66 2520.35 3918.16 2501.16 3933.63 2483.02
P1402 0.21862097084522247 3376.79 3002.96 3386.67 3003.31 3385.82 3027.90 3375.94 3027.56
P1402 0.21632163226604462 3464.39 3108.01 3464.40 3122.56 3438.19 3122.58 3438.18 3108.04
P1402 0.2125120908021927 3942.08 2968.75 3940.75 3014.04 3793.50 3009.71 3794.84 2964.42
P1402 0.20944325625896454 3657.50 3454.10 3667.62 3455.45 3664.40 3479.48 3654.29 3478.13
P1402 0.20940490067005157 3483.07 3105.60 3493.88 3105.74 3493.64 3125.38 3482.82 3125.24
P1402 0.2080616056919098 3979.59 3021.88 3980.35 3046.84 3943.91 3047.96 3943.14 3023.00
P1402 0.19936254620552063 3600.24 3036.44 3597.56 3061.59 3468.25 3047.78 3470.94 3022.63
P1402 0.19839079678058624 1912.72 503.99 1900.09 505.27 1898.18 486.42 1910.81 485.14
P1402 0.1975221037864685 1892.52 3899.28 1884.44 3921.78 1853.33 3910.61 1861.41 3888.12
P1402 0.1930355280637741 3659.13 3109.65 3671.30 3109.81 3671.05 3128.97 3658.88 3128.81
P1402 0.1921234428882599 1707.94 3649.63 1711.37 3675.53 1650.64 3683.56 1647.22 3657.66
P1402 0.18692055344581604 3647.36 3232.70 3637.99 3232.85 3637.58 3208.33 3646.95 3208.18
P1402 0.18441005051136017 3571.42 3109.86 3571.00 3123.85 3553.40 3123.32 3553.82 3109.33
P1402 0.1799122840166092 3924.71 3025.56 3923.27 3046.00 3884.14 3043.25 3885.58 3022.82
P1402 0.17890743911266327 1643.57 3573.96 1647.90 3593.43 1615.82 3600.56 1611.49 3581.09
P1402 0.1774992048740387 3861.82 3194.62 3875.41 3196.72 3872.24 3217.27 3858.65 3215.17
P1402 0.17594674229621887 3596.02 3105.32 3612.82 3106.89 3610.87 3127.77 3594.07 3126.20
P1402 0.17153020203113556 3949.69 2981.13 3951.22 3006.42 3894.49 3009.84 3892.96 2984.55
P1402 0.16322144865989685 1914.57 3889.50 1899.71 3905.26 1877.69 3884.49 1892.54 3868.74
P1402 0.1631070226430893 3775.82 2404.56 3791.88 2405.32 3790.78 2428.55 3774.72 2427.79
P1402 0.15702089667320251 3652.90 3481.61 3643.87 3481.62 3643.86 3455.42 3652.89 3455.42
P1402 0.15360413491725922 3858.22 2957.30 3830.65 2960.40 3826.57 2924.13 3854.14 2921.03
P1402 0.14054322242736816 1875.34 505.14 1863.05 506.55 1860.84 487.19 1873.12 485.78
P1402 0.13935880362987518 1668.17 3693.46 1668.73 3719.03 1619.31 3720.11 1618.75 3694.53
P1402 0.13715045154094696 3494.14 3106.45 3505.44 3106.50 3505.36 3125.76 3494.06 3125.71
P1402 0.13692207634449005 2469.07 2631.96 2447.76 2656.12 2421.58 2633.03 2442.89 2608.87
P1402 0.13569554686546326 3786.90 3140.78 3777.30 3141.21 3776.56 3124.57 3786.17 3124.15
P1402 0.13513782620429993 3847.97 3214.43 3834.32 3215.72 3831.92 3190.50 3845.57 3189.20
P1402 0.13488349318504333 3445.29 3204.01 3456.89 3205.59 3454.55 3222.74 3442.96 3221.16
P1402 0.13361532986164093 3549.19 3122.85 3538.09 3123.75 3536.99 3110.04 3548.09 3109.15
P1402 0.12942330539226532 3550.93 3123.43 3531.08 3130.52 3521.79 3104.53 3541.64 3097.44
P1402 0.1284184455871582 1919.41 926.65 1918.63 937.44 1887.90 935.19 1888.69 924.40
P1402 0.1275113821029663 3670.99 3408.48 3685.65 3410.59 3681.48 3439.61 3666.82 3437.50
P1402 0.1259477585554123 3534.14 3267.06 3550.96 3267.73 3550.13 3288.82 3533.31 3288.15
P1402 0.12363559752702713 1554.60 1152.83 1541.39 1153.08 1541.14 1139.37 1554.34 1139.13
P1402 0.12083197385072708 3449.44 3103.02 3461.83 3103.04 3461.80 3123.85 3449.41 3123.84
P1402 0.1190590187907219 2937.48 1412.25 2939.69 1422.22 2915.51 1427.59 2913.29 1417.61
P1402 0.11737679690122604 1734.50 3704.72 1722.78 3720.53 1694.70 3699.71 1706.43 3683.90
P1402 0.11572526395320892 3484.62 3304.20 3483.75 3319.90 3453.60 3318.23 3454.47 3302.53
P1402 0.11174586415290833 457.26 3679.64 445.90 3692.82 421.55 3671.82 432.91 3658.64
P1402 0.10726318508386612 3779.90 3186.04 3780.23 3201.39 3746.86 3202.10 3746.54 3186.75
P1402 0.10625578463077545 1644.98 3566.18 1638.75 3575.26 1618.06 3561.06 1624.29 3551.98
P1402 0.10506194829940796 3586.44 3043.27 3570.85 3092.22 3457.95 3056.26 3473.54 3007.32
P1402 0.10345549881458282 2105.94 2308.75 2097.42 2333.46 2049.07 2316.79 2057.59 2292.08
P1402 0.10243218392133713 3634.12 3119.49 3621.96 3119.55 3621.88 3101.12 3634.05 3101.07
P1402 0.10207284241914749 2924.88 1319.38 2923.90 1329.12 2902.25 1326.95 2903.23 1317.21
P1402 0.10149124264717102 1801.80 3733.34 1791.11 3740.29 1780.87 3724.56 1791.56 3717.60
P1402 0.0997890830039978 3838.07 3191.89 3850.59 3192.28 3849.82 3217.57 3837.30 3217.18
P1402 0.09748340398073196 1840.99 3834.75 1830.81 3848.45 1798.24 3824.24 1808.42 3810.54
P1402 0.0968727171421051 3502.07 2988.95 3509.06 3030.99 3386.91 3051.32 3379.92 3009.28
P1402 0.09669489413499832 1669.85 3619.81 1676.35 3646.41 1633.96 3656.77 1627.46 3630.17
P1402 0.09590699523687363 3648.99 3112.46 3659.99 3112.47 3659.98 3128.12 3648.97 3128.11
P1402 0.09485337883234024 3533.41 3305.22 3533.27 3320.47 3499.14 3320.15 3499.28 3304.90
P1402 0.09482286125421524 3473.42 2990.66 3462.51 2992.22 3459.61 2971.98 3470.52 2970.42
P1402 0.0947849452495575 3579.15 3117.17 3567.02 3117.40 3566.68 3100.17 3578.81 3099.93
P1402 0.09469202160835266 3560.37 3308.70 3572.98 3308.76 3572.89 3328.47 3560.27 3328.41
P1402 0.09437340497970581 3530.14 3014.25 3534.40 3047.35 3398.12 3064.93 3393.85 3031.82
P1402 0.0935463234782219 3752.68 2405.02 3768.63 2406.70 3766.37 2428.19 3750.41 2426.51
P1402 0.0913756787776947 3679.55 3117.39 3664.26 3119.60 3662.02 3104.09 3677.32 3101.89
P1402 0.09058894962072372 3914.16 2408.82 3913.37 2430.96 3879.56 2429.75 3880.35 2407.62
P1402 0.09036237746477127 1817.11 3737.22 1804.70 3746.29 1780.01 3712.48 1792.41 3703.42
P1402 0.0891445130109787 3825.49 737.28 3831.69 750.75 3803.92 763.55 3797.71 750.07
P1402 0.08751655369997025 3711.69 2413.90 3732.48 2414.14 3732.19 2439.25 3711.40 2439.01
P1402 0.08595544099807739 3087.28 2934.81 3077.60 2944.30 3045.68 2911.76 3055.36 2902.27
P1402 0.08569552004337311 2468.87 2476.34 2487.27 2496.83 2463.85 2517.87 2445.45 2497.38
P1402 0.08544473350048065 3495.50 3115.43 3483.18 3117.64 3480.00 3099.93 3492.33 3097.72
P1402 0.08369698375463486 1856.82 508.30 1842.44 508.47 1842.19 488.04 1856.58 487.87
P1402 0.0833369642496109 3953.33 2532.30 3956.57 2560.58 3889.26 2568.29 3886.02 2540.01
P1402 0.08204641193151474 3497.42 3061.12 3485.30 3061.50 3484.76 3044.51 3496.89 3044.13
P1402 0.08202816545963287 3366.55 2578.54 3349.86 2579.32 3348.86 2557.87 3365.55 2557.09
P1402 0.08202522248029709 1645.25 3577.48 1655.96 3608.75 1617.17 3622.05 1606.45 3590.78
P1402 0.08043135702610016 3696.12 3333.07 3694.78 3356.68 3637.81 3353.47 3639.14 3329.86
P1402 0.07826456427574158 3882.26 2408.78 3879.23 2434.09 3833.54 2428.62 3836.56 2403.32
P1402 0.07796711474657059 3955.34 2587.76 3955.82 2608.49 3901.58 2609.75 3901.10 2589.02
P1402 0.07781674712896347 3890.26 2431.91 3872.56 2432.44 3871.87 2409.27 3889.57 2408.74
P1402 0.07752393931150436 3584.81 3415.25 3584.48 3429.51 3540.21 3428.49 3540.54 3414.23
P1402 0.07701687514781952 3761.19 2419.21 3780.17 2419.33 3780.03 2440.44 3761.05 2440.32
P1402 0.0740906372666359 3475.44 3120.73 3456.51 3128.71 3447.10 3106.41 3466.04 3098.42
P1402 0.07277931272983551 3589.63 3048.44 3600.02 3048.72 3599.53 3067.01 3589.14 3066.73
P1402 0.0727049931883812 3566.76 3111.53 3555.94 3113.95 3553.25 3101.96 3564.07 3099.54
P1402 0.0720902681350708 1739.08 3609.07 1706.28 3621.33 1693.66 3587.59 1726.46 3575.33
P1402 0.07155203074216843 1309.58 1510.93 1272.09 1534.70 1244.61 1491.37 1282.10 1467.59
P1402 0.07105961441993713 3412.53 3041.55 3413.33 3058.14 3377.05 3059.88 3376.26 3043.29
P1402 0.06968703866004944 3610.39 3288.82 3594.31 3290.68 3591.73 3268.39 3607.81 3266.53
P1402 0.06913970410823822 923.92 3666.47 920.38 3670.36 903.86 3655.29 907.40 3651.40
P1402 0.06833376735448837 3311.15 2557.34 3328.67 2558.41 3327.38 2579.36 3309.86 2578.29
P1402 0.06705839186906815 3943.44 3158.80 3944.36 3177.33 3913.81 3178.85 3912.89 3160.31
P1402 0.06704423576593399 3361.83 2424.77 3362.09 2452.69 3292.29 2453.34 3292.03 2425.42
P1402 0.0669962465763092 1910.10 3884.13 1920.95 3895.92 1902.39 3912.99 1891.54 3901.19
P1402 0.06632853299379349 3472.63 3122.54 3461.35 3122.65 3461.14 3101.45 3472.43 3101.34
P1402 0.06630387902259827 3402.50 3028.76 3392.91 3030.52 3389.07 3009.56 3398.66 3007.80
P1402 0.06555084139108658 1558.39 3667.67 1552.57 3691.26 1520.89 3683.45 1526.71 3659.86
P1402 0.06549011170864105 1733.74 3651.07 1712.77 3674.00 1674.86 3639.32 1695.83 3616.40
P1402 0.06429827213287354 3863.42 2979.73 3863.97 3003.19 3804.83 3004.55 3804.29 2981.10
P1402 0.0635601058602333 3632.67 3455.04 3643.07 3455.71 3641.38 3481.94 3630.98 3481.28
P1402 0.06236593797802925 1722.03 3648.23 1722.43 3669.27 1692.27 3669.84 1691.86 3648.81
P1402 0.06199570372700691 3771.19 2449.16 3822.69 2533.56 3683.04 2618.78 3631.53 2534.37
P1402 0.06160411983728409 3915.12 2487.02 3915.69 2510.43 3855.83 2511.88 3855.26 2488.47
P1402 0.06143127381801605 3588.57 3291.75 3572.73 3291.86 3572.55 3265.37 3588.39 3265.26
P1402 0.06120597571134567 3484.25 3123.27 3471.64 3123.48 3471.37 3107.14 3483.99 3106.93
P1402 0.060815367847681046 1668.99 3627.13 1638.78 3635.21 1627.19 3591.89 1657.40 3583.80
P1402 0.060541145503520966 3296.25 2557.85 3311.89 2559.34 3310.01 2579.07 3294.37 2577.58
P1402 0.06047019734978676 3626.72 3114.30 3619.03 3126.58 3606.04 3118.44 3613.73 3106.16
P1402 0.05925479158759117 3636.65 3369.71 3649.11 3373.05 3644.04 3391.95 3631.58 3388.61
P1402 0.05899448320269585 3637.01 3108.92 3649.50 3108.95 3649.46 3127.74 3636.97 3127.71
P1402 0.05855061486363411 3682.23 3128.54 3670.16 3129.22 3669.11 3110.33 3681.17 3109.66
P1402 0.05791913717985153 3809.88 3141.51 3798.81 3141.83 3798.29 3124.07 3809.35 3123.74
P1402 0.05753100663423538 1924.80 3889.19 1933.49 3913.38 1904.38 3923.84 1895.69 3899.65
P1402 0.05714212357997894 1720.73 3658.13 1729.20 3685.06 1693.40 3696.32 1684.92 3669.39
P1402 0.05689752846956253 1674.84 1848.66 1673.61 1861.71 1649.80 1859.45 1651.03 1846.41
P1402 0.056742191314697266 3918.47 3395.04 3906.84 3395.05 3906.82 3361.94 3918.45 3361.93
P1402 0.05607062578201294 3821.04 2407.86 3842.65 2408.26 3842.20 2432.34 3820.59 2431.94
P1402 0.056064534932374954 3550.49 3107.14 3561.35 3109.49 3557.84 3125.67 3546.98 3123.31
P1402 0.05492021143436432 1853.28 3792.53 1841.46 3801.15 1815.82 3765.99 1827.64 3757.37
P1402 0.05483243241906166 3412.16 3060.06 3401.09 3060.49 3400.42 3043.36 3411.50 3042.93
P1402 0.0544283427298069 3746.03 3187.09 3745.65 3202.65 3722.71 3202.10 3723.08 3186.54
P1402 0.05439414083957672 3756.77 3201.91 3745.45 3202.46 3744.73 3187.65 3756.05 3187.10
P1402 0.054017242044210434 3425.52 3196.17 3436.46 3198.66 3431.23 3221.60 3420.29 3219.11
P1402 0.05399767681956291 1807.91 3877.40 1831.64 3895.09 1812.43 3920.86 1788.70 3903.16
P1402 0.05375572293996811 3572.48 3304.80 3573.36 3321.62 3531.06 3323.85 3530.18 3307.04
P1402 0.05216560512781143 3747.56 2932.66 3745.51 2956.53 3675.13 2950.50 3677.18 2926.62
P1402 0.05209016427397728 3604.04 3307.33 3604.40 3325.08 3572.67 3325.73 3572.31 3307.98
P0807 0.14184732735157013 1081.73 185.37 1055.66 195.01 1045.10 166.47 1071.16 156.82
P0807 0.05571814998984337 691.86 651.85 570.80 677.93 544.65 556.52 665.71 530.44
P0182 0.9967793822288513 1930.75 1136.58 1975.85 1209.37 1886.78 1264.56 1841.67 1191.77
P0182 0.958230197429657 1935.37 1155.06 1968.65 1205.07 1908.04 1245.42 1874.75 1195.41
P0182 0.9196679592132568 1904.62 1004.24 1930.48 1058.18 1856.55 1093.63 1830.68 1039.69
P0182 0.7812313437461853 4666.06 512.05 4717.47 514.08 4713.71 609.43 4662.29 607.40
P0182 0.5932332873344421 1884.83 1184.42 1893.73 1221.78 1855.07 1230.99 1846.17 1193.62
P0182 0.2942591607570648 6875.42 2006.24 6841.25 2026.50 6802.90 1961.81 6837.07 1941.55
P0182 0.2574761211872101 552.49 1599.40 454.58 1616.92 424.70 1449.90 522.62 1432.39
P0182 0.24106758832931519 4679.52 527.38 4708.44 527.42 4708.34 613.18 4679.42 613.14
P0182 0.2302524298429489 1908.59 1198.63 1913.20 1221.44 1881.71 1227.80 1877.11 1204.99
P0182 0.14375506341457367 1912.77 1029.27 1923.06 1060.61 1865.75 1079.44 1855.46 1048.09
P0182 0.14172102510929108 7177.59 1174.61 7143.98 1277.56 7019.33 1236.88 7052.93 1133.93
P0182 0.11635544151067734 2359.12 1812.32 2332.86 1818.32 2312.12 1727.63 2338.38 1721.63
P0182 0.08127842098474503 5993.94 1167.08 5986.11 1185.54 5946.66 1168.80 5954.49 1150.34
P1160 0.9950762391090393 991.76 3758.99 950.82 3830.41 872.71 3785.64 913.65 3714.22
P1160 0.9929183125495911 1109.72 3457.34 1067.23 3532.59 982.74 3484.90 1025.23 3409.64
P1160 0.9918054342269897 419.90 4261.36 348.20 4321.73 285.20 4246.90 356.90 4186.53
P1160 0.9916952252388 269.14 4082.44 237.32 4162.90 151.80 4129.08 183.62 4048.62
P1160 0.9887358546257019 305.49 3982.63 281.22 4056.10 201.21 4029.66 225.48 3956.19
P1160 0.9849576950073242 503.65 4324.21 574.33 4364.96 532.89 4436.83 462.21 4396.08
P1160 0.9804362654685974 226.46 4181.44 195.34 4255.76 119.49 4224.00 150.61 4149.68
P1160 0.9257793426513672 571.55 4161.47 643.41 4193.01 609.83 4269.52 537.97 4237.98
P1160 0.5399119853973389 1110.59 3442.98 1081.62 3503.78 1018.69 3473.79 1047.66 3412.99
P1160 0.26928120851516724 265.48 4038.54 249.81 4076.02 191.84 4051.80 207.51 4014.31
P1160 0.17828232049942017 1100.50 3440.04 1084.71 3475.48 1026.93 3449.74 1042.72 3414.30
P1160 0.1547628492116928 1083.39 3438.02 1102.11 3451.62 1087.50 3471.71 1068.78 3458.10
P1160 0.14927949011325836 242.91 4019.19 230.26 4061.48 187.41 4048.66 200.07 4006.37
P1160 0.11989115178585052 979.74 3755.68 971.00 3772.31 947.81 3760.12 956.56 3743.49
P1160 0.11864916235208511 1096.51 3467.67 1087.42 3503.90 1023.06 3487.75 1032.15 3451.52
P1160 0.05367535352706909 1105.09 3472.92 1092.51 3497.84 1065.03 3483.97 1077.60 3459.05
P1160 0.05028696358203888 698.13 3432.19 754.14 3451.77 726.81 3529.92 670.81 3510.33
P1936 0.0950613021850586 552.35 225.90 546.01 235.78 533.51 227.76 539.84 217.88
P2272 0.05927788466215134 3017.39 869.96 3021.92 883.13 2996.29 891.94 2991.76 878.77
P1378 0.757172167301178 3721.37 3037.04 3740.87 3051.77 3724.15 3073.91 3704.65 3059.19
P1378 0.29369881749153137 1847.59 1953.40 1831.75 1973.71 1808.44 1955.54 1824.28 1935.22
P1378 0.277545303106308 1820.11 1220.17 1814.18 1249.78 1782.88 1243.51 1788.81 1213.90
P1378 0.17370247840881348 721.70 2395.25 700.97 2399.08 696.96 2377.44 717.70 2373.60
P1378 0.10088663548231125 1801.84 1199.32 1816.79 1204.28 1809.72 1225.59 1794.77 1220.63
P1112 0.21746331453323364 880.42 496.06 946.01 574.28 832.95 669.08 767.36 590.86
P1112 0.19398058950901031 2547.51 1267.58 2537.29 1308.42 2433.67 1282.49 2443.89 1241.65
P1112 0.1042897179722786 4296.76 1798.84 4297.35 1874.65 4174.12 1875.61 4173.53 1799.80
P1112 0.08471422642469406 721.47 1564.46 725.77 1644.52 558.48 1653.51 554.18 1573.46
P1112 0.05217057093977928 1379.85 3456.20 1362.46 3498.70 1248.90 3452.25 1266.28 3409.75
P2774 0.05150730907917023 772.98 3518.99 782.26 3531.67 765.61 3543.86 756.33 3531.18
P0185 0.20781545341014862 1951.22 521.18 1977.92 537.18 1936.61 606.11 1909.91 590.11
P0185 0.1862327754497528 1617.68 3100.07 1593.25 3146.22 1534.06 3114.88 1558.49 3068.73
P0185 0.10438374429941177 1931.99 1011.39 1918.31 1045.00 1879.38 1029.15 1893.07 995.54
P0185 0.08713335543870926 739.52 2711.37 821.79 2764.82 748.10 2878.24 665.83 2824.79
P1163 0.9892849326133728 2256.13 1929.34 2210.35 1992.34 2123.41 1929.16 2169.18 1866.16
P1163 0.9795240759849548 1453.55 2170.24 1487.59 2189.74 1464.92 2229.30 1430.89 2209.79
P1163 0.9555895924568176 1464.03 2349.00 1499.95 2375.08 1473.17 2411.96 1437.25 2385.89
P1163 0.9474653601646423 1377.71 2305.66 1414.19 2326.53 1392.09 2365.14 1355.62 2344.27
P1163 0.8575244545936584 3583.01 4942.69 3528.77 4948.74 3522.18 4889.72 3576.42 4883.66
P1163 0.8081194758415222 5743.31 2247.89 5747.22 2265.26 5719.95 2271.40 5716.04 2254.03
P1163 0.4888574481010437 4249.85 936.68 4313.84 963.63 4285.20 1031.64 4221.20 1004.69
P1163 0.4401567280292511 4017.75 840.18 4084.30 858.87 4065.04 927.44 3998.49 908.75
P1163 0.10423068702220917 5719.34 2240.10 5730.24 2252.09 5715.28 2265.69 5704.38 2253.71
P1163 0.08037581294775009 5087.32 1352.37 5069.78 1360.10 5056.75 1330.53 5074.28 1322.80
P1163 0.06668249517679214 4275.62 1002.38 4284.95 1009.27 4269.39 1030.31 4260.06 1023.41
P1163 0.061707064509391785 5037.76 3889.17 5036.65 3912.72 5010.45 3911.49 5011.56 3887.93
P1169 0.5315744280815125 1802.32 743.87 1836.88 755.45 1825.27 790.09 1790.71 778.51
P1169 0.5158012509346008 1697.76 682.46 1664.82 688.33 1658.91 655.17 1691.85 649.30
P1169 0.34124755859375 1754.29 623.71 1781.09 635.71 1766.52 668.25 1739.72 656.25
P1169 0.3233717083930969 2173.77 1238.85 2149.37 1256.30 2125.99 1223.61 2150.38 1206.16
P1169 0.3066098690032959 1935.62 936.25 1933.53 959.58 1907.37 957.23 1909.47 933.90
P1169 0.2441892921924591 1821.38 781.54 1825.98 810.27 1781.36 817.42 1776.75 788.69
P1169 0.17227576673030853 1595.16 740.98 1572.80 763.79 1546.03 737.54 1568.39 714.74
P1169 0.16438360512256622 1958.77 1041.51 1973.39 1055.23 1958.23 1071.39 1943.61 1057.67
P1169 0.15987218916416168 2676.23 2580.43 2689.15 2595.27 2674.03 2608.43 2661.11 2593.60
P1169 0.15707559883594513 2456.89 1493.01 2461.16 1505.68 2442.00 1512.13 2437.73 1499.46
P1169 0.1272301822900772 2783.09 2606.30 2798.44 2620.87 2780.50 2639.78 2765.15 2625.22
P1169 0.11096462607383728 2751.12 2658.01 2743.60 2666.29 2734.89 2658.38 2742.41 2650.10
P1169 0.10346611589193344 2768.08 2677.09 2759.63 2685.52 2749.95 2675.81 2758.40 2667.38
P1169 0.10288742184638977 1835.47 1174.09 1846.73 1185.65 1834.43 1197.63 1823.18 1186.08
P1169 0.09749577194452286 2426.29 1414.75 2430.71 1426.73 2413.04 1433.25 2408.62 1421.27
P1169 0.09564095735549927 1461.21 728.81 1449.55 739.99 1437.09 727.00 1448.75 715.82
P1169 0.08458583801984787 2205.30 1224.36 2215.06 1239.25 2198.38 1250.18 2188.62 1235.28
P1169 0.07856234163045883 1807.76 688.03 1778.02 697.71 1768.19 667.52 1797.92 657.83
P1169 0.07565047591924667 2196.01 1088.52 2211.96 1109.01 2190.86 1125.44 2174.90 1104.95
P1169 0.06491340696811676 2168.48 1074.96 2176.19 1096.62 2152.52 1105.04 2144.81 1083.39
P1169 0.058998990803956985 2339.37 1370.28 2328.49 1373.95 2324.51 1362.16 2335.39 1358.49
P1169 0.0515284538269043 2750.84 2662.16 2756.59 2668.95 2749.74 2674.75 2743.99 2667.96
