P0051 0.9902334213256836 1130.32 1205.60 1264.05 1152.88 1294.77 1230.80 1161.04 1283.53
P0051 0.9870976805686951 1274.03 1152.03 1409.87 1098.70 1439.96 1175.35 1304.13 1228.68
P0051 0.9627204537391663 565.43 2759.78 641.73 2730.39 694.74 2868.02 618.44 2897.41
P0051 0.9030101895332336 513.40 2618.18 597.08 2587.94 646.49 2724.62 562.81 2754.86
P0051 0.6365620493888855 2613.02 1227.09 2747.43 1176.37 2778.35 1258.33 2643.94 1309.05
P0051 0.4071611762046814 979.84 1559.61 1021.71 1544.34 1049.98 1621.86 1008.11 1637.13
P0051 0.23629072308540344 2576.19 1134.74 2715.85 1081.31 2748.25 1165.99 2608.59 1219.42
P0051 0.20691971480846405 3793.52 2976.17 3866.24 2948.98 3917.24 3085.39 3844.52 3112.58
P0051 0.09354370832443237 2518.63 1027.45 2566.38 1013.10 2590.86 1094.51 2543.10 1108.86
P0051 0.09184641391038895 442.90 2323.95 526.39 2293.85 563.13 2395.78 479.64 2425.88
P0051 0.06681102514266968 2749.49 704.06 2899.01 650.96 2931.25 741.76 2781.73 794.85
P0051 0.06613785773515701 1082.78 1509.62 1131.04 1492.22 1162.46 1579.38 1114.21 1596.78
P0051 0.05819479003548622 2713.32 4338.21 2757.21 4323.92 2777.92 4387.49 2734.04 4401.79
P1346 0.6640117764472961 2697.61 3568.15 2721.18 3565.54 2726.26 3611.38 2702.69 3614.00
P1346 0.252925843000412 1151.53 2082.70 1200.20 2073.32 1206.36 2105.25 1157.68 2114.63
P1346 0.05166168883442879 1127.80 1869.80 1245.64 1841.54 1255.38 1882.17 1137.54 1910.43
P1411 0.553182065486908 1982.31 1766.56 2003.71 1771.21 1991.34 1828.20 1969.93 1823.56
P1411 0.24515382945537567 1956.02 1621.76 1983.38 1627.10 1974.54 1672.42 1947.18 1667.07
P1411 0.21560534834861755 1982.46 1626.13 2006.93 1631.30 1998.28 1672.19 1973.81 1667.02
P1411 0.16706059873104095 1956.28 1766.42 1975.88 1770.73 1965.02 1820.03 1945.42 1815.72
P0325 0.6320536136627197 1119.88 772.87 1301.56 829.53 1237.23 1035.80 1055.55 979.14
P0325 0.3827556371688843 1994.42 995.30 2137.29 853.08 2284.25 1000.70 2141.37 1142.93
P0325 0.1802414506673813 1274.15 826.80 1613.09 911.82 1567.04 1095.40 1228.10 1010.38
P0325 0.15649820864200592 1770.01 1171.73 2002.60 984.27 2131.23 1143.87 1898.64 1331.33
P1769 0.2953433692455292 1970.92 3198.63 2009.40 3205.53 1995.47 3283.27 1956.99 3276.37
P2336 0.8385406732559204 300.61 2808.13 362.86 2815.79 356.64 2866.29 294.39 2858.63
P2336 0.302510529756546 305.37 2785.53 363.37 2792.76 360.34 2817.07 302.34 2809.85
P2336 0.06168914586305618 2579.45 2893.83 2626.57 2872.61 2645.00 2913.53 2597.87 2934.75
P2336 0.050043366849422455 299.78 2858.34 340.59 2866.99 334.03 2897.96 293.22 2889.30
P1227 0.7685277462005615 1961.06 3030.73 1980.53 3035.81 1970.85 3072.90 1951.38 3067.83
P0112 0.08797039091587067 4667.18 2173.57 4697.09 2178.65 4693.96 2197.09 4664.05 2192.00
P1363 0.4305064082145691 2066.14 3807.60 2093.97 3829.22 2079.93 3847.30 2052.09 3825.68
P1363 0.11891475319862366 2055.27 3825.50 2082.12 3848.55 2069.49 3863.26 2042.64 3840.21
P1363 0.05121612921357155 3920.83 3614.40 3935.79 3620.66 3922.22 3653.04 3907.27 3646.77
P1233 0.9335079789161682 3341.91 989.43 3380.45 976.11 3388.30 998.82 3349.76 1012.14
P1233 0.9005582928657532 2079.76 2676.61 2097.19 2663.92 2121.97 2697.97 2104.54 2710.65
P1233 0.2395019382238388 2638.14 2836.82 2652.48 2826.57 2673.03 2855.31 2658.69 2865.56
P1233 0.20774716138839722 1073.97 413.74 1111.65 405.42 1118.02 434.24 1080.34 442.56
P1233 0.0811992809176445 421.48 3011.51 436.44 2996.97 464.11 3025.46 449.15 3039.99
P1233 0.06868118047714233 2654.97 2860.46 2671.73 2847.83 2692.94 2875.99 2676.17 2888.62
P1233 0.06367377936840057 2038.43 132.14 2068.20 118.27 2087.96 160.66 2058.18 174.53
P2652 0.9998917579650879 858.29 2708.14 971.32 2710.31 967.28 2920.94 854.25 2918.77
P2652 0.999876856803894 844.40 2470.75 963.60 2467.39 969.76 2685.96 850.56 2689.32
P2652 0.9998637437820435 983.85 2706.61 1098.27 2706.57 1098.34 2914.16 983.92 2914.20
P2652 0.999846339225769 724.87 2711.34 843.24 2711.01 843.83 2921.31 725.46 2921.64
P2652 0.9997743964195251 476.57 2700.51 596.29 2697.75 601.22 2911.78 481.51 2914.54
P2652 0.9997604489326477 1110.76 2463.92 1222.22 2463.23 1223.49 2669.57 1112.04 2670.26
P2652 0.9997591376304626 982.65 2471.84 1091.66 2470.88 1093.50 2679.72 984.49 2680.68
P2652 0.9997493624687195 714.25 2469.76 834.69 2468.10 837.67 2683.35 717.23 2685.02
P2652 0.9997485280036926 1108.33 2693.95 1221.89 2693.52 1222.70 2905.17 1109.13 2905.60
P2652 0.9997426867485046 468.74 2469.13 591.61 2468.94 591.91 2675.21 469.04 2675.39
P2652 0.9996933937072754 828.62 2216.00 955.12 2211.53 963.14 2438.24 836.63 2442.71
P2652 0.999484658241272 970.16 2205.15 1086.16 2204.80 1086.87 2444.04 970.87 2444.38
P2652 0.9994359612464905 711.70 2224.75 826.93 2226.13 824.22 2452.46 709.00 2451.08
P2652 0.9994301199913025 1101.29 2214.98 1218.72 2215.09 1218.53 2435.13 1101.10 2435.03
P2652 0.9988273978233337 487.34 2238.82 587.62 2239.31 586.63 2443.30 486.34 2442.81
P2652 0.08440211415290833 900.59 2963.21 1099.64 2955.31 1105.71 3108.12 906.66 3116.03
P2652 0.08271338045597076 613.85 2428.42 682.09 2428.46 682.03 2539.58 613.79 2539.54
P1334 0.9260037541389465 1173.92 2377.63 1194.84 2373.67 1201.68 2409.84 1180.76 2413.80
P1334 0.704728901386261 1153.09 2381.99 1174.00 2377.51 1181.84 2414.11 1160.94 2418.59
P1334 0.13131952285766602 1191.70 2374.68 1207.21 2370.97 1216.11 2408.19 1200.60 2411.89
P1324 0.5436316132545471 871.11 3931.77 895.13 3920.98 913.58 3962.04 889.57 3972.83
P1183 0.5226460695266724 1522.36 366.38 1594.34 330.31 1639.96 421.32 1567.98 457.40
P2607 0.0923566073179245 310.76 3461.80 484.18 3593.47 416.97 3681.99 243.55 3550.31
P2607 0.052239108830690384 698.92 2959.11 855.57 3081.95 773.14 3187.07 616.49 3064.24
P1254 0.5351972579956055 3094.31 3665.19 3123.81 3668.68 3119.19 3707.67 3089.69 3704.17
P1254 0.122874915599823 3077.72 3665.86 3097.64 3669.27 3090.88 3708.77 3070.97 3705.37
P1226 0.5782225131988525 165.18 3239.11 187.46 3231.73 199.72 3268.73 177.44 3276.12
P1226 0.3407578766345978 3880.95 1971.46 3924.61 2005.70 3859.36 2088.90 3815.70 2054.66
P1226 0.09904453903436661 2654.71 3324.29 2688.42 3351.53 2673.99 3369.40 2640.28 3342.16
P1202 0.995732843875885 1019.76 531.79 1038.20 519.75 1060.11 553.29 1041.67 565.33
P1202 0.6250864863395691 1038.77 521.62 1050.10 515.42 1063.71 540.28 1052.38 546.49
P1202 0.12224728614091873 1048.99 510.40 1063.34 500.48 1088.44 536.77 1074.09 546.69
P1202 0.06263899803161621 1161.44 985.11 1176.10 970.86 1203.82 999.36 1189.16 1013.62
P0671 0.9998528957366943 704.49 50.05 886.59 128.20 838.07 241.26 655.97 163.12
P0671 0.9996354579925537 659.03 166.96 833.59 245.57 780.65 363.12 606.09 284.51
P0671 0.978838324546814 758.83 -63.74 938.45 13.71 890.75 124.33 711.13 46.88
P1125 0.051477670669555664 7192.95 2256.90 7341.98 2286.19 7310.59 2445.92 7161.57 2416.63
P1271 0.9963157773017883 5160.42 3562.28 5182.08 3559.55 5187.03 3598.77 5165.36 3601.50
P1271 0.9947205781936646 5137.22 3564.05 5159.64 3560.89 5165.28 3600.99 5142.86 3604.15
P1271 0.9687164425849915 5168.83 3286.78 5189.96 3284.25 5194.50 3322.09 5173.37 3324.62
P1271 0.938503086566925 5146.96 3288.35 5168.06 3285.84 5172.50 3323.03 5151.40 3325.55
P1271 0.9319189786911011 5179.14 3559.47 5203.78 3554.90 5210.96 3593.62 5186.32 3598.19
P1271 0.8851146697998047 5101.53 3294.19 5122.84 3291.38 5127.70 3328.25 5106.39 3331.06
P1271 0.7706727981567383 5125.03 3290.84 5146.53 3288.44 5150.76 3326.30 5129.26 3328.69
P1271 0.655279815196991 395.88 451.85 415.06 443.80 427.29 472.96 408.11 481.00
P1271 0.19491268694400787 4654.65 443.14 4681.53 441.48 4683.73 476.93 4656.85 478.59
P2263 0.9988848567008972 496.76 457.14 524.96 430.39 564.54 472.14 536.34 498.88
P2263 0.4964389503002167 549.28 509.39 582.63 478.25 605.47 502.72 572.12 533.85
P1613 0.051572833210229874 580.59 2402.89 633.46 2363.57 661.37 2401.11 608.50 2440.43
P2694 0.9979512095451355 95.56 1664.95 116.39 1685.75 78.58 1723.63 57.75 1702.83
P2694 0.9952812790870667 49.36 1620.72 72.48 1643.80 34.26 1682.08 11.14 1658.99
P2694 0.9746106266975403 71.69 1643.45 93.57 1663.38 57.14 1703.37 35.26 1683.44
P2694 0.08424272388219833 110.89 1683.78 127.01 1698.83 92.55 1735.76 76.43 1720.72
P2694 0.06517493724822998 9.38 1628.68 38.21 1607.75 50.55 1624.75 21.72 1645.68
P0166 0.058617375791072845 737.14 2569.15 752.60 2563.73 765.04 2599.21 749.57 2604.63
P1244 0.45415565371513367 3782.17 1852.32 3807.27 1847.23 3815.80 1889.26 3790.70 1894.35
P1244 0.30074167251586914 3009.37 2230.27 3033.73 2223.58 3044.75 2263.68 3020.39 2270.38
P1244 0.2622125744819641 2712.74 2790.71 2734.61 2796.63 2724.78 2832.97 2702.90 2827.06
P1244 0.2046515941619873 2553.16 2245.64 2572.28 2232.26 2595.57 2265.57 2576.45 2278.94
P1244 0.1165132001042366 3373.34 2124.86 3404.77 2118.47 3412.28 2155.40 3380.84 2161.79
P1244 0.05344671756029129 4811.07 2201.98 4863.46 2200.54 4864.25 2229.20 4811.87 2230.64
P2749 0.5437777638435364 5281.34 2244.93 5431.34 2204.79 5451.09 2278.60 5301.09 2318.75
P2749 0.11442550271749496 5189.03 2091.31 5289.01 2071.64 5303.50 2145.33 5203.53 2165.00
P1008 0.997731626033783 3462.34 1743.63 3521.22 1740.51 3526.70 1843.80 3467.82 1846.93
P2360 0.6608427166938782 2392.03 180.65 2419.08 154.84 2454.55 192.02 2427.50 217.83
P2360 0.3858458995819092 42.09 1298.05 59.02 1283.53 91.94 1321.94 75.01 1336.45
P2360 0.10925057530403137 34.81 1317.83 47.93 1306.70 77.22 1341.23 64.11 1352.35
P2711 0.9961597919464111 531.22 606.52 580.90 595.79 588.04 628.87 538.35 639.59
P2765 0.06978987902402878 3701.88 2261.42 3786.29 2274.19 3755.97 2474.67 3671.57 2461.91
P2707 0.9957162737846375 2341.55 379.37 2393.93 371.15 2409.15 468.11 2356.77 476.33
P2459 0.06502193212509155 1844.93 980.45 1877.67 965.15 1888.02 987.28 1855.28 1002.58
P2338 0.9332414865493774 564.68 2410.15 631.31 2417.46 626.68 2459.66 560.05 2452.36
P2338 0.38144201040267944 175.89 2850.93 223.38 2888.77 174.41 2950.22 126.93 2912.39
P2338 0.3499726951122284 572.25 2385.47 632.27 2391.56 629.78 2416.07 569.76 2409.98
P2338 0.29666435718536377 2942.08 2467.15 2989.58 2442.32 3010.14 2481.67 2962.64 2506.49
P2338 0.15500491857528687 566.57 2454.70 608.91 2461.31 604.09 2492.19 561.76 2485.58
P2338 0.07932916283607483 180.60 2915.49 196.39 2920.70 191.97 2934.09 176.18 2928.88
P1657 0.053552400320768356 766.76 3648.67 850.56 3678.79 832.12 3730.10 748.32 3699.98
P1349 0.22851978242397308 370.27 1570.13 394.49 1558.02 415.65 1600.36 391.43 1612.47
P1461 0.9998030066490173 5656.96 3662.20 5777.82 3664.35 5774.07 3875.18 5653.21 3873.03
P1461 0.9997686743736267 5783.52 3986.69 5908.25 3990.19 5902.72 4187.28 5777.99 4183.78
P1461 0.9997510313987732 5649.54 3982.98 5779.89 3986.52 5774.26 4193.97 5643.91 4190.43
P1461 0.9997195601463318 583.47 590.51 702.06 598.15 688.54 808.05 569.96 800.41
P1461 0.9996976852416992 5793.79 3665.25 5912.56 3669.74 5904.50 3882.83 5785.74 3878.34
P1461 0.9996658563613892 718.68 602.97 836.64 614.06 817.23 820.50 699.27 809.40
P1461 0.9995212554931641 692.43 830.38 809.04 837.86 796.16 1038.55 679.55 1031.07
P1461 0.999382495880127 455.91 583.48 570.56 592.20 555.68 787.86 441.03 779.14
P1461 0.9992613196372986 848.21 614.61 964.87 628.92 939.63 834.73 822.97 820.42
P1461 0.9992584586143494 435.40 792.44 559.60 808.21 533.22 1015.96 409.02 1000.20
P1461 0.9992558360099792 821.08 837.72 936.72 845.78 921.68 1061.40 806.03 1053.33
P1461 0.9990925788879395 566.26 811.84 681.76 823.96 660.80 1023.75 545.30 1011.62
P1461 0.21631042659282684 4864.93 4075.91 5207.10 4050.98 5222.33 4260.13 4880.16 4285.06
P1461 0.17465773224830627 4888.60 3850.33 5189.11 3837.44 5199.89 4088.54 4899.38 4101.43
P1461 0.09006065875291824 1919.87 6174.05 2015.20 6156.06 2037.80 6275.78 1942.47 6293.77
P1635 0.3849194049835205 3326.10 844.52 3383.87 792.20 3404.55 815.03 3346.78 867.35
P1735 0.057050373405218124 408.60 1527.57 434.26 1520.47 442.29 1549.47 416.62 1556.57
P0132 0.9998030066490173 854.85 398.26 1031.55 408.25 1025.79 510.12 849.09 500.13
P0132 0.9997149109840393 854.04 272.41 1033.06 279.20 1028.92 388.37 849.90 381.57
P0132 0.9996705055236816 634.79 274.51 807.33 279.15 804.69 377.30 632.15 372.67
P0132 0.9996602535247803 847.48 518.72 1026.24 523.85 1023.50 619.31 844.74 614.19
P0132 0.9996281862258911 629.52 514.54 799.44 520.70 796.38 605.22 626.45 599.06
P0132 0.9996129870414734 627.06 385.88 805.41 392.78 801.24 500.48 622.90 493.58
P0132 0.999552309513092 844.15 639.19 1018.90 648.52 1013.35 752.52 838.59 743.18
P0132 0.9994476437568665 623.37 635.95 795.98 640.04 793.54 743.29 620.93 739.20
P1424 0.6884596347808838 2780.82 44.82 2929.13 -27.96 2983.85 83.57 2835.54 156.34
P1424 0.5998923778533936 4701.61 415.68 4863.98 306.99 4926.24 400.00 4763.87 508.70
P1424 0.3396090567111969 1907.99 196.34 2086.21 255.67 1995.45 528.33 1817.23 469.01
P1424 0.3294229805469513 2175.74 2226.13 2358.81 2343.60 2313.88 2413.62 2130.81 2296.15
P1424 0.30175065994262695 3346.42 987.06 3462.73 891.23 3525.68 967.65 3409.37 1063.47
P1424 0.24183289706707 4570.55 665.16 4712.31 544.52 4767.15 608.96 4625.39 729.60
P1424 0.14136958122253418 2380.61 1794.72 2482.00 1710.32 2587.98 1837.64 2486.58 1922.04
P1424 0.12142269313335419 4993.64 1647.93 5099.30 1627.96 5134.77 1815.65 5029.11 1835.62
P2487 0.05370113626122475 99.07 2006.97 140.01 2004.60 142.01 2039.20 101.07 2041.57
P2448 0.5829533934593201 373.13 161.24 403.71 179.31 392.92 197.56 362.34 179.49
P1378 0.9872927665710449 935.01 2149.54 989.88 2146.09 991.76 2175.96 936.89 2179.41
P1378 0.3212032914161682 346.41 1524.74 402.98 1573.49 379.19 1601.10 322.62 1552.35
P1378 0.27100953459739685 446.62 1570.54 481.77 1603.37 464.00 1622.39 428.85 1589.55
P1378 0.22012628614902496 428.75 1599.57 460.80 1626.80 444.26 1646.27 412.21 1619.04
P1378 0.0569504015147686 488.26 1561.78 566.32 1595.74 550.23 1632.75 472.16 1598.79
P1378 0.056545305997133255 366.51 1669.42 443.87 1741.98 417.50 1770.09 340.14 1697.54
P1261 0.9830225110054016 3259.80 1245.29 3279.94 1236.18 3296.18 1272.11 3276.04 1281.22
P1261 0.9465047121047974 3278.78 1236.89 3297.57 1228.06 3314.45 1263.99 3295.65 1272.82
P1261 0.9286566972732544 3825.28 700.23 3842.71 685.76 3868.29 716.57 3850.87 731.04
P1261 0.8346917629241943 3808.35 717.41 3827.65 702.33 3850.83 731.98 3831.52 747.07
P1261 0.31854990124702454 1241.72 3890.22 1261.49 3878.59 1281.84 3913.17 1262.07 3924.80
P1261 0.2486925721168518 1260.39 3877.90 1280.21 3866.71 1300.08 3901.92 1280.26 3913.11
P1261 0.19652588665485382 3414.97 1659.10 3431.79 1643.27 3458.17 1671.30 3441.35 1687.13
P1330 0.11708124727010727 1489.09 591.59 1518.11 615.04 1505.92 630.12 1476.90 606.67
P1330 0.07198452204465866 2098.52 2935.81 2136.21 2934.16 2138.21 2979.77 2100.52 2981.42
P1593 0.2314131259918213 3673.31 38.13 3716.58 56.97 3696.54 102.99 3653.27 84.15
P1282 0.9499170184135437 1050.04 1458.90 1107.47 1438.09 1119.57 1471.50 1062.14 1492.30
P1282 0.4667649567127228 471.33 2457.38 500.29 2432.05 510.13 2443.31 481.17 2468.64
P1282 0.3487960994243622 482.11 2463.76 510.85 2441.80 521.19 2455.34 492.46 2477.30
P1282 0.1810905784368515 451.38 2440.56 483.02 2413.29 495.73 2428.03 464.09 2455.30
P0134 0.9978306889533997 398.63 1401.68 449.24 1401.84 448.94 1498.71 398.34 1498.55
P0480 0.23784543573856354 488.85 -69.54 607.53 -74.92 615.91 109.95 497.23 115.33
P1163 0.5367552638053894 3531.04 5087.29 3648.15 5102.19 3626.50 5272.28 3509.39 5257.37
P1163 0.2957075536251068 4600.68 889.64 4813.28 983.83 4785.14 1047.34 4572.55 953.16
P1163 0.28432583808898926 3506.44 4853.02 3633.16 4855.27 3631.23 4964.14 3504.51 4961.89
P1163 0.07524950802326202 4189.69 4776.19 4314.45 4790.21 4286.92 5035.15 4162.16 5021.13
P1335 0.7412122488021851 3615.86 2427.01 3637.68 2417.37 3653.13 2452.36 3631.31 2462.00
P1335 0.5214186310768127 2667.61 2834.21 2690.18 2829.44 2698.63 2869.44 2676.06 2874.21
P1335 0.20437556505203247 1949.38 2133.63 1982.14 2123.40 1990.07 2148.80 1957.31 2159.03
P1335 0.050447214394807816 3104.21 2013.23 3136.70 2006.55 3143.23 2038.30 3110.74 2044.98
P1733 0.18091420829296112 919.40 606.24 957.46 594.59 966.83 625.20 928.78 636.86
P1733 0.1011074036359787 437.86 2562.20 468.53 2550.83 476.65 2572.76 445.98 2584.12
P1733 0.06269285082817078 296.88 2613.24 345.57 2599.14 380.10 2718.37 331.41 2732.47
P1448 0.9997981190681458 5825.27 4141.68 6036.65 4145.67 6034.63 4252.58 5823.25 4248.58
P1448 0.999790370464325 5825.80 4017.13 6034.80 4016.76 6035.02 4141.65 5826.02 4142.02
P1448 0.9997804760932922 64.26 4224.21 163.47 4174.32 252.00 4350.38 152.78 4400.27
P1448 0.9997557997703552 4201.48 4659.32 4312.84 4660.50 4310.73 4860.74 4199.37 4859.56
P1448 0.9996839761734009 4322.65 4662.13 4436.27 4662.22 4436.11 4850.37 4322.49 4850.27
P1448 0.9996747970581055 164.07 4169.34 269.99 4113.16 367.07 4296.19 261.15 4352.37
P1448 0.9996629953384399 727.24 1018.52 824.08 1095.70 690.28 1263.61 593.43 1186.43
P1448 0.9995861649513245 626.45 941.90 724.67 1021.58 588.73 1189.15 490.51 1109.47
P1448 0.9994754195213318 5817.07 4264.89 6029.58 4249.45 6037.91 4364.02 5825.39 4379.46
P1448 0.999340832233429 1034.56 1232.11 1132.47 1308.74 992.26 1487.90 894.34 1411.27
P1448 0.9992951154708862 827.49 1088.95 930.70 1164.96 804.37 1336.49 701.16 1260.48
P1448 0.9991932511329651 -45.53 4277.97 60.85 4225.17 149.98 4404.73 43.60 4457.54
P1448 0.9990043044090271 932.08 1153.07 1037.67 1232.14 908.04 1405.25 802.45 1326.18
P1448 0.9985384941101074 5503.33 4680.07 5740.87 4669.72 5745.85 4784.01 5508.31 4794.36
P1448 0.9976173043251038 1125.97 1307.36 1225.90 1376.45 1107.71 1547.41 1007.78 1478.32
P1448 0.9973190426826477 695.99 1270.80 794.54 1348.76 664.38 1513.30 565.83 1435.34
P1448 0.9939892292022705 5818.66 4365.95 6027.13 4372.02 6023.80 4486.37 5815.33 4480.29
P1448 0.9908667802810669 577.54 1188.62 687.97 1273.18 563.37 1435.89 452.94 1351.33
P1448 0.9856953024864197 885.81 1409.99 992.57 1489.77 876.40 1645.22 769.64 1565.44
P1448 0.9815880060195923 798.27 1344.10 902.00 1417.62 773.62 1598.73 669.90 1525.21
P1448 0.9701275825500488 990.12 1502.59 1075.30 1565.44 969.49 1708.85 884.32 1646.00
P1448 0.9649848937988281 4067.33 4672.23 4192.77 4665.19 4202.57 4840.07 4077.13 4847.11
P1448 0.9476075768470764 3943.63 4656.24 4066.77 4653.81 4070.62 4848.59 3947.48 4851.02
P1448 0.6320996284484863 1646.61 5518.75 1774.84 5517.76 1775.92 5656.96 1647.68 5657.96
P1448 0.23486751317977905 5763.94 4673.64 5931.18 4667.42 5935.34 4779.30 5768.10 4785.52
P1448 0.18804363906383514 1312.82 1732.85 1403.34 1797.17 1308.88 1930.11 1218.36 1865.79
P1448 0.16320748627185822 6323.23 1330.42 6824.76 1315.94 6839.50 1826.40 6337.98 1840.88
P1448 0.12244784086942673 1552.36 1609.80 1657.91 1690.59 1438.85 1976.82 1333.29 1896.03
P1448 0.10002203285694122 1296.45 1428.80 1455.33 1561.25 1334.11 1706.66 1175.23 1574.21
P1448 0.08363305032253265 494.62 1098.69 609.86 1160.95 507.92 1349.63 392.68 1287.37
P1448 0.06925111263990402 2330.38 4224.71 2505.31 4199.28 2521.47 4310.47 2346.53 4335.89
P1448 0.06899084895849228 5398.28 3526.28 5672.79 3514.55 5687.92 3868.45 5413.41 3880.18
P1448 0.054628826677799225 5515.68 3990.16 5640.45 3989.78 5641.08 4200.72 5516.31 4201.09
P1123 0.16078902781009674 5153.36 149.72 5387.45 91.76 5425.56 245.70 5191.47 303.65
P0026 0.05882992595434189 2441.96 2379.79 2516.32 2435.09 2481.57 2481.82 2407.21 2426.52
P2666 0.6749357581138611 2616.84 1700.64 2655.63 1669.36 2675.05 1693.44 2636.26 1724.72
P1153 0.39611026644706726 -20.38 3173.04 161.79 3107.70 206.91 3233.50 24.73 3298.84
P1153 0.27525123953819275 1635.88 2147.71 1785.48 2020.73 1840.25 2085.25 1690.65 2212.23
P1153 0.06302984058856964 1517.48 312.70 1634.99 271.39 1693.16 436.83 1575.65 478.14
P1422 0.999916672706604 3314.16 1535.33 3403.96 1465.81 3531.57 1630.67 3441.77 1700.18
P1422 0.9998871088027954 3523.46 1381.42 3612.59 1312.84 3739.78 1478.15 3650.65 1546.73
P1422 0.9998840093612671 3202.23 1609.40 3290.46 1541.41 3420.01 1709.54 3331.78 1777.53
P1422 0.999855637550354 3419.99 1459.06 3509.71 1389.31 3641.32 1558.61 3551.60 1628.35
P1422 0.999841570854187 3623.12 1300.55 3714.34 1233.21 3844.90 1410.06 3753.69 1477.40
P1422 0.9992687106132507 5148.98 177.41 5254.57 112.73 5363.35 290.32 5257.76 354.99
P1422 0.9964796900749207 5129.07 3926.90 5326.47 3823.58 5387.66 3940.48 5190.26 4043.81
P1422 0.7002089023590088 6531.22 3369.49 6667.52 3301.80 6731.92 3431.48 6595.62 3499.17
P1422 0.6093165874481201 4111.93 517.85 4222.60 474.49 4318.12 718.25 4207.45 761.62
P1422 0.5757134556770325 5801.84 2439.10 5892.02 2515.05 5841.84 2574.63 5751.66 2498.68
P1422 0.4021745026111603 1514.43 353.32 1813.55 271.06 1904.75 602.69 1605.63 684.96
P1422 0.232005774974823 5119.74 1811.19 5204.44 1757.13 5259.39 1843.21 5174.69 1897.28
P1422 0.11188856512308121 5267.97 960.51 5382.57 879.55 5474.83 1010.15 5360.23 1091.11
P1422 0.11138663440942764 5599.35 1271.78 5750.98 1187.35 5802.99 1280.76 5651.37 1365.19
P1422 0.1103741005063057 4716.65 2355.20 4839.33 2264.70 4962.49 2431.66 4839.81 2522.16
P1422 0.07439005374908447 6466.36 935.38 6567.90 876.68 6633.90 990.83 6532.36 1049.54
P1422 0.05848117172718048 4323.18 535.93 4538.29 527.83 4545.26 713.01 4330.15 721.11
P1422 0.0579826794564724 4787.91 3611.45 4939.35 3541.43 5017.45 3710.38 4866.01 3780.39
P1422 0.055977124720811844 4116.03 2086.05 4206.72 2008.14 4299.44 2116.07 4208.75 2193.98
P2654 0.9998674392700195 1189.74 2856.37 1305.22 2855.72 1306.49 3080.55 1191.01 3081.21
P2654 0.9998492002487183 1062.94 2386.21 1179.53 2389.67 1173.15 2604.58 1056.56 2601.12
P2654 0.9998428821563721 942.52 2393.92 1055.49 2395.07 1053.40 2600.35 940.43 2599.20
P2654 0.999835729598999 933.30 2606.27 1053.99 2606.21 1054.11 2823.26 933.42 2823.32
P2654 0.9998277425765991 1058.10 2605.33 1175.29 2605.62 1174.74 2832.74 1057.55 2832.46
P2654 0.9998248219490051 947.55 2848.49 1059.89 2849.12 1058.68 3065.31 946.33 3064.67
P2654 0.9998157620429993 1061.94 2849.28 1181.34 2845.36 1188.97 3078.02 1069.57 3081.93
P2654 0.9998036026954651 1177.52 2619.03 1289.93 2617.57 1292.64 2826.33 1180.23 2827.79
P2654 0.9998014569282532 1179.37 2397.29 1292.86 2399.65 1288.65 2601.83 1175.16 2599.46
P2654 0.8872248530387878 1619.25 1286.80 1778.80 1283.65 1784.86 1590.11 1625.30 1593.27
P2654 0.6384821534156799 1439.71 1278.46 1616.41 1280.07 1613.56 1592.50 1436.86 1590.89
P2763 0.7329780459403992 4569.10 2823.83 4760.08 2801.53 4784.95 3014.51 4593.97 3036.80
P2763 0.4690658450126648 4871.94 2431.19 5042.20 2400.32 5090.18 2664.90 4919.92 2695.77
P2763 0.4220723807811737 4380.48 2806.61 4540.05 2815.53 4524.79 3088.39 4365.21 3079.46
P2763 0.3128368854522705 3108.98 4060.29 3212.01 4042.79 3237.81 4194.65 3134.77 4212.15
P2763 0.2755833864212036 4155.38 2536.80 4371.75 2536.02 4372.15 2647.07 4155.78 2647.85
P2763 0.1917378157377243 5733.60 4185.51 5952.53 4173.77 5960.06 4314.06 5741.13 4325.81
P2763 0.17884275317192078 698.77 3524.50 980.72 3509.83 988.60 3661.27 706.65 3675.94
P2763 0.12163600325584412 5066.83 2394.92 5238.52 2389.53 5249.82 2749.74 5078.12 2755.13
P2763 0.0766526460647583 5833.72 2041.24 6003.62 2028.77 6023.66 2301.68 5853.76 2314.16
P2763 0.07451502978801727 5413.99 1735.80 5597.37 1727.84 5607.87 1969.41 5424.49 1977.37
P2763 0.07153888791799545 913.76 248.73 991.57 248.57 991.71 316.83 913.90 316.99
P2763 0.0626521036028862 4519.06 2461.54 4694.65 2411.85 4778.70 2708.86 4603.10 2758.55
P1477 0.9997503161430359 1746.64 3354.95 1774.76 3348.82 1785.14 3396.42 1757.02 3402.55
P1477 0.9997017979621887 1405.15 2328.69 1430.49 2323.48 1438.91 2364.45 1413.57 2369.66
P1477 0.999690055847168 1736.47 3308.00 1765.00 3301.19 1776.10 3347.75 1747.57 3354.55
P1477 0.9996755123138428 1396.82 2279.74 1421.99 2275.88 1428.92 2321.00 1403.74 2324.86
P1477 0.9996597766876221 1204.69 1430.65 1251.05 1421.84 1255.90 1447.33 1209.54 1456.14
P1477 0.9996046423912048 1377.01 2333.84 1403.68 2328.47 1412.12 2370.37 1385.45 2375.74
P1477 0.9995836615562439 1199.24 1398.22 1244.87 1390.28 1249.37 1416.14 1203.74 1424.09
P1477 0.9995304346084595 1368.05 2285.70 1394.39 2280.36 1403.54 2325.53 1377.19 2330.87
P1477 0.9994516968727112 1406.36 2070.44 1438.97 2065.62 1446.35 2115.44 1413.73 2120.26
P1477 0.999382734298706 1193.23 1366.00 1240.00 1357.95 1244.37 1383.35 1197.60 1391.40
P1477 0.9992116689682007 1210.05 1462.64 1256.42 1453.56 1261.52 1479.56 1215.14 1488.65
P1477 0.9990450739860535 2318.01 1813.39 2345.33 1808.84 2353.36 1857.00 2326.04 1861.56
P1477 0.9391394853591919 2226.35 1497.35 2273.70 1487.81 2279.22 1515.21 2231.87 1524.74
P1477 0.696351170539856 1236.33 2188.95 1288.06 2177.67 1302.55 2244.15 1250.82 2255.43
P1477 0.5079590082168579 2211.87 1506.19 2225.41 1503.30 2230.14 1525.42 2216.60 1528.32
P1477 0.42032647132873535 1275.96 2819.37 1318.99 2811.08 1324.00 2837.04 1280.97 2845.34
P1477 0.33227014541625977 1205.11 1338.68 1246.33 1333.92 1248.87 1355.87 1207.64 1360.63
P1477 0.2796316146850586 1283.48 2849.74 1326.92 2842.29 1331.39 2868.34 1287.95 2875.80
P1477 0.23627793788909912 1361.33 2317.70 1380.00 2312.84 1389.03 2347.57 1370.36 2352.43
P1477 0.1061321496963501 1405.81 2053.88 1427.51 2048.90 1431.91 2068.10 1410.21 2073.07
P1477 0.08647170662879944 1356.10 2257.57 1386.24 2253.85 1390.34 2287.13 1360.20 2290.85
P1477 0.06324498355388641 1160.09 2108.72 1267.39 2089.62 1281.73 2170.18 1174.43 2189.28
P1477 0.05777936801314354 1683.75 3311.32 1715.48 3301.30 1728.81 3343.53 1697.08 3353.55
P1590 0.5318787097930908 3792.15 2037.32 3815.51 2039.10 3812.13 2083.38 3788.77 2081.60
P1590 0.06166650727391243 2995.01 3531.21 3026.94 3514.67 3044.32 3548.23 3012.39 3564.77
P1436 0.9995297193527222 2025.13 3584.70 2071.42 3585.58 2069.83 3668.51 2023.54 3667.62
P1436 0.9960299134254456 1971.07 3585.44 2013.58 3584.95 2014.50 3665.20 1971.99 3665.68
P1436 0.5921130180358887 2073.45 3603.23 2099.00 3603.48 2098.54 3650.31 2073.00 3650.06
P1436 0.32559704780578613 1966.34 3484.81 1992.54 3484.09 1994.36 3550.91 1968.16 3551.62
P1436 0.2345723658800125 1941.16 3600.71 1965.73 3601.07 1965.06 3645.86 1940.50 3645.50
P1436 0.10840211808681488 3445.94 4941.58 3581.31 4931.93 3586.00 4997.69 3450.63 5007.34
P1436 0.07762182503938675 4737.95 3717.79 4770.44 3707.04 4789.34 3764.18 4756.84 3774.93
P1436 0.07312244921922684 4432.73 1870.13 4487.38 1849.55 4505.55 1897.79 4450.90 1918.37
P1236 0.9612904787063599 1800.16 901.11 1816.86 887.29 1841.81 917.42 1825.11 931.25
P1236 0.9531018733978271 1817.99 886.25 1836.03 871.84 1861.90 904.23 1843.86 918.64
P1236 0.3054382801055908 1838.16 870.93 1854.92 857.83 1883.42 894.28 1866.66 907.39
P1236 0.2625589072704315 154.55 1656.43 176.47 1670.31 158.26 1699.06 136.34 1685.18
P2773 0.07680739462375641 3056.97 2943.69 3107.95 2949.88 3105.45 2970.46 3054.48 2964.28
P1468 0.9999023675918579 2674.61 6680.77 2877.48 6682.45 2876.50 6801.36 2673.63 6799.67
P1468 0.9999004602432251 2671.61 6808.01 2875.00 6810.06 2873.92 6916.64 2670.54 6914.59
P1468 0.9998906850814819 795.24 7518.04 1001.95 7505.50 1009.02 7622.19 802.32 7634.73
P1468 0.9998643398284912 485.15 7539.01 674.01 7525.56 682.32 7642.34 493.47 7655.79
P1468 0.9997168183326721 2675.53 6562.55 2883.83 6564.38 2882.85 6675.65 2674.55 6673.82
P1468 0.9993791580200195 895.19 2753.34 1034.80 2753.17 1035.08 2972.94 895.46 2973.12
P1468 0.9987026453018188 783.27 2764.33 903.99 2763.24 905.83 2968.70 785.11 2969.78
P1468 0.557376503944397 2680.96 6921.73 2863.75 6930.17 2859.72 7017.43 2676.93 7009.00
P1468 0.418232798576355 730.80 2828.88 770.47 2829.22 769.83 2904.62 730.16 2904.28
P1468 0.25842809677124023 1737.48 643.22 1877.76 625.82 1912.90 909.05 1772.62 926.46
P1468 0.19121581315994263 1029.59 2817.95 1076.89 2818.44 1076.08 2895.77 1028.78 2895.27
P1263 0.9769638180732727 3504.74 3367.18 3538.68 3386.44 3527.31 3406.46 3493.38 3387.21
P1263 0.9752105474472046 2606.20 3494.36 2625.95 3502.80 2610.79 3538.29 2591.04 3529.85
P1263 0.8974341750144958 2578.32 3482.51 2598.92 3492.11 2582.78 3526.74 2562.18 3517.14
P1263 0.2446165233850479 3834.42 1907.39 3850.58 1916.95 3830.96 1950.11 3814.80 1940.56
P1263 0.09793584048748016 3846.13 2081.67 3877.14 2097.87 3866.27 2118.68 3835.26 2102.48
P1263 0.0966276228427887 3891.27 1950.46 3914.53 1963.63 3897.01 1994.55 3873.75 1981.37
P1677 0.16911523044109344 1389.94 3817.03 1409.90 3813.46 1416.54 3850.61 1396.58 3854.17
P1447 0.9995614886283875 432.13 1377.69 485.61 1375.00 490.27 1467.81 436.79 1470.50
P1447 0.9994826316833496 422.58 1254.74 476.49 1252.51 480.48 1349.01 426.58 1351.24
P1447 0.9994310736656189 416.79 1138.54 474.87 1138.15 475.52 1236.15 417.44 1236.54
P1447 0.9878183603286743 388.51 2131.07 451.29 2132.25 449.42 2232.12 386.63 2230.94
P1447 0.9564926624298096 577.84 2135.61 643.93 2134.36 645.69 2227.10 579.60 2228.36
P1447 0.8301371932029724 516.05 2133.48 578.04 2133.74 577.63 2233.06 515.64 2232.81
P1447 0.8178740739822388 323.68 2133.80 389.50 2134.85 387.95 2231.54 322.13 2230.48
P1447 0.663576066493988 458.28 2140.95 516.80 2141.45 516.04 2231.62 457.52 2231.12
P1447 0.662382960319519 379.93 2241.06 452.90 2240.97 453.09 2386.38 380.12 2386.47
P1447 0.522728443145752 496.24 1010.89 542.07 1010.72 542.37 1095.57 496.55 1095.73
P1447 0.4111155867576599 631.21 1017.47 678.87 1016.35 680.81 1098.53 633.14 1099.66
P1447 0.40699562430381775 564.33 1014.09 618.62 1013.56 619.46 1099.25 565.17 1099.78
P1447 0.2860119640827179 701.96 1025.89 740.74 1025.94 740.65 1098.63 701.88 1098.58
P1447 0.27036982774734497 768.30 1155.26 807.87 1155.22 807.95 1237.19 768.38 1237.23
P1447 0.2566065490245819 369.03 1386.27 405.62 1385.29 407.50 1456.06 370.92 1457.03
P1447 0.20170967280864716 322.75 2214.73 397.45 2216.68 390.87 2469.35 316.17 2467.41
P1447 0.11152959614992142 494.03 1150.38 541.72 1149.81 542.66 1228.08 494.96 1228.65
P1447 0.06478365510702133 353.15 1256.57 398.15 1253.57 402.79 1323.36 357.78 1326.36
P1447 0.05921319127082825 703.76 1157.19 742.85 1156.61 744.09 1241.03 705.01 1241.60
P1447 0.05226517096161842 830.27 1153.08 870.21 1153.16 870.05 1237.33 830.10 1237.25
P1447 0.052260078489780426 639.14 1153.39 677.43 1154.43 675.25 1234.04 636.96 1232.99
P2648 0.9998394250869751 1545.15 603.76 1665.50 600.63 1671.21 820.38 1550.86 823.51
P2648 0.9998069405555725 1565.00 1325.97 1690.17 1321.67 1697.68 1540.59 1572.52 1544.89
P2648 0.9997883439064026 1564.56 1083.09 1683.11 1081.73 1685.67 1305.92 1567.13 1307.27
P2648 0.9997729659080505 1531.93 358.30 1659.19 354.93 1665.15 580.13 1537.89 583.50
P2648 0.9996311664581299 1675.78 843.95 1804.15 841.70 1807.94 1058.28 1679.57 1060.52
P2648 0.9996091723442078 1436.80 1090.12 1561.56 1088.29 1564.75 1305.71 1439.99 1307.54
P2648 0.999563992023468 1404.31 362.72 1531.93 357.92 1540.62 588.83 1413.00 593.64
P2648 0.999498724937439 1418.69 602.75 1545.42 599.14 1551.95 828.21 1425.22 831.82
P2648 0.9994872808456421 1431.06 842.48 1550.98 840.63 1554.58 1073.58 1434.66 1075.43
P2648 0.9993770718574524 1440.43 1331.16 1566.35 1328.14 1571.82 1555.55 1445.90 1558.58
P2648 0.9993034601211548 1673.44 605.59 1785.68 602.76 1790.96 812.08 1678.72 814.91
P2648 0.9992287158966064 1552.99 847.43 1679.79 846.15 1681.97 1063.13 1555.17 1064.41
P2648 0.9980344176292419 1698.40 1329.04 1813.73 1328.00 1815.47 1520.24 1700.14 1521.28
P2648 0.9975795149803162 1659.66 362.15 1775.04 359.99 1779.06 574.28 1663.68 576.45
P2648 0.9956533908843994 1684.95 1088.58 1795.95 1083.53 1805.38 1290.75 1694.38 1295.80
P2648 0.43710947036743164 1047.28 1020.90 1388.99 1007.13 1401.23 1311.15 1059.53 1324.92
P2648 0.40119051933288574 1049.91 1326.87 1400.35 1324.83 1401.72 1560.22 1051.28 1562.26
P2648 0.30837786197662354 1010.08 743.99 1408.48 746.19 1406.97 1019.35 1008.57 1017.15
P1504 0.2128763049840927 669.61 4455.97 709.27 4451.49 715.70 4508.55 676.05 4513.02
P1772 0.17979340255260468 2386.07 2135.28 2431.51 2106.75 2447.95 2132.93 2402.50 2161.46
P1772 0.05606551840901375 2159.21 3704.48 2237.84 3675.14 2308.60 3864.83 2229.97 3894.17
P1862 0.9999525547027588 231.01 1738.60 481.58 1790.72 453.76 1924.45 203.19 1872.33
P1862 0.9999371767044067 199.21 1891.05 451.50 1947.06 419.95 2089.21 167.66 2033.20
P1383 0.07983578741550446 1892.51 3855.20 1963.46 3849.07 1970.11 3925.91 1899.16 3932.05
P1383 0.055319808423519135 2266.61 4023.09 2314.04 4015.03 2331.33 4116.78 2283.90 4124.84
P1372 0.07508399337530136 3363.77 509.37 3379.63 497.53 3401.39 526.70 3385.53 538.53
P1270 0.8159934282302856 2831.69 457.55 2863.05 477.82 2851.12 496.28 2819.76 476.02
P1270 0.7604302763938904 1891.20 2059.47 1920.41 2076.18 1894.07 2122.23 1864.86 2105.52
P1270 0.7597545385360718 2819.10 476.37 2849.76 499.63 2837.65 515.61 2806.98 492.34
P1270 0.6993347406387329 1510.37 1945.62 1543.69 1962.62 1534.19 1981.26 1500.86 1964.26
P1270 0.28897011280059814 2177.37 1572.28 2210.70 1591.38 2199.75 1610.49 2166.43 1591.39
P1270 0.2761920094490051 3149.01 933.63 3178.27 953.92 3166.10 971.46 3136.84 951.17
P1270 0.21429699659347534 1863.08 2044.20 1890.59 2061.02 1863.31 2105.64 1835.80 2088.81
P1270 0.18644960224628448 1499.14 1966.52 1529.79 1983.55 1520.16 2000.89 1489.50 1983.86
P1270 0.1547662764787674 1917.22 2069.43 1937.46 2080.72 1914.24 2122.36 1894.01 2111.08
P1270 0.1164247915148735 3158.35 917.08 3190.91 937.18 3181.00 953.23 3148.44 933.13
P1270 0.05082421749830246 2160.51 1530.13 2204.77 1552.77 2185.72 1589.99 2141.47 1567.35
P2647 0.44842591881752014 453.92 1435.81 551.80 1436.40 550.89 1586.71 453.01 1586.12
P2647 0.3030112683773041 321.57 783.61 398.61 785.46 394.62 951.15 317.58 949.29
P2647 0.17297402024269104 442.00 1674.52 574.22 1678.25 568.40 1884.45 436.18 1880.72
P2647 0.15478172898292542 383.91 457.61 465.21 456.24 469.35 701.13 388.05 702.50
P2647 0.07615552842617035 325.21 443.12 397.56 442.23 400.56 685.75 328.21 686.64
P2647 0.0528901182115078 1925.15 2024.36 2034.27 2001.25 2073.94 2188.58 1964.82 2211.69
P1248 0.9955924153327942 3731.65 2765.47 3752.81 2760.76 3761.68 2800.55 3740.51 2805.26
P1248 0.993160605430603 3754.56 2763.04 3777.25 2759.12 3783.42 2794.86 3760.73 2798.78
P1248 0.9898951649665833 963.41 3620.42 987.16 3621.17 985.97 3659.06 962.22 3658.31
P1248 0.9897856712341309 942.37 3619.75 964.26 3620.50 962.96 3658.47 941.07 3657.72
P1248 0.9888297915458679 984.31 3621.89 1005.96 3622.68 1004.62 3659.13 982.98 3658.34
P1248 0.9816628098487854 961.98 3663.15 983.64 3663.40 983.25 3698.01 961.59 3697.77
P1248 0.9808506965637207 942.03 3660.95 962.98 3661.97 961.22 3698.02 940.27 3697.00
P1248 0.9526022672653198 2939.96 3606.20 2961.24 3601.22 2970.68 3641.48 2949.40 3646.47
P1248 0.9446155428886414 2916.95 3612.48 2940.16 3607.24 2949.13 3647.00 2925.92 3652.23
P1248 0.9356397986412048 3475.24 889.02 3499.70 885.61 3505.61 927.97 3481.15 931.39
P1248 0.8810952305793762 3759.59 3218.72 3802.51 3215.69 3804.06 3237.54 3761.14 3240.58
P1248 0.8579786419868469 3728.23 2743.03 3763.47 2734.95 3767.88 2754.19 3732.63 2762.27
P1248 0.843064546585083 2795.86 2624.80 2818.69 2622.60 2822.26 2659.80 2799.43 2661.99
P1248 0.8385457396507263 982.94 3663.83 1003.61 3663.77 1003.71 3697.57 983.04 3697.63
P1248 0.830812394618988 2802.03 2671.39 2823.78 2667.99 2829.36 2703.69 2807.61 2707.09
P1248 0.8305008411407471 676.10 969.90 700.28 969.94 700.22 1012.71 676.04 1012.68
P1248 0.7379588484764099 658.42 978.40 675.01 978.05 675.73 1011.83 659.14 1012.18
P1248 0.7209908962249756 2789.57 2590.18 2809.96 2586.94 2815.34 2620.81 2794.96 2624.05
P1248 0.15461429953575134 647.61 979.44 659.91 979.45 659.89 1009.89 647.60 1009.88
P1248 0.061577361077070236 3800.93 3216.93 3815.14 3215.55 3817.31 3237.81 3803.10 3239.20
P1248 0.05396571010351181 2658.34 3278.57 2695.49 3285.81 2691.83 3304.56 2654.68 3297.31
P1229 0.8471357822418213 2305.98 2293.78 2339.99 2277.53 2349.90 2298.26 2315.88 2314.50
P1229 0.8083214163780212 2316.81 2317.06 2352.84 2302.48 2361.09 2322.89 2325.07 2337.46
P1229 0.6921681761741638 3906.11 2374.90 3930.76 2369.18 3940.76 2412.24 3916.10 2417.96
P1229 0.22849848866462708 3899.46 2330.56 3922.27 2326.55 3929.06 2365.19 3906.25 2369.20
P1229 0.11512922495603561 3274.20 2628.75 3312.43 2617.23 3319.66 2641.24 3281.43 2652.76
P2737 0.3936402201652527 849.48 756.00 865.29 748.95 877.74 776.85 861.93 783.90
P2737 0.36131083965301514 865.34 789.94 880.77 782.96 891.81 807.35 876.38 814.34
P2737 0.33703646063804626 929.90 652.15 964.65 633.93 1006.46 713.64 971.71 731.86
P2737 0.2564726769924164 832.76 1148.77 846.69 1142.15 859.03 1168.12 845.10 1174.73
P2737 0.10765670984983444 836.83 1257.80 848.63 1251.97 860.24 1275.46 848.44 1281.29
P2737 0.05659464746713638 924.19 488.06 962.83 458.61 1014.08 525.86 975.43 555.31
P2737 0.054430149495601654 821.76 1262.65 835.36 1256.63 846.59 1282.00 832.99 1288.02
P2723 0.23160745203495026 2722.56 2628.59 2734.56 2632.36 2730.91 2643.99 2718.91 2640.22
P2341 0.9927768707275391 626.62 289.84 652.10 306.65 624.87 347.91 599.40 331.10
P2341 0.9537490010261536 603.26 276.98 624.59 290.86 600.41 328.03 579.08 314.15
P2341 0.9453448057174683 579.22 257.16 604.16 272.88 577.14 315.76 552.20 300.05
P1237 0.9855681657791138 3531.77 2012.32 3548.46 2024.95 3525.34 2055.51 3508.65 2042.88
P1237 0.9824748635292053 3550.21 2027.33 3568.95 2041.78 3545.72 2071.93 3526.97 2057.48
P1237 0.9400418400764465 2013.90 3388.94 2036.56 3392.60 2030.27 3431.46 2007.62 3427.79
P1237 0.83541339635849 3134.71 969.61 3157.59 976.14 3146.48 1015.06 3123.59 1008.53
P1237 0.8311694860458374 3972.35 3453.81 3994.48 3456.72 3989.88 3491.80 3967.74 3488.90
P1237 0.6989672183990479 4541.89 3971.95 4608.55 3937.12 4625.70 3969.95 4559.04 4004.78
P1237 0.666019856929779 3952.85 3453.00 3975.25 3455.51 3971.25 3491.24 3948.85 3488.73
P1237 0.3880178928375244 3825.89 1211.81 3858.98 1206.84 3864.55 1243.83 3831.45 1248.80
P1237 0.3714021146297455 567.10 1712.31 604.60 1690.65 615.15 1708.91 577.65 1730.57
P1237 0.36000436544418335 1526.42 1321.73 1555.51 1293.44 1573.15 1311.58 1544.06 1339.88
P1237 0.3304399847984314 3708.15 3638.64 3747.14 3621.86 3755.84 3642.08 3716.85 3658.86
P1237 0.3186579942703247 4810.90 1580.57 4833.68 1573.85 4846.46 1617.19 4823.68 1623.91
P1237 0.14311987161636353 2537.15 869.95 2562.39 883.76 2541.69 921.61 2516.45 907.80
P1237 0.11856051534414291 4536.56 3942.95 4593.06 3914.55 4605.87 3940.02 4549.37 3968.43
P1237 0.08546391874551773 1829.55 1243.12 1856.63 1269.49 1841.99 1284.51 1814.92 1258.15
P1237 0.06203300878405571 1548.05 3024.46 1566.93 3032.61 1553.95 3062.72 1535.06 3054.58
P1237 0.05210485681891441 1512.91 1310.70 1536.85 1287.30 1552.20 1303.00 1528.27 1326.40
P1857 0.9328569769859314 831.49 3457.13 889.39 3460.87 883.77 3547.87 825.87 3544.13
P1857 0.12186644971370697 905.30 3461.43 964.56 3467.10 955.15 3565.36 895.88 3559.69
P1172 0.16874736547470093 107.30 6239.67 217.03 6157.57 375.70 6369.62 265.96 6451.73
P1362 0.9722755551338196 800.37 1613.88 823.14 1608.53 830.59 1640.22 807.81 1645.57
P1362 0.9306030869483948 825.44 1610.07 844.25 1605.86 851.38 1637.69 832.57 1641.90
P1362 0.0753859132528305 442.59 2465.35 483.59 2442.94 492.41 2459.08 451.41 2481.49
P1379 0.99094557762146 3588.18 3451.86 3656.45 3495.03 3577.13 3620.48 3508.86 3577.31
P1379 0.8910155892372131 3515.79 3406.62 3575.26 3443.90 3497.00 3568.76 3437.53 3531.48
P1379 0.885478675365448 1265.74 3306.42 1328.68 3367.41 1191.20 3509.28 1128.26 3448.29
P1379 0.5867473483085632 1387.01 3945.81 1457.87 3995.56 1361.90 4132.25 1291.04 4082.50
P1379 0.2922269105911255 617.07 2083.05 804.33 2179.35 750.39 2284.23 563.13 2187.94
P1379 0.24098655581474304 2801.14 3955.25 2868.98 3997.72 2805.20 4099.62 2737.36 4057.16
P1379 0.1270408034324646 3678.93 3319.42 3801.09 3385.72 3737.65 3502.63 3615.49 3436.34
P1379 0.12072417885065079 3043.35 2803.70 3225.45 2628.95 3360.54 2769.73 3178.44 2944.48
P1379 0.0903421938419342 3709.54 3203.53 3879.06 3306.63 3816.61 3409.31 3647.09 3306.21
P1379 0.050418950617313385 836.90 3677.87 940.46 3714.21 903.62 3819.18 800.06 3782.84
P1262 0.3781232237815857 3615.10 2895.65 3654.08 2910.35 3647.63 2927.45 3608.65 2912.76
P1262 0.16888833045959473 3675.04 2917.89 3710.42 2932.58 3702.52 2951.59 3667.15 2936.90
P1262 0.0753345638513565 3772.17 3525.03 3793.72 3513.11 3808.62 3540.08 3787.07 3551.99
P1262 0.05286552011966705 3396.20 3449.58 3419.53 3464.32 3397.57 3499.08 3374.24 3484.34
P0635 0.06400094926357269 1218.09 1058.48 1237.46 1057.28 1239.62 1091.95 1220.25 1093.15
P2500 0.08367100358009338 1223.97 1921.13 1241.48 1911.72 1256.29 1939.28 1238.78 1948.68
P2500 0.06437277048826218 1357.59 1845.85 1377.45 1835.62 1392.53 1864.91 1372.67 1875.14
P2486 0.05247429385781288 1144.76 681.95 1187.52 681.54 1187.96 727.61 1145.20 728.02
P1206 0.9859203696250916 2966.96 891.16 2987.89 883.14 3001.03 917.44 2980.09 925.46
P2782 0.9996656179428101 1883.99 332.73 2011.43 322.14 2029.77 542.82 1902.33 553.41
P2782 0.8802274465560913 2650.34 933.99 3102.96 882.05 3127.93 1099.63 2675.31 1151.57
P2782 0.20060671865940094 1619.78 999.93 1863.44 968.28 1934.29 1513.71 1690.63 1545.36
P1425 0.29984399676322937 4130.48 852.39 4209.72 895.04 4132.06 1039.32 4052.83 996.67
P1425 0.11557570844888687 3054.48 459.05 3177.86 345.90 3284.64 462.35 3161.26 575.49
P1425 0.08630480617284775 2514.36 1301.51 2621.37 1399.55 2508.67 1522.56 2401.66 1424.53
P1320 0.14175410568714142 2648.82 2643.06 2682.00 2622.23 2691.98 2638.14 2658.80 2658.96
P1252 0.14806190133094788 552.57 2558.39 581.56 2571.85 569.65 2597.49 540.66 2584.03
P1252 0.06193076819181442 609.57 2517.00 635.88 2529.05 617.71 2568.68 591.41 2556.63
P2559 0.08136001229286194 -11.73 155.30 38.98 146.15 45.34 181.39 -5.37 190.54
P2361 0.9993108510971069 589.32 1871.83 608.36 1888.53 575.67 1925.80 556.63 1909.10
P2361 0.794115424156189 161.12 425.99 198.25 400.82 219.21 431.74 182.08 456.91
P2361 0.2664549946784973 1089.23 1687.81 1111.90 1706.64 1086.22 1737.56 1063.55 1718.73
P2361 0.09140362590551376 214.51 281.97 230.28 268.74 256.11 299.54 240.34 312.77
P2361 0.08041451126337051 203.26 445.40 223.14 431.89 240.98 458.13 221.10 471.64
P2760 0.99972003698349 2118.81 3347.00 2138.03 3330.48 2168.85 3366.35 2149.63 3382.87
P2760 0.9995192289352417 2142.96 3326.21 2162.53 3310.32 2193.24 3348.13 2173.68 3364.02
P2760 0.9990091323852539 3316.59 1860.42 3367.48 1841.94 3377.80 1870.36 3326.91 1888.83
P2760 0.9963668584823608 511.55 470.39 531.22 456.75 559.78 497.92 540.12 511.56
P2760 0.6253573298454285 1893.92 3025.49 1934.42 2988.56 1956.96 3013.28 1916.46 3050.21
P2760 0.05166879668831825 2753.01 46.46 2791.48 22.43 2802.35 39.83 2763.88 63.85
P1381 0.5142127275466919 1270.89 3765.74 1357.58 3717.39 1391.57 3778.32 1304.88 3826.67
P1381 0.3148331940174103 254.49 2622.61 299.71 2606.88 322.85 2673.40 277.62 2689.13
P1381 0.065337173640728 1781.76 3944.97 1881.27 3887.97 1909.94 3938.01 1810.43 3995.02
P2441 0.16738183796405792 1325.84 1482.79 1347.34 1486.41 1340.86 1525.02 1319.35 1521.41
P2340 0.05903871729969978 1184.00 2011.73 1204.40 2004.73 1219.14 2047.65 1198.74 2054.66
P2684 0.05760219320654869 2378.68 1479.67 2519.45 1462.02 2529.50 1542.16 2388.73 1559.81
P2119 0.999859094619751 179.03 946.11 243.35 942.04 249.31 1036.07 184.99 1040.14
P2119 0.999626874923706 243.92 928.31 306.54 922.73 315.85 1027.32 253.24 1032.89
P1404 0.3886336088180542 1937.48 3210.53 2185.23 3371.75 2061.62 3561.71 1813.87 3400.49
P1404 0.06041880324482918 3413.87 -13.41 3712.56 -26.33 3718.58 112.78 3419.89 125.70
P0045 0.1439676284790039 255.80 758.48 341.31 732.85 380.44 863.37 294.93 889.00
P1355 0.11784976720809937 3869.03 3943.37 3915.63 3934.77 3919.75 3957.08 3873.15 3965.69
P2410 0.997825562953949 242.17 559.25 275.55 557.94 277.60 610.16 244.21 611.47
P2410 0.9943453669548035 246.30 617.24 277.98 616.37 279.30 664.67 247.63 665.54
P2410 0.6307260990142822 505.96 613.63 526.99 613.28 527.76 660.02 506.73 660.37
P2410 0.2854979336261749 475.68 608.28 495.54 608.46 495.20 645.66 475.34 645.48
P2410 0.07945024222135544 504.29 543.48 528.66 543.86 527.94 588.81 503.58 588.42
P2410 0.06909643113613129 298.24 400.59 438.06 403.87 433.12 614.40 293.29 611.11
P2515 0.1478077471256256 514.52 738.40 568.03 737.02 568.65 761.05 515.14 762.43
P2649 0.9998220801353455 1159.17 714.69 1290.73 713.82 1292.26 947.55 1160.71 948.42
P2649 0.9997952580451965 1278.17 463.63 1406.26 458.30 1415.92 690.75 1287.83 696.07
P2649 0.9997912049293518 1274.19 210.49 1407.50 208.88 1410.35 445.74 1277.04 447.34
P2649 0.9997767806053162 1286.31 712.94 1425.98 709.88 1431.04 940.72 1291.37 943.79
P2649 0.999776303768158 861.88 230.37 1005.78 225.28 1014.02 458.08 870.12 463.17
P2649 0.9997351765632629 1005.92 217.42 1143.09 214.74 1147.76 453.05 1010.59 455.74
P2649 0.9997339844703674 1139.52 219.32 1271.12 217.91 1273.57 446.36 1141.97 447.77
P2649 0.9997270703315735 1022.23 712.25 1157.64 709.88 1162.00 958.91 1026.59 961.28
P2649 0.9996787309646606 880.19 711.79 1021.04 709.45 1025.09 953.63 884.25 955.96
P2649 0.9996148347854614 867.07 472.18 1014.61 471.37 1015.88 702.83 868.34 703.64
P2649 0.9995602965354919 1146.41 468.50 1274.25 464.70 1280.94 689.38 1153.10 693.19
P2649 0.9995347261428833 1013.05 471.26 1148.32 467.34 1154.96 696.64 1019.69 700.56
P2649 0.3504965603351593 838.05 1012.41 958.99 1006.43 967.59 1180.28 846.65 1186.27
P0114 0.29018354415893555 392.51 651.85 496.44 598.28 520.32 644.61 416.39 698.19
P0114 0.06484170258045197 356.96 585.97 473.56 527.64 497.74 575.97 381.14 634.30
P1855 0.831171989440918 2418.63 142.22 2517.73 68.32 2565.73 132.69 2466.63 206.59
P1855 0.43462979793548584 2484.26 195.45 2581.68 136.94 2626.16 210.99 2528.75 269.51
P1855 0.1131153330206871 2365.47 64.20 2463.96 -14.34 2523.03 59.73 2424.54 138.27
P1855 0.06377293914556503 1406.92 2478.95 1551.75 2412.49 1663.80 2656.65 1518.97 2723.12
P0148 0.8183028101921082 1008.96 1391.66 1051.88 1414.07 1035.16 1446.08 992.24 1423.68
P0145 0.9998619556427002 479.25 822.11 539.20 805.63 567.80 909.67 507.85 926.15
P0462 0.9998351335525513 352.13 815.04 564.59 798.35 574.05 918.73 361.59 935.42
P2212 0.5302975177764893 1651.92 645.77 1703.52 648.91 1701.56 681.07 1649.97 677.94
P2212 0.17644058167934418 1649.62 676.72 1703.58 680.31 1701.33 714.14 1647.37 710.54
P1442 0.999847412109375 720.68 756.31 778.34 753.92 782.34 850.63 724.69 853.02
P1442 0.9998014569282532 734.22 1144.08 785.05 1144.40 784.46 1240.75 733.63 1240.44
P1442 0.9997983574867249 655.15 754.27 710.59 753.91 711.24 853.47 655.79 853.83
P1442 0.999779999256134 775.63 1029.79 826.92 1029.84 826.83 1131.20 775.54 1131.15
P1442 0.9997562766075134 795.46 754.23 848.45 754.23 848.46 856.04 795.47 856.05
P1442 0.9997550845146179 724.79 874.40 778.01 873.55 779.56 971.12 726.34 971.96
P1442 0.9997299313545227 803.55 1142.37 854.84 1143.69 852.32 1241.78 801.04 1240.46
P1442 0.9996826648712158 796.12 870.44 848.62 870.44 848.62 974.47 796.11 974.47
P1442 0.9996758699417114 706.42 1029.72 755.54 1028.79 757.44 1129.09 708.32 1130.02
P1442 0.9996753931045532 655.26 868.90 711.94 868.93 711.89 974.46 655.21 974.43
P1442 0.9978238344192505 1038.80 650.03 1174.49 648.03 1175.61 724.14 1039.92 726.13
P1442 0.9670013189315796 1039.77 491.34 1172.81 494.53 1170.99 570.53 1037.95 567.34
P1442 0.9002663493156433 1029.24 572.44 1170.68 570.29 1171.81 644.82 1030.37 646.96
P1442 0.6196814775466919 115.74 1393.87 182.37 1392.37 183.04 1421.88 116.41 1423.39
P1442 0.159942165017128 117.25 1215.20 192.43 1218.60 188.14 1313.42 112.95 1310.02
P1442 0.10602355003356934 671.01 1028.47 708.38 1025.42 716.19 1121.08 678.82 1124.13
P1595 0.2933931350708008 2647.33 3775.23 2678.84 3752.07 2719.59 3807.52 2688.08 3830.67
P0092 0.9996403455734253 1840.01 612.74 1959.72 608.92 1966.13 809.63 1846.42 813.45
P0092 0.9995354413986206 1853.85 388.29 1971.99 392.06 1965.83 584.67 1847.69 580.89
P0092 0.9993017911911011 1718.25 379.30 1844.70 385.40 1834.83 590.15 1708.39 584.05
P0092 0.9992058873176575 1985.51 384.84 2110.83 390.80 2101.36 589.94 1976.04 583.99
P0092 0.9987335801124573 1712.31 601.90 1836.86 605.84 1830.35 811.63 1705.81 807.69
P0092 0.9986857771873474 1978.62 608.80 2102.96 610.72 2099.81 814.21 1975.48 812.29
P0408 0.07554297149181366 992.65 39.78 1050.83 23.14 1056.98 44.66 998.80 61.30
P2658 0.9997814297676086 616.46 1145.23 741.31 1152.72 728.68 1363.38 603.83 1355.89
P2658 0.9997223019599915 637.41 911.64 762.20 923.93 740.40 1145.45 615.61 1133.17
P2658 0.9997122883796692 471.28 1121.87 609.43 1132.62 592.54 1349.82 454.39 1339.08
P2658 0.9996695518493652 655.36 675.21 780.46 686.66 759.74 912.95 634.64 901.49
P2658 0.9996670484542847 693.88 217.38 816.55 226.79 799.44 449.85 676.77 440.45
P2658 0.9996471405029297 829.06 243.20 936.22 249.67 923.32 463.13 816.17 456.65
P2658 0.9996296167373657 411.01 422.31 536.71 438.17 510.49 646.04 384.78 630.19
P2658 0.9996150732040405 676.43 457.80 800.96 469.44 781.28 680.00 656.75 668.36
P2658 0.9996090531349182 542.72 441.73 664.51 453.36 644.48 663.04 522.69 651.41
P2658 0.9995960593223572 562.57 200.68 685.76 213.76 662.16 436.03 538.97 422.95
P2658 0.9995526671409607 796.88 697.07 903.84 706.27 885.50 919.62 778.54 910.43
P2658 0.9995500445365906 514.42 665.21 645.11 679.06 622.08 896.31 491.39 882.45
P2658 0.9994062185287476 821.05 474.96 928.34 485.68 907.44 694.98 800.15 684.26
P2658 0.9992915391921997 490.59 894.27 622.52 906.10 603.08 1122.93 471.15 1111.10
P2658 0.9992444515228271 373.65 646.34 502.89 659.41 481.54 870.52 352.30 857.45
P2658 0.9992434978485107 754.91 1160.41 852.96 1165.34 842.42 1375.16 744.36 1370.23
P2658 0.999235987663269 428.91 197.44 555.85 208.63 536.95 423.06 410.01 411.88
P2658 0.997261643409729 357.31 868.59 479.59 879.45 459.66 1103.75 337.38 1092.89
P2658 0.9968488812446594 341.78 1103.54 461.44 1116.11 440.17 1318.40 320.51 1305.83
P2658 0.2335587739944458 1185.85 221.10 1598.08 279.20 1571.83 465.49 1159.60 407.39
P2195 0.9997953772544861 1135.87 327.95 1193.22 328.99 1191.52 422.70 1134.16 421.66
P2195 0.999695897102356 1076.12 226.16 1131.43 228.83 1126.83 324.00 1071.52 321.34
P2195 0.9995044469833374 1127.79 238.97 1193.79 234.22 1199.96 319.98 1133.96 324.73
P2195 0.997298538684845 1072.36 329.32 1127.09 332.05 1122.80 417.90 1068.07 415.17
P2195 0.9221680760383606 1204.34 305.86 1266.90 310.45 1258.12 430.22 1195.56 425.63
P2195 0.8192951083183289 1184.18 261.40 1244.56 234.78 1276.64 307.55 1216.25 334.17
P2195 0.16605783998966217 77.95 1754.88 230.72 1760.56 223.16 1963.60 70.39 1957.92
P0880 0.9998038411140442 547.75 400.25 670.35 402.75 666.06 613.02 543.46 610.52
P0880 0.9994800686836243 404.46 392.21 526.38 392.18 526.43 611.41 404.51 611.44
P0880 0.9944731593132019 286.97 409.69 384.11 409.93 383.65 593.56 286.51 593.32
P0880 0.6524327397346497 681.71 413.51 796.31 410.04 802.29 607.85 687.70 611.32
P0880 0.638346791267395 1.52 1675.22 61.20 1624.26 167.37 1748.57 107.69 1799.53
P0880 0.17864219844341278 1191.93 1430.78 1372.59 1369.69 1463.89 1639.68 1283.22 1700.77
P2272 0.07394979894161224 410.56 469.66 436.77 495.55 425.62 506.84 399.42 480.95
P2272 0.07201491296291351 820.97 123.00 859.56 95.40 871.85 112.58 833.25 140.18
P2272 0.05373341962695122 1118.40 605.12 1146.66 582.87 1164.51 605.53 1136.25 627.78
P2272 0.052527546882629395 369.36 923.23 383.36 911.05 424.40 958.21 410.41 970.39
P2136 0.9998632669448853 348.57 1015.86 406.91 1008.03 419.26 1100.15 360.92 1107.98
P2136 0.9998292922973633 282.30 1026.11 342.58 1019.05 353.00 1108.04 292.72 1115.10
P2136 0.9997174143791199 416.00 987.79 480.19 981.33 491.38 1092.47 427.19 1098.93
P2136 0.9996801614761353 496.70 976.82 561.87 968.86 576.18 1086.09 511.01 1094.05
P0196 0.9998026490211487 1605.96 466.92 1724.36 465.05 1727.16 642.57 1608.77 644.44
P0196 0.9997897744178772 1742.14 464.86 1854.44 462.21 1858.71 643.19 1746.41 645.84
P0196 0.999733030796051 1732.10 270.29 1848.66 269.07 1850.63 456.77 1734.07 458.00
P0196 0.9997227787971497 1599.04 273.26 1717.35 270.03 1722.48 458.03 1604.17 461.26
P2120 0.9998113512992859 867.23 783.06 949.45 858.46 906.58 905.20 824.37 829.80
P0877 0.9977889060974121 103.97 809.18 197.16 842.07 145.26 989.16 52.07 956.27
P0877 0.9967430233955383 282.47 875.95 387.68 909.85 339.20 1060.31 233.99 1026.40
P0877 0.9956132173538208 21.78 787.99 105.56 813.98 59.62 962.11 -24.17 936.12
P0877 0.9865474700927734 197.32 842.60 295.64 873.48 247.32 1027.33 149.00 996.45
P2391 0.8712905049324036 2220.01 1391.58 2249.54 1391.53 2249.61 1436.33 2220.09 1436.38
P2391 0.3854477107524872 2041.94 1583.20 2078.47 1583.64 2078.23 1603.11 2041.70 1602.67
P2391 0.13212698698043823 2280.99 1520.09 2307.92 1521.27 2307.28 1535.79 2280.35 1534.61
P2391 0.08224982768297195 2281.90 1535.76 2307.22 1538.50 2305.79 1551.63 2280.48 1548.89
P2588 0.10449916124343872 533.12 388.35 625.19 469.07 586.70 512.98 494.63 432.27
P2752 0.9996999502182007 841.94 1074.39 896.46 1070.90 903.11 1174.72 848.59 1178.21
P2752 0.9996695518493652 2281.17 926.02 2340.03 924.28 2343.20 1031.29 2284.34 1033.03
P2752 0.9993250370025635 2207.90 934.42 2267.24 931.89 2271.31 1027.00 2211.97 1029.54
P2752 0.9984879493713379 2135.80 939.17 2190.49 936.29 2195.33 1028.29 2140.65 1031.17
P2752 0.9947734475135803 846.62 1193.67 903.41 1191.96 906.83 1304.93 850.04 1306.65
P2752 0.9842736721038818 1959.35 891.07 2003.51 888.89 2008.01 979.96 1963.85 982.14
P2752 0.971510112285614 2051.37 955.05 2129.37 953.48 2130.37 1003.28 2052.37 1004.84
P2752 0.7571653723716736 2365.03 929.92 2402.20 927.77 2406.12 995.61 2368.95 997.76
P2752 0.33287468552589417 2424.23 926.63 2455.82 924.05 2461.09 988.53 2429.50 991.11
P2752 0.33196282386779785 673.09 863.22 719.13 859.69 723.97 922.73 677.93 926.27
P2752 0.28864598274230957 2473.88 920.38 2507.81 917.02 2514.01 979.65 2480.08 983.01
P2752 0.11088636517524719 713.60 866.64 739.51 865.15 742.54 917.68 716.63 919.17
P0772 0.057080574333667755 786.57 363.57 859.95 368.16 848.80 546.44 775.42 541.85
P0834 0.9996368885040283 1008.27 164.21 1218.55 158.07 1221.60 262.65 1011.32 268.79
P0834 0.9992885589599609 1032.75 288.93 1251.13 284.88 1253.24 398.98 1034.87 403.03
P0834 0.33555150032043457 1047.69 423.10 1207.45 414.80 1213.00 521.51 1053.23 529.81
P0834 0.10039117932319641 1001.67 57.01 1168.02 45.47 1176.41 166.34 1010.06 177.88
P2165 0.3037929832935333 1175.92 616.88 1217.88 608.38 1249.45 764.28 1207.49 772.77
P0107 0.9989286065101624 537.04 52.99 655.66 26.34 710.78 271.65 592.16 298.30
P2069 0.0810510590672493 726.47 1050.64 828.64 1044.35 831.48 1090.51 729.31 1096.79
P1162 0.0563586987555027 661.06 1417.53 868.32 1415.88 870.32 1667.06 663.06 1668.71
P0155 0.9994370341300964 603.09 551.42 655.15 525.12 694.49 602.98 642.43 629.28
P0155 0.9991023540496826 697.38 612.52 746.67 584.71 789.92 661.37 740.63 689.18
P0155 0.9990799427032471 658.19 524.18 708.81 499.72 746.58 577.90 695.96 602.36
P0155 0.9989783763885498 642.72 634.01 696.33 608.40 735.94 691.32 682.32 716.93
P0155 0.9989151954650879 712.03 498.30 761.41 473.83 800.76 553.20 751.38 577.68
P0155 0.9963294863700867 567.47 463.51 615.34 440.20 651.62 514.69 603.75 538.00
P0155 0.9955466985702515 753.26 583.85 804.22 560.85 840.46 641.17 789.50 664.17
P1188 0.9998700618743896 535.71 617.62 650.82 612.99 659.23 822.30 544.12 826.93
P1188 0.9998030066490173 411.93 621.10 528.46 614.91 539.75 827.32 423.22 833.51
P0802 0.9995515942573547 106.32 105.40 226.65 133.76 177.33 343.04 57.00 314.68
P0802 0.7735112309455872 -12.79 71.71 108.55 102.49 55.63 311.15 -65.71 280.37
P0667 0.9999151229858398 165.01 687.00 256.32 617.60 374.65 773.28 283.34 842.68
P0667 0.9998890161514282 373.40 525.90 466.44 453.78 584.27 605.77 491.24 677.90
P0667 0.9998290538787842 476.66 440.84 568.17 370.15 688.52 525.94 597.01 596.63
P0667 0.9998136162757874 579.46 363.63 671.65 288.29 796.15 440.64 703.95 515.98
P0667 0.9997946619987488 266.54 605.94 358.75 533.24 479.03 685.78 386.83 758.49
P2161 0.0767602026462555 1116.21 1581.02 1160.04 1571.64 1166.15 1600.16 1122.32 1609.54
P0231 0.4537646472454071 -50.97 1347.73 186.40 1402.38 170.88 1469.80 -66.49 1415.14
P0657 0.9997746348381042 84.46 311.02 212.91 329.26 188.49 501.28 60.04 483.04
P0657 0.999683141708374 116.14 134.78 241.75 155.25 214.29 323.78 88.68 303.31
P2277 0.08432908356189728 491.03 378.90 753.84 480.95 589.92 903.06 327.11 801.00
P2806 0.9997302889823914 417.17 295.79 524.17 305.09 505.64 518.12 398.64 508.81
P2806 0.9992579817771912 345.08 278.75 408.74 286.59 393.09 413.67 329.43 405.82
P2806 0.08705666661262512 494.96 1148.56 776.79 1179.25 760.28 1330.78 478.46 1300.09
P0197 0.9996036887168884 731.70 469.57 848.39 468.45 850.51 688.79 733.82 689.92
P0197 0.9994551539421082 987.98 211.71 1097.92 210.57 1100.06 416.56 990.12 417.70
P0197 0.9994250535964966 862.97 208.50 978.29 207.29 980.53 421.03 865.21 422.24
P2292 0.1587110161781311 1184.54 472.47 1202.06 464.55 1215.20 493.62 1197.68 501.54
P0369 0.9997028708457947 777.08 129.48 915.65 98.45 971.04 345.81 832.47 376.84
P0369 0.9996566772460938 605.41 161.81 738.94 132.80 793.44 383.60 659.91 412.61
P0230 0.9998089671134949 1361.74 77.97 1492.79 57.66 1525.63 269.52 1394.58 289.83
P0356 0.999444305896759 372.73 96.35 488.18 76.96 518.66 258.54 403.22 277.92
P0356 0.9994366765022278 220.60 124.65 336.81 105.63 364.13 272.52 247.92 291.54
P2273 0.1358492374420166 1257.22 694.55 1271.08 690.35 1279.26 717.34 1265.40 721.54
P0154 0.10460738837718964 805.02 530.68 828.21 522.28 845.83 570.94 822.64 579.34
P0640 0.998924195766449 663.94 490.83 844.09 612.58 777.56 711.02 597.42 589.28
P0640 0.9971839785575867 542.12 676.34 722.44 800.95 653.89 900.16 473.56 775.55
P0102 0.9992893934249878 3.60 963.82 129.37 975.54 112.90 1152.36 -12.87 1140.64
P0394 0.9999463558197021 1558.33 232.22 1670.73 186.69 1742.89 364.85 1630.49 410.38
P0394 0.999575674533844 1487.67 70.37 1604.00 19.78 1662.29 153.82 1545.96 204.41
P1039 0.9980072379112244 313.98 71.41 523.58 1.39 560.21 111.04 350.61 181.06
P2174 0.9894468784332275 159.70 432.15 189.12 428.92 194.13 474.48 164.71 477.72
P2174 0.9724720120429993 133.40 433.83 161.87 431.20 166.11 477.11 137.64 479.74
P2174 0.4665081799030304 775.90 520.18 872.17 520.93 871.64 589.28 775.37 588.53
P2174 0.1933896541595459 779.94 592.29 867.23 593.25 866.47 661.61 779.18 660.65
P2174 0.07137644290924072 780.13 450.13 870.58 450.36 870.42 513.91 779.97 513.69
P2147 0.9995244741439819 112.55 302.08 175.73 308.16 165.87 410.71 102.69 404.64
P2147 0.9980379939079285 249.46 317.06 312.14 325.52 298.48 426.68 235.81 418.22
P2147 0.9963518381118774 182.19 311.02 243.35 318.02 232.16 415.80 170.99 408.79
P1936 0.9997791647911072 286.48 680.05 338.53 659.63 373.62 749.10 321.57 769.52
P1936 0.9996979236602783 348.65 657.35 400.24 636.26 436.11 724.01 384.52 745.09
P1936 0.9996696710586548 408.56 632.90 462.31 611.94 496.15 698.73 442.40 719.69
P1936 0.9995822310447693 224.80 706.87 278.60 686.20 311.88 772.83 258.08 793.50
P0351 0.9990322589874268 180.30 527.29 364.96 586.67 327.91 701.91 143.25 642.53
P0351 0.9985070824623108 141.06 646.00 327.67 707.51 290.62 819.93 104.00 758.42
P0501 0.9998613595962524 234.38 270.34 387.84 414.12 306.69 500.73 153.23 356.95
P0501 0.9998236298561096 331.67 161.85 488.28 306.86 406.50 395.17 249.90 250.16
P0674 0.9990829229354858 345.95 134.92 510.78 206.87 467.69 305.59 302.86 233.64
P0674 0.9987298846244812 384.98 22.64 557.87 94.16 516.61 193.90 343.72 122.37
P0674 0.9985793828964233 295.27 245.10 470.01 315.61 428.12 419.41 253.38 348.90
P0674 0.9985395669937134 245.51 361.03 424.89 430.12 387.62 526.89 208.24 457.80
P0886 0.9938236474990845 131.84 321.13 224.23 381.22 124.07 535.21 31.68 475.12
