P1612 0.14120326936244965 2396.62 320.17 2436.41 295.80 2471.92 353.77 2432.13 378.14
P0051 0.998982846736908 1123.58 4225.07 1819.10 3984.11 1928.53 4299.97 1233.01 4540.93
P0051 0.9746628999710083 2031.22 4410.11 2194.45 4353.36 2335.39 4758.74 2172.16 4815.49
P0051 0.9634421467781067 1653.86 2105.68 1833.10 2132.17 1777.86 2506.03 1598.62 2479.55
P0051 0.7205501794815063 3029.51 2593.25 3604.58 2429.89 3691.93 2737.39 3116.86 2900.75
P0051 0.5282911658287048 1534.40 1079.84 2042.58 972.61 2162.41 1540.48 1654.23 1647.71
P0051 0.4271085560321808 3537.01 838.65 3579.49 824.25 3621.05 946.92 3578.57 961.31
P0051 0.4020577669143677 3447.62 3380.28 3963.68 3175.26 4056.19 3408.11 3540.12 3613.14
P0051 0.3380384147167206 2666.05 3141.82 3048.53 3018.93 3160.63 3367.81 2778.15 3490.70
P0051 0.27739417552948 2673.16 3684.30 3283.17 3418.01 3387.74 3657.55 2777.73 3923.84
P0051 0.26641419529914856 3181.80 2951.52 3803.66 2742.02 3925.73 3104.39 3303.88 3313.89
P0051 0.2503640651702881 2908.28 2380.84 3352.81 2198.36 3459.04 2457.14 3014.51 2639.62
P0051 0.15545979142189026 2296.25 2623.18 2854.17 2427.11 3034.61 2940.55 2476.69 3136.62
P0051 0.13847088813781738 2575.14 1141.92 2714.92 1084.37 2748.68 1166.38 2608.91 1223.92
P0051 0.12719236314296722 3882.06 2608.45 4171.57 2502.56 4342.20 2969.08 4052.69 3074.97
P0051 0.11040366441011429 1644.04 4422.52 1915.57 4317.05 2094.17 4776.83 1822.64 4882.30
P0051 0.10549420863389969 1369.23 4514.36 1647.67 4417.57 1821.76 4918.43 1543.33 5015.21
P0051 0.08549978584051132 1061.36 1334.36 1453.32 1167.94 1565.13 1431.26 1173.17 1597.69
P0051 0.08404543995857239 2428.19 552.99 2790.72 377.14 2972.96 752.85 2610.42 928.70
P0051 0.07839718461036682 2619.10 1479.20 2848.27 1443.81 2868.68 1575.91 2639.51 1611.31
P0051 0.07733562588691711 2613.40 1240.97 2758.23 1185.01 2787.44 1260.63 2642.61 1316.59
P0051 0.07205116003751755 2712.57 1516.73 3168.23 1354.76 3334.53 1822.58 2878.87 1984.56
P0051 0.05205884203314781 613.16 2448.73 1053.40 2296.38 1211.14 2752.17 770.89 2904.52
P1346 0.6559996604919434 2316.04 180.55 2356.65 158.92 2416.39 271.08 2375.77 292.71
P1346 0.28802070021629333 1133.22 2074.60 1207.02 2060.98 1216.05 2109.90 1142.25 2123.51
P1411 0.07273437827825546 2038.56 5170.37 2110.27 5165.45 2115.22 5237.60 2043.51 5242.52
P0325 0.1277470737695694 1043.94 758.53 1623.79 899.02 1572.95 1108.87 993.10 968.38
P1769 0.2606409788131714 2172.39 3980.44 2247.95 3999.16 2229.04 4075.48 2153.49 4056.76
P1769 0.17049114406108856 3604.07 3842.17 3663.85 3825.02 3692.64 3925.38 3632.86 3942.53
P1769 0.15730997920036316 2833.26 3464.07 2875.83 3474.70 2850.90 3574.44 2808.34 3563.80
P1769 0.09597858041524887 1967.91 3175.38 2017.29 3184.53 1997.61 3290.81 1948.23 3281.67
P2336 0.9996405839920044 291.17 2750.98 380.05 2763.04 359.19 2916.71 270.31 2904.64
P2336 0.9963125586509705 2556.86 2882.78 2628.23 2843.15 2702.26 2976.48 2630.89 3016.11
P2336 0.1432671993970871 2616.89 2829.06 2639.20 2820.33 2653.40 2856.59 2631.09 2865.33
P2493 0.07100267708301544 1077.75 1638.60 1322.14 1576.28 1457.60 2107.48 1213.20 2169.80
P0112 0.0953110083937645 5059.04 1796.22 5105.35 1815.11 5095.76 1838.59 5049.46 1819.69
P1363 0.9997677206993103 2051.58 807.11 2170.81 777.07 2223.28 985.31 2104.05 1015.35
P1363 0.9995126724243164 3430.95 3336.12 3531.31 3352.17 3494.66 3581.36 3394.30 3565.31
P1363 0.9372316002845764 1900.58 2960.30 2181.99 3101.81 2124.36 3216.41 1842.96 3074.90
P1363 0.7074507474899292 323.43 2886.22 374.25 2863.21 454.56 3040.58 403.74 3063.59
P1363 0.5728351473808289 1913.06 908.87 2006.68 880.82 2055.20 1042.78 1961.59 1070.82
P1363 0.4504728615283966 2752.21 1186.76 2790.40 1162.72 2842.10 1244.81 2803.91 1268.86
P1363 0.32945096492767334 3280.32 3369.96 3392.77 3389.09 3363.37 3561.86 3250.93 3542.74
P1363 0.2104589343070984 361.11 11.94 441.79 39.83 416.41 113.26 335.73 85.37
P1363 0.06891095638275146 2014.03 886.73 2065.27 873.96 2096.78 1000.39 2045.54 1013.16
P1363 0.05298015847802162 2401.13 3290.55 2554.13 3393.71 2510.28 3458.74 2357.28 3355.58
P1157 0.9941323399543762 6802.00 1115.15 6841.91 1142.28 6791.62 1216.26 6751.72 1189.13
P1157 0.8839470744132996 4754.67 254.19 4803.27 301.63 4721.81 385.09 4673.21 337.65
P1157 0.8322834372520447 6672.53 3692.35 6695.44 3694.66 6690.65 3742.26 6667.73 3739.95
P1157 0.8114067912101746 1759.91 262.27 1859.59 185.51 1891.56 227.04 1791.89 303.80
P1157 0.4018140435218811 6805.60 3605.70 6827.01 3604.47 6829.19 3642.64 6807.78 3643.86
P1157 0.2712475657463074 5875.75 2205.28 5955.89 2192.57 5986.19 2383.59 5906.05 2396.30
P1157 0.12592960894107819 3860.77 673.08 4057.49 769.17 3833.54 1227.69 3636.81 1131.60
P1157 0.06382816284894943 6650.70 3725.38 6672.72 3741.98 6660.01 3758.84 6637.99 3742.24
P1559 0.42708712816238403 1052.17 2279.67 1341.71 2214.24 1503.31 2929.37 1213.77 2994.79
P1559 0.3416312634944916 1128.87 2335.58 1331.64 2284.12 1353.04 2368.43 1150.27 2419.89
P1233 0.0766155943274498 2384.88 3172.02 2432.04 3130.41 2490.86 3197.07 2443.71 3238.68
P1233 0.06602742522954941 3352.86 1382.42 3500.54 1385.41 3498.17 1502.63 3350.49 1499.64
P1367 0.34451359510421753 810.08 2928.49 870.19 2967.55 766.50 3127.13 706.39 3088.07
P2652 0.9997619986534119 521.53 293.20 1228.51 291.25 1232.27 1653.01 525.28 1654.96
P2652 0.6716893911361694 473.63 1610.21 1254.02 1579.72 1275.13 2120.08 494.75 2150.58
P1334 0.9928684830665588 159.54 2044.27 264.51 2005.16 335.56 2195.91 230.59 2235.02
P1334 0.889806866645813 1052.03 2420.79 1163.95 2398.16 1203.68 2594.64 1091.76 2617.27
P1183 0.999745786190033 523.44 3055.07 1063.57 2582.93 1291.83 2844.06 751.70 3316.20
P1183 0.9523501992225647 5718.81 465.99 6232.29 516.49 6124.13 1616.49 5610.64 1566.00
P1183 0.7384734749794006 544.09 1470.44 860.75 1456.32 881.93 1931.55 565.28 1945.67
P1183 0.49245786666870117 144.65 3240.56 620.40 3140.45 803.38 4009.98 327.63 4110.10
P1183 0.4527749717235565 2729.27 3340.93 2979.34 3161.69 3131.14 3373.48 2881.07 3552.72
P1183 0.31183359026908875 717.41 3280.97 1197.80 3116.72 1391.29 3682.64 910.90 3846.88
P1183 0.2219690978527069 1674.45 3108.13 2026.80 3452.62 1298.78 4197.25 946.43 3852.76
P1183 0.21681061387062073 4865.37 529.14 5182.37 558.03 5137.97 1045.18 4820.97 1016.29
P1183 0.13807982206344604 5344.36 -46.41 5652.69 -28.80 5613.39 659.47 5305.06 641.87
P1183 0.12456203252077103 5837.66 -11.04 6260.82 71.88 6139.82 689.35 5716.66 606.43
P1183 0.12144535034894943 675.09 1943.55 1360.60 1331.83 1852.47 1883.04 1166.97 2494.76
P1183 0.11572197824716568 -67.46 2647.74 828.63 1913.88 1316.74 2509.90 420.64 3243.75
P1183 0.08401979506015778 2103.13 2751.67 2405.52 2461.91 2684.70 2753.24 2382.31 3043.01
P1183 0.07650227099657059 6066.41 936.42 6285.22 936.08 6286.04 1463.47 6067.22 1463.80
P1202 0.0500231608748436 2293.68 -6.81 2328.35 23.84 2270.25 89.58 2235.57 58.93
P2774 0.9964673519134521 2684.79 1582.28 2702.23 1595.00 2675.47 1631.67 2658.03 1618.95
P2774 0.9019643664360046 3133.65 1920.45 3171.70 1933.05 3165.24 1952.58 3127.18 1939.98
P2774 0.3654650151729584 2388.15 1203.12 2422.57 1223.80 2410.12 1244.52 2375.70 1223.83
P1180 0.747367262840271 792.81 1898.62 924.05 1786.34 988.46 1861.63 857.22 1973.91
P1180 0.2436218559741974 3787.71 594.19 4001.04 782.10 3626.13 1207.72 3412.80 1019.80
P1271 0.9655985236167908 5096.35 3338.38 5221.33 3326.65 5242.96 3557.13 5117.98 3568.86
P1611 0.9980657696723938 3241.92 494.08 3402.10 400.16 3444.49 472.46 3284.31 566.38
P1611 0.9977567791938782 2753.16 1412.72 2923.74 1318.83 2969.06 1401.17 2798.49 1495.06
P1611 0.07406897842884064 986.37 2170.58 1073.47 2124.57 1105.49 2185.18 1018.38 2231.19
P1712 0.9837275743484497 314.61 3330.50 350.17 3324.22 361.85 3390.46 326.29 3396.73
P1712 0.6068769097328186 2023.21 1166.67 2152.84 1079.04 2271.36 1254.36 2141.72 1341.99
P1712 0.25856900215148926 2877.92 3249.46 2976.47 3264.23 2956.98 3394.23 2858.43 3379.45
P1712 0.21301311254501343 3096.32 3820.86 3179.01 3831.24 3175.51 3859.16 3092.82 3848.78
P1712 0.06770912557840347 874.81 2198.02 1060.50 2361.98 988.20 2443.86 802.51 2279.90
P1712 0.06406540423631668 2205.33 1070.09 2278.92 1047.18 2331.63 1216.52 2258.04 1239.43
P1655 0.26584187150001526 1350.64 478.58 1426.20 468.55 1434.43 530.50 1358.87 540.54
P1004 0.10602729767560959 2732.62 2086.52 2752.14 2091.02 2743.17 2129.85 2723.66 2125.34
P1648 0.999733030796051 1402.62 1468.29 1632.23 1398.51 1667.29 1513.85 1437.68 1583.64
P1648 0.8636535406112671 2554.90 2620.18 2760.62 2744.02 2691.35 2859.07 2485.64 2735.23
P1648 0.0663379579782486 3010.92 2575.04 3037.50 2591.76 3012.37 2631.74 2985.78 2615.02
P2694 0.9998797178268433 2442.50 1761.08 2614.31 1816.39 2514.33 2126.98 2342.51 2071.67
P2694 0.10845820605754852 2506.71 2029.92 2863.88 2119.98 2808.86 2338.16 2451.70 2248.11
P2694 0.08430759608745575 2783.16 786.09 2839.20 769.40 2869.36 870.66 2813.32 887.35
P2694 0.06661444157361984 36.56 1597.80 142.21 1702.49 105.73 1739.31 0.08 1634.61
P2694 0.05713937431573868 2569.06 1879.00 2599.13 1888.20 2547.30 2057.66 2517.23 2048.46
P0166 0.1486702859401703 627.35 2717.27 773.92 2675.07 837.00 2894.14 690.43 2936.34
P1523 0.7626401782035828 2437.93 137.16 2650.65 85.97 2679.46 205.71 2466.74 256.90
P1523 0.6551206707954407 3308.53 1213.35 3384.59 1210.78 3388.12 1315.27 3312.06 1317.84
P1523 0.06456661969423294 2781.70 693.26 2810.34 691.76 2812.52 733.15 2783.88 734.65
P1523 0.05700783059000969 1196.48 1370.92 1248.57 1368.16 1253.63 1463.68 1201.53 1466.44
P1244 0.9998526573181152 3060.23 2219.59 3170.48 2188.44 3231.68 2405.04 3121.43 2436.19
P1244 0.96320641040802 3890.53 655.42 3921.15 633.83 3934.68 653.02 3904.06 674.60
P1244 0.07739336043596268 2969.24 2421.52 3038.26 2439.83 2997.65 2592.95 2928.63 2574.65
P1530 0.9938080906867981 3170.12 3157.67 3201.48 3165.82 3178.98 3252.38 3147.62 3244.22
P1530 0.6124457716941833 856.49 3461.17 913.26 3447.27 936.75 3543.25 879.98 3557.15
P1530 0.338657945394516 899.00 389.33 1048.08 344.20 1066.72 405.79 917.64 450.92
P1530 0.1481550633907318 2421.77 2241.38 2504.09 2221.32 2554.82 2429.49 2472.50 2449.54
P1530 0.0654338151216507 2425.02 2439.54 2473.85 2428.18 2492.29 2507.43 2443.47 2518.80
P1530 0.05198120325803757 3140.76 3789.62 3200.18 3812.29 3161.72 3913.13 3102.30 3890.47
P2602 0.0866449773311615 3938.71 3462.38 5092.37 3407.45 5113.19 3844.60 3959.52 3899.53
P2602 0.05282534286379814 3597.79 2964.84 5533.46 2767.67 5590.11 3323.84 3654.44 3521.01
P2749 0.1756029725074768 5280.80 2242.61 5431.64 2197.69 5453.77 2272.00 5302.92 2316.92
P1723 0.6888818740844727 3134.87 4580.33 3177.20 4568.84 3203.94 4667.38 3161.62 4678.87
P1723 0.10248810797929764 685.29 4622.45 890.63 4769.42 828.37 4856.41 623.03 4709.44
P2360 0.9594875574111938 2424.87 132.45 2511.02 217.46 2463.00 266.13 2376.85 181.12
P1716 0.06539285182952881 2832.33 3419.62 2957.54 3395.01 2973.72 3477.36 2848.52 3501.97
P1664 0.40486225485801697 1232.23 3883.88 1360.85 3782.26 1417.85 3854.41 1289.23 3956.02
P1664 0.3852385878562927 1394.70 3896.61 1476.74 3841.69 1584.08 4002.03 1502.04 4056.95
P1664 0.10558104515075684 1316.14 3889.10 1395.37 3894.70 1380.92 4098.83 1301.70 4093.23
P2459 0.8232124447822571 1859.96 1001.36 1899.76 976.71 1915.06 1001.41 1875.26 1026.06
P2459 0.5312117338180542 1744.46 993.70 1833.25 951.65 1904.86 1102.87 1816.06 1144.92
P2459 0.21132269501686096 1606.61 2112.32 1831.68 2070.14 1921.97 2551.95 1696.90 2594.13
P2459 0.11303522437810898 1609.64 796.25 1631.48 793.49 1635.75 827.28 1613.92 830.04
P1694 0.99979168176651 420.93 652.84 517.48 628.86 577.01 868.58 480.46 892.55
P1694 0.9926126003265381 172.23 3828.28 279.46 3802.57 339.29 4052.09 232.06 4077.80
P1694 0.8968095779418945 1353.13 281.08 1410.88 268.70 1431.46 364.74 1373.71 377.11
P1694 0.4019942283630371 3339.11 2042.58 3371.44 2070.28 3312.22 2139.40 3279.89 2111.70
P1694 0.35818055272102356 604.05 1463.39 674.53 1436.84 719.58 1556.40 649.09 1582.96
P1694 0.12565508484840393 2944.85 872.39 2998.10 854.90 3033.66 963.18 2980.40 980.66
P1694 0.12445750832557678 689.44 2935.89 782.31 2912.51 788.82 2938.37 695.95 2961.75
P1694 0.09510621428489685 49.97 3863.09 182.80 3840.00 216.05 4031.28 83.21 4054.36
P1694 0.07711348682641983 1315.76 285.20 1359.67 275.27 1381.49 371.79 1337.58 381.72
P2338 0.9995824694633484 554.96 2351.83 648.04 2363.72 629.33 2510.12 536.25 2498.22
P2338 0.9991357922554016 170.41 2824.28 249.03 2873.96 167.67 3002.73 89.05 2953.05
P2338 0.9984101057052612 2922.80 2460.09 2991.46 2418.59 3069.96 2548.46 3001.30 2589.96
P2338 0.8336055874824524 3655.67 2813.95 3886.73 2698.67 3957.74 2841.00 3726.67 2956.28
P2338 0.14332203567028046 2981.94 2403.75 3003.33 2394.84 3017.79 2429.54 2996.39 2438.45
P2338 0.07793047279119492 1278.86 3233.61 1296.57 3244.51 1278.38 3274.06 1260.67 3263.15
P1695 0.9996278285980225 1420.57 2599.56 1615.89 2549.55 1733.23 3007.87 1537.91 3057.88
P1695 0.35841912031173706 872.59 93.09 1072.66 33.56 1103.51 137.23 903.44 196.76
P1695 0.2506898045539856 2044.67 464.15 2258.76 411.26 2277.70 487.97 2063.62 540.86
P1695 0.1639811098575592 532.57 3949.77 849.50 3889.76 891.34 4110.77 574.42 4170.77
P1657 0.9972633123397827 3596.67 3509.99 3689.75 3458.52 3809.73 3675.47 3716.65 3726.94
P1657 0.9093543887138367 732.83 3643.74 874.16 3657.59 866.58 3734.92 725.25 3721.07
P1657 0.26014864444732666 2651.94 2759.90 2768.41 2690.73 2789.97 2727.05 2673.51 2796.22
P1657 0.17895439267158508 2666.19 3441.37 2840.31 3333.53 2887.00 3408.91 2712.87 3516.75
P1657 0.08910619467496872 1329.20 3342.75 1389.63 3323.33 1415.26 3403.08 1354.83 3422.50
P1657 0.07213334739208221 1107.74 1515.45 1200.56 1512.18 1204.08 1612.24 1111.26 1615.50
P1657 0.06980431079864502 1261.34 4388.72 1511.46 4427.55 1492.90 4547.11 1242.78 4508.28
P1628 0.951897919178009 365.17 1903.06 471.26 1855.94 498.47 1917.18 392.37 1964.30
P1628 0.8881044387817383 462.47 1661.04 570.33 1621.53 589.36 1673.49 481.51 1713.00
P1461 0.9999407529830933 1140.78 539.52 1901.07 601.73 1793.81 1912.64 1033.52 1850.43
P1461 0.9995927214622498 4734.07 3532.95 5197.68 3480.86 5305.26 4438.24 4841.65 4490.34
P1461 0.18770457804203033 1732.39 917.40 1842.62 925.08 1793.48 1630.20 1683.25 1622.51
P1635 0.9995911717414856 3140.95 2428.63 3265.80 2469.12 3246.06 2529.99 3121.21 2489.50
P1635 0.9966577291488647 3319.50 844.72 3383.96 786.77 3421.61 828.65 3357.15 886.60
P1635 0.9958810806274414 3868.91 1177.84 3925.48 1123.96 4018.11 1221.21 3961.54 1275.09
P1635 0.9874858260154724 1513.67 842.75 1556.75 862.34 1516.85 950.09 1473.77 930.51
P1635 0.9206395745277405 1916.17 2074.54 1943.33 2074.63 1943.15 2129.23 1915.98 2129.14
P1635 0.8371275067329407 1920.21 2180.56 1956.04 2155.16 2003.50 2222.13 1967.67 2247.52
P1635 0.717936635017395 3361.42 876.35 3407.23 832.84 3426.41 853.04 3380.61 896.55
P1635 0.7144932746887207 3800.85 1230.22 3881.61 1305.45 3842.37 1347.57 3761.61 1272.34
P1635 0.5194306373596191 3154.22 2422.95 3251.16 2426.88 3249.96 2456.50 3153.02 2452.58
P1635 0.36874398589134216 3110.08 505.89 3148.15 539.67 3130.34 559.74 3092.27 525.96
P1635 0.3613494038581848 1310.03 1333.21 1434.10 1429.65 1382.78 1495.67 1258.71 1399.23
P1635 0.3592677116394043 3076.56 542.97 3099.39 523.67 3132.06 562.32 3109.23 581.61
P1635 0.31514230370521545 2104.95 3460.64 2133.87 3466.70 2116.60 3549.20 2087.67 3543.15
P1635 0.2361002117395401 1467.26 3021.27 1511.76 3001.09 1552.81 3091.58 1508.31 3111.77
P1635 0.14012278616428375 1427.31 1580.58 1457.62 1551.40 1565.38 1663.35 1535.07 1692.52
P1635 0.11415963619947433 1591.02 3925.08 1641.60 3911.78 1668.50 4014.10 1617.92 4027.40
P1635 0.10806942731142044 2462.24 3121.31 2581.61 3164.54 2561.42 3220.29 2442.05 3177.06
P1635 0.09919952601194382 3082.09 2467.65 3129.34 2480.51 3123.62 2501.51 3076.37 2488.65
P1635 0.08194466680288315 269.61 549.54 410.84 554.54 409.04 605.31 267.81 600.31
P1635 0.07711232453584671 3220.83 544.94 3246.14 524.56 3299.56 590.91 3274.24 611.29
P1735 0.9995195865631104 2621.37 2303.26 2682.65 2255.27 2784.10 2384.82 2722.82 2432.81
P1735 0.9994825124740601 304.91 175.74 454.95 124.34 482.83 205.72 332.79 257.12
P1735 0.9990699887275696 467.46 1266.42 615.38 1217.34 643.78 1302.93 495.86 1352.02
P1735 0.9989383816719055 1316.79 4690.54 1359.76 4724.97 1295.68 4804.93 1252.71 4770.50
P1735 0.794942319393158 127.06 4619.06 195.44 4635.58 159.65 4783.72 91.27 4767.20
P1735 0.24993684887886047 1092.62 14.55 1143.77 5.98 1158.04 91.19 1106.89 99.76
P1735 0.2488958090543747 985.48 1823.00 1023.53 1816.87 1033.91 1881.28 995.85 1887.41
P1735 0.1992730051279068 286.10 126.77 322.90 119.07 336.79 185.49 299.99 193.19
P1735 0.10478422790765762 98.39 4760.55 163.30 4780.76 133.25 4877.29 68.34 4857.08
P1735 0.09831299632787704 142.32 4371.29 175.95 4366.59 185.27 4433.33 151.64 4438.03
P1735 0.08191686868667603 2603.87 2097.32 2644.95 2075.07 2670.17 2121.64 2629.09 2143.89
P1735 0.07536113262176514 769.47 2567.11 818.44 2549.05 825.61 2568.49 776.64 2586.55
P1710 0.13935959339141846 1306.69 2900.69 1631.28 2944.14 1603.80 3149.45 1279.22 3106.01
P1710 0.13010476529598236 2553.67 792.39 2643.05 799.90 2625.20 1012.40 2535.82 1004.89
P1710 0.126932293176651 373.65 2631.81 482.26 2591.92 573.91 2841.51 465.30 2881.39
P1710 0.058388713747262955 2350.87 1327.25 2481.87 1266.96 2566.13 1450.02 2435.13 1510.31
P0132 0.9999417066574097 2641.99 372.50 3176.20 395.74 3119.76 1693.26 2585.55 1670.02
P0132 0.4956400692462921 1917.49 213.38 2555.70 239.52 2497.01 1672.62 1858.80 1646.48
P0132 0.2988339960575104 1029.44 287.33 1746.45 274.38 1752.46 607.14 1035.46 620.09
P0132 0.226826474070549 1661.95 165.83 2024.08 207.88 1932.57 996.00 1570.43 953.95
P0132 0.0919715091586113 999.69 540.65 1699.02 573.51 1687.04 828.51 987.71 795.65
P0132 0.07407809793949127 1923.29 1540.50 2500.54 1635.68 2469.48 1824.06 1892.23 1728.88
P0132 0.062152814120054245 617.11 358.69 814.23 367.02 808.24 508.81 611.12 500.48
P1568 0.7364891767501831 1223.17 1289.77 1261.77 1278.50 1285.07 1358.37 1246.48 1369.63
P1568 0.1332808881998062 3867.26 1893.53 4020.67 1965.79 3975.26 2062.21 3821.85 1989.95
P1568 0.12123561650514603 907.58 1371.15 960.64 1348.54 972.67 1376.77 919.61 1399.39
P0912 0.16679677367210388 1410.07 941.04 1546.10 934.46 1556.22 1143.72 1420.19 1150.30
P2487 0.9996364116668701 -19.70 2059.49 162.34 2050.22 166.87 2139.02 -15.17 2148.29
P1406 0.11222640424966812 1427.55 1309.45 1883.37 1600.95 1766.97 1782.96 1311.16 1491.46
P1129 0.07448519766330719 1559.03 2928.23 1872.76 3005.56 1721.09 3620.88 1407.35 3543.55
P1396 0.5570195913314819 1942.28 6192.32 2921.15 6309.74 2860.67 6813.93 1881.80 6696.50
P1396 0.15283247828483582 2207.31 5679.51 2899.70 5815.95 2787.25 6386.58 2094.87 6250.14
P1553 0.8544822931289673 2128.04 3293.93 2476.45 3236.24 2515.92 3474.60 2167.51 3532.29
P1553 0.484967440366745 3350.79 1395.77 3577.20 1343.86 3591.67 1407.00 3365.26 1458.91
P1553 0.21386241912841797 2829.80 625.71 3062.60 581.22 3088.68 717.69 2855.88 762.18
P1553 0.20004598796367645 227.49 147.73 404.67 108.91 431.58 231.71 254.40 270.54
P1553 0.08735307306051254 722.15 3112.71 768.62 3147.17 709.80 3226.48 663.33 3192.02
P1553 0.07260793447494507 -7.14 1280.73 217.92 1227.61 244.56 1340.48 19.51 1393.61
P2643 0.1705755889415741 6040.81 1583.44 6288.86 1336.97 6425.73 1474.72 6177.68 1721.19
P1520 0.9951580166816711 1690.35 2387.56 1737.32 2381.12 1751.01 2480.85 1704.04 2487.30
P1520 0.9204370975494385 751.40 3423.39 803.72 3429.97 790.53 3534.83 738.20 3528.25
P1520 0.6894102692604065 1359.93 138.68 1378.73 129.09 1398.70 168.20 1379.90 177.80
P1520 0.6569344997406006 3812.13 1455.36 3871.62 1452.07 3886.26 1716.63 3826.76 1719.92
P1520 0.6465192437171936 2311.18 362.32 2352.06 370.44 2347.50 393.38 2306.62 385.25
P1520 0.6289125084877014 1374.53 91.80 1397.47 81.28 1425.72 142.91 1402.78 153.43
P1520 0.6092768907546997 1399.65 73.04 1422.18 62.21 1451.44 123.07 1428.92 133.90
P1520 0.25465643405914307 336.08 2709.34 367.71 2718.81 345.94 2791.50 314.32 2782.03
P1520 0.13245856761932373 3312.60 1590.73 3345.12 1586.40 3355.58 1664.99 3323.06 1669.32
P1520 0.11223141849040985 2704.71 2528.36 2766.77 2514.01 2774.00 2545.30 2711.94 2559.65
P1520 0.10880603641271591 -18.13 2411.13 18.47 2407.18 31.06 2524.05 -5.54 2527.99
P1520 0.08462005853652954 1336.53 147.61 1357.31 144.68 1362.88 184.24 1342.10 187.17
P1520 0.08118408173322678 2511.52 2085.27 2564.35 2054.79 2580.38 2082.56 2527.54 2113.04
P1520 0.07042635977268219 3756.91 3980.47 3814.23 3928.60 3832.43 3948.70 3775.10 4000.57
P1520 0.0631372407078743 1985.53 315.17 2082.72 288.14 2147.26 520.19 2050.07 547.22
P1520 0.05389713868498802 991.46 571.40 1016.18 567.83 1024.41 624.73 999.68 628.30
P1290 0.9995267391204834 1983.35 2807.46 2101.10 2903.07 2054.62 2960.30 1936.88 2864.69
P1290 0.13858017325401306 1662.21 2306.16 1929.86 2481.25 1817.01 2653.76 1549.36 2478.66
P1290 0.05170008912682533 2102.17 2552.23 2271.42 2572.13 2251.92 2737.93 2082.67 2718.03
P1536 0.9996708631515503 1369.44 3532.66 1463.08 3510.86 1514.31 3730.98 1420.67 3752.78
P1536 0.9224396347999573 2725.97 4191.60 2777.99 4174.89 2810.41 4275.83 2758.39 4292.54
P1536 0.8647181391716003 537.55 2931.94 594.30 2916.73 604.08 2953.22 547.33 2968.44
P1536 0.32916614413261414 3489.14 3434.49 3550.91 3420.78 3584.12 3570.36 3522.34 3584.07
P1536 0.11065980046987534 1481.19 3787.55 1581.19 3859.11 1529.80 3930.92 1429.80 3859.36
P1536 0.10630808025598526 -83.02 640.20 60.16 590.90 90.35 678.57 -52.83 727.88
P1536 0.10269530862569809 1672.14 941.85 1744.80 930.93 1751.87 977.98 1679.21 988.90
P1536 0.051094505935907364 2763.06 625.31 2846.33 606.71 2855.90 649.57 2772.63 668.18
P1378 0.6241962909698486 1802.02 3749.04 2125.63 3626.84 2188.57 3793.51 1864.96 3915.71
P1378 0.583699107170105 -77.76 263.61 653.88 667.77 476.22 989.38 -255.42 585.22
P1378 0.5642114877700806 1333.41 2289.14 1526.65 2160.08 1594.42 2261.54 1401.17 2390.60
P1378 0.51292884349823 2410.74 1675.99 2941.93 1941.90 2857.90 2109.75 2326.72 1843.84
P1378 0.4763549566268921 193.36 3995.09 531.98 4259.42 336.44 4509.91 -2.18 4245.59
P1378 0.44331586360931396 719.72 874.78 1721.58 1532.98 1564.38 1772.25 562.52 1114.05
P1378 0.42490485310554504 3517.63 2331.62 3926.71 2609.48 3821.56 2764.28 3412.49 2486.42
P1378 0.20203791558742523 2362.40 1911.54 2805.82 2177.60 2669.90 2404.13 2226.47 2138.07
P1378 0.06979738175868988 776.06 1700.36 927.62 1836.47 838.64 1935.55 687.08 1799.44
P2473 0.15136432647705078 855.61 1751.66 1463.86 1514.76 1575.26 1800.76 967.00 2037.67
P1261 0.9993415474891663 3828.04 765.84 3886.93 752.63 3913.24 870.00 3854.35 883.21
P1261 0.9713867902755737 972.28 3930.44 1028.96 3890.76 1102.05 3995.16 1045.37 4034.84
P1622 0.06319018453359604 1789.21 3064.34 1837.22 3053.79 1856.59 3141.92 1808.58 3152.47
P1330 0.9941735863685608 539.62 2111.01 680.41 2103.79 693.23 2353.43 552.43 2360.65
P1330 0.5397050976753235 1556.32 515.42 1654.95 585.76 1622.47 631.30 1523.84 560.96
P1330 0.0818299949169159 1932.59 2694.79 2070.07 2698.07 2068.25 2774.14 1930.77 2770.86
P1644 0.9972550272941589 34.87 3252.18 177.62 3216.22 236.25 3449.00 93.50 3484.96
P1644 0.9565887451171875 530.26 2054.19 638.23 2027.67 684.66 2216.66 576.68 2243.19
P1644 0.3201919496059418 447.06 896.83 580.17 862.23 599.90 938.12 466.79 972.72
P1644 0.07499483227729797 1063.65 1035.78 1259.64 968.61 1298.86 1083.05 1102.87 1150.22
P1644 0.05599614605307579 2134.11 3455.17 2266.52 3445.24 2273.76 3541.83 2141.35 3551.75
P1644 0.054376281797885895 3007.04 3134.43 3150.00 3099.43 3164.54 3158.80 3021.57 3193.80
P1593 0.9878194332122803 3777.46 1984.68 3874.49 1964.40 3886.73 2022.93 3789.69 2043.21
P1593 0.9824389219284058 2539.89 812.71 2581.07 822.96 2558.83 912.36 2517.65 902.12
P1593 0.3223719000816345 3431.32 840.57 3554.78 871.49 3508.47 1056.44 3385.00 1025.52
P1593 0.3070043623447418 1164.23 1791.61 1223.42 1786.34 1236.05 1928.09 1176.86 1933.37
P1593 0.1293351799249649 3322.38 2209.35 3429.34 2123.21 3465.08 2167.59 3358.12 2253.73
P1593 0.12331555783748627 1287.32 1758.08 1339.31 1756.26 1341.96 1832.06 1289.98 1833.87
P0239 0.08759421110153198 769.66 219.20 1004.61 170.24 1133.08 786.79 898.13 835.74
P0239 0.059621408581733704 484.12 137.17 667.15 58.70 987.90 806.79 804.87 885.26
P1472 0.139413982629776 2389.21 331.49 2818.15 282.76 2837.32 451.56 2408.38 500.28
P1163 0.23637592792510986 2786.43 4110.05 3243.45 4086.42 3272.44 4647.17 2815.42 4670.80
P1163 0.13028740882873535 2103.24 5040.33 2691.08 4919.92 2797.92 5441.52 2210.08 5561.93
P1163 0.1298036426305771 2402.53 4069.64 2749.78 4077.07 2729.21 5039.00 2381.96 5031.57
P1163 0.11394675076007843 4767.74 5741.09 5324.88 5276.04 5494.71 5479.50 4937.57 5944.55
P1163 0.07056926190853119 4447.39 4021.13 5094.19 4009.74 5107.29 4753.14 4460.49 4764.54
P1163 0.05729646608233452 5268.99 5300.76 6124.79 4457.65 6435.04 4772.57 5579.23 5615.67
P1335 0.9984486103057861 1961.08 1737.84 2052.07 1716.70 2090.95 1884.03 1999.95 1905.17
P1335 0.20333071053028107 681.63 1739.75 702.79 1731.35 717.99 1769.64 696.84 1778.04
P1500 0.0653235912322998 1422.94 3405.26 1856.43 3682.65 1733.25 3875.15 1299.76 3597.76
P0137 0.12104155868291855 1032.40 3545.21 1454.44 3704.21 1368.97 3931.07 946.93 3772.08
P0137 0.11692263931035995 5110.38 1575.58 5162.22 1589.67 5133.66 1694.73 5081.83 1680.64
P0137 0.059383634477853775 4283.58 4148.34 4459.59 4215.28 4423.87 4309.18 4247.86 4242.24
P1733 0.9999299049377441 1192.50 997.93 1255.30 982.88 1301.92 1177.35 1239.11 1192.41
P1733 0.9998947381973267 2704.20 1662.62 2770.37 1646.91 2817.71 1846.31 2751.54 1862.02
P1733 0.9998016953468323 2580.98 2378.25 2638.94 2366.13 2678.51 2555.41 2620.55 2567.52
P1733 0.9998002648353577 2946.69 3590.43 3091.33 3547.34 3114.63 3625.54 2969.99 3668.63
P1733 0.9996060729026794 279.84 2579.69 353.35 2562.66 398.66 2758.32 325.14 2775.34
P1733 0.9992055296897888 3534.10 3675.32 3599.41 3642.41 3684.67 3811.67 3619.36 3844.57
P1733 0.994123637676239 3714.78 1867.43 3863.19 1812.86 3891.41 1889.61 3743.00 1944.19
P1733 0.9620749950408936 446.34 2589.81 513.86 2574.37 539.94 2688.39 472.42 2703.84
P1733 0.599590003490448 362.01 2548.38 427.39 2531.63 462.59 2669.04 397.21 2685.79
P1733 0.5995374917984009 2204.95 271.10 2406.13 369.05 2371.47 440.24 2170.29 342.28
P1733 0.5850949883460999 1117.93 1948.39 1177.22 1936.30 1199.50 2045.64 1140.20 2057.72
P1733 0.3977578580379486 2667.99 1537.74 2743.55 1519.47 2778.84 1665.39 2703.28 1683.67
P1733 0.2588890492916107 2.52 3643.54 33.28 3638.25 39.45 3674.17 8.70 3679.46
P1733 0.1930045485496521 1839.68 1933.06 1936.44 1906.04 1955.02 1972.59 1858.26 1999.60
P1733 0.16338029503822327 2495.79 4193.61 2510.88 4189.60 2517.47 4214.40 2502.38 4218.42
P1733 0.15213912725448608 3197.77 3625.58 3238.33 3660.70 3203.53 3700.90 3162.97 3665.77
P1733 0.14382457733154297 3849.79 1768.14 3906.22 1745.36 3934.39 1815.13 3877.96 1837.92
P1733 0.13936209678649902 3006.98 2989.12 3067.48 2979.47 3088.44 3110.81 3027.95 3120.46
P1733 0.12936584651470184 2618.04 1731.61 2690.14 1702.81 2704.67 1739.19 2632.57 1767.99
P1733 0.12603864073753357 1617.07 2600.70 1756.82 2548.61 1778.82 2607.64 1639.06 2659.72
P1733 0.07448513060808182 2028.64 3861.28 2095.41 3851.01 2105.44 3916.21 2038.67 3926.48
P1733 0.06423361599445343 2516.70 110.14 2545.03 107.32 2551.02 167.49 2522.69 170.31
P1733 0.05324835330247879 2084.99 3939.26 2123.34 3927.99 2130.44 3952.17 2092.09 3963.44
P1733 0.05292433872818947 2190.20 353.37 2516.80 524.73 2483.39 588.39 2156.79 417.04
P1538 0.999721348285675 1050.03 2093.13 1144.21 2069.53 1200.97 2296.01 1106.79 2319.61
P1538 0.9965606331825256 1590.36 3008.42 1734.14 2961.50 1794.69 3147.07 1650.90 3193.98
P1538 0.5522315502166748 2349.61 3687.57 2430.24 3676.25 2443.13 3768.05 2362.50 3779.37
P1538 0.29041168093681335 3186.55 3689.65 3283.68 3669.89 3318.26 3839.82 3221.13 3859.58
P1538 0.17411823570728302 1924.65 855.17 1980.98 837.17 1990.06 865.60 1933.73 883.59
P1538 0.09909673780202866 604.51 3143.68 644.36 3135.71 658.41 3205.96 618.56 3213.93
P1564 0.9698492288589478 111.33 1726.91 250.91 1683.99 314.05 1889.28 174.47 1932.21
P1564 0.38255152106285095 1012.74 2366.34 1057.41 2353.48 1082.29 2439.92 1037.61 2452.78
P1564 0.3068164885044098 2790.11 3794.14 2854.63 3831.60 2832.50 3869.70 2767.99 3832.24
P1564 0.1486649513244629 1934.99 1153.39 2210.35 1167.95 2204.52 1278.28 1929.16 1263.72
P1564 0.12035694718360901 3392.11 3592.46 3449.20 3578.93 3462.68 3635.83 3405.58 3649.36
P1564 0.10755050182342529 3409.33 750.60 3492.08 736.23 3506.42 818.85 3423.68 833.22
P1564 0.08395618200302124 1814.46 2650.44 1861.39 2643.17 1869.71 2696.82 1822.78 2704.10
P1629 0.9998219609260559 1650.67 1256.40 1755.22 1339.93 1710.68 1395.67 1606.14 1312.14
P1629 0.9995993971824646 2762.66 3861.08 2874.97 3823.11 2893.15 3876.89 2780.84 3914.86
P1629 0.9994174242019653 1131.20 2609.75 1249.64 2581.89 1263.57 2641.15 1145.13 2669.01
P1629 0.9744291305541992 1138.22 41.42 1251.46 -23.72 1284.04 32.90 1170.80 98.05
P1629 0.4205642342567444 1594.72 1338.87 1629.42 1306.76 1707.34 1390.95 1672.64 1423.07
P1629 0.08614468574523926 2386.16 1023.62 2406.34 1041.29 2359.56 1094.74 2339.37 1077.07
P1734 0.999896764755249 416.70 2683.57 478.07 2674.03 507.86 2865.72 446.49 2875.26
P1734 0.9998749494552612 1055.41 4499.21 1105.09 4517.09 1055.04 4656.15 1005.36 4638.26
P1734 0.9997829794883728 1472.38 1589.72 1616.08 1536.82 1643.96 1612.55 1500.25 1665.45
P1734 0.9977388381958008 3089.98 3756.88 3148.13 3742.91 3187.98 3908.82 3129.83 3922.79
P1734 0.9823346138000488 1955.46 3243.76 2101.84 3193.35 2130.95 3277.88 1984.56 3328.29
P1734 0.7193368673324585 86.99 4411.75 195.22 4509.83 142.77 4567.70 34.54 4469.63
P1734 0.4260396957397461 203.84 4207.35 228.81 4203.76 237.65 4265.32 212.68 4268.91
P1734 0.16074128448963165 3974.49 4023.63 4013.39 4029.45 4003.47 4095.77 3964.57 4089.95
P1734 0.05031101033091545 572.35 2664.50 620.63 2654.52 626.52 2683.04 578.24 2693.02
P1345 0.9989728927612305 3570.00 3432.02 3664.75 3414.32 3695.13 3576.93 3600.38 3594.63
P2589 0.9891329407691956 355.89 364.76 765.14 526.16 501.70 1194.13 92.45 1032.73
P2366 0.10166119039058685 1282.95 781.47 1313.10 798.44 1301.21 819.56 1271.06 802.59
P2795 0.8429778814315796 2808.85 3512.40 3007.65 3504.80 3012.75 3638.37 2813.95 3645.96
P1448 0.9998999834060669 5039.25 3213.73 5784.80 3222.01 5770.32 4526.76 5024.78 4518.49
P1448 0.9998558759689331 6184.66 1026.34 6946.62 1044.41 6915.38 2362.52 6153.42 2344.46
P1448 0.9997835755348206 1460.10 2703.05 2509.00 3467.96 2037.16 4114.98 988.26 3350.08
P1448 0.20910820364952087 4362.63 609.19 4711.87 481.64 4935.62 1094.30 4586.39 1221.85
P1448 0.08849192410707474 5476.60 4676.84 5776.07 4649.03 5789.16 4790.00 5489.69 4817.80
P1448 0.05300441384315491 4054.45 2012.33 4414.37 1785.96 4639.07 2143.21 4279.15 2369.58
P1711 0.9988344311714172 1432.90 3169.92 1630.95 3296.33 1566.58 3397.18 1368.53 3270.77
P1711 0.35632359981536865 3479.81 592.73 3652.91 524.54 3710.04 669.55 3536.94 737.75
P1711 0.16285212337970734 659.35 2423.74 691.97 2444.82 651.84 2506.94 619.21 2485.86
P1711 0.07565471529960632 1339.09 3086.29 1433.48 3147.92 1330.46 3305.69 1236.07 3244.06
P1711 0.06940498948097229 2728.55 955.37 2876.22 877.57 2962.73 1041.77 2815.06 1119.57
P1690 0.9608557820320129 455.13 3680.75 558.52 3673.29 561.58 3715.68 458.19 3723.14
P1690 0.1927887201309204 2849.81 1544.36 2974.24 1572.21 2898.12 1912.30 2773.69 1884.45
P1690 0.14810898900032043 669.80 1066.01 727.89 1052.17 754.92 1165.63 696.82 1179.47
P1690 0.0630246251821518 91.86 1382.26 172.85 1407.08 115.86 1593.06 34.86 1568.23
P1654 0.9997782111167908 149.56 3172.66 391.71 3109.68 421.41 3223.87 179.27 3286.85
P1654 0.9996597766876221 3126.30 2636.12 3238.48 2658.99 3188.31 2905.07 3076.13 2882.20
P1654 0.9855388402938843 805.52 1383.04 842.45 1415.22 778.32 1488.81 741.39 1456.63
P1654 0.6625476479530334 1373.53 653.50 1985.78 406.02 2112.16 718.68 1499.91 966.16
P1654 0.4117674231529236 1177.94 166.75 1426.45 27.04 1530.00 211.24 1281.48 350.94
P2439 0.1215808093547821 219.79 2091.07 258.46 2108.11 213.27 2210.65 174.60 2193.61
P1546 0.9990476965904236 3533.68 168.32 3577.47 159.99 3594.33 248.62 3550.54 256.96
P1546 0.991346538066864 3290.95 2619.50 3422.97 2591.39 3435.74 2651.34 3303.72 2679.45
P1546 0.4866315424442291 1522.55 3666.18 1770.33 3605.69 1814.09 3784.97 1566.31 3845.46
P1546 0.42122364044189453 110.64 2850.91 175.78 2833.08 207.28 2948.21 142.14 2966.04
P1546 0.38669252395629883 1890.43 3218.25 2056.04 3185.76 2073.32 3273.86 1907.72 3306.35
P1546 0.06295862048864365 2581.38 3582.12 2736.15 3513.53 2773.62 3598.07 2618.85 3666.66
P2666 0.9994988441467285 2597.39 1705.56 2660.40 1652.56 2690.06 1687.83 2627.05 1740.82
P2666 0.46840259432792664 2857.28 1656.76 2876.10 1639.43 2895.40 1660.40 2876.58 1677.73
P1422 0.9996179342269897 2232.82 524.19 2860.07 94.84 3660.45 1264.14 3033.21 1693.49
P1422 0.37410908937454224 4892.72 399.77 5099.31 270.86 5420.27 785.25 5213.68 914.15
P1422 0.14762422442436218 1388.03 348.15 1897.38 287.79 1934.41 600.26 1425.06 660.62
P1667 0.934556782245636 2817.62 3426.14 2983.30 3502.99 2950.24 3574.27 2784.56 3497.43
P1667 0.8236494660377502 1762.05 2395.83 2004.24 2273.85 2048.71 2362.14 1806.52 2484.12
P1304 0.9995784163475037 176.50 3133.98 229.42 3088.89 326.76 3203.11 273.85 3248.21
P1304 0.3443545699119568 1088.86 3507.28 1139.42 3484.07 1200.85 3617.85 1150.28 3641.06
P1715 0.20199896395206451 3697.38 2575.26 3820.89 2584.28 3803.24 2825.86 3679.73 2816.84
P2654 0.9998569488525391 639.52 298.80 1380.83 274.68 1422.63 1559.45 681.32 1583.57
P2654 0.5064659714698792 1357.80 535.31 1981.51 538.78 1974.81 1745.20 1351.10 1741.73
P2654 0.14305946230888367 1434.07 1261.05 1605.75 1265.13 1597.66 1605.24 1425.99 1601.16
P2763 0.18704834580421448 4040.16 138.73 4166.10 140.66 4164.09 271.83 4038.15 269.90
P2763 0.11735676229000092 5042.15 2343.24 5322.22 2331.04 5339.42 2725.72 5059.35 2737.92
P2763 0.10395976901054382 4485.94 2328.03 5079.66 2257.47 5137.08 2740.63 4543.36 2811.18
P2763 0.0986843854188919 4329.84 2812.79 4559.78 2810.36 4562.65 3081.26 4332.70 3083.69
P2763 0.09823241829872131 5831.50 2760.33 6079.12 2756.81 6084.31 3122.68 5836.70 3126.20
P2763 0.0982256755232811 4062.84 2340.85 4371.81 2322.32 4392.45 2666.40 4083.48 2684.94
P2763 0.05465386435389519 4778.11 1706.11 5328.96 1669.61 5348.35 1962.16 4797.50 1998.66
P2763 0.05157320573925972 5772.61 1604.88 6101.50 1600.06 6109.92 2175.39 5781.02 2180.21
P1642 0.9995508790016174 2223.04 1927.09 2290.35 1944.15 2259.64 2065.32 2192.33 2048.25
P1642 0.9994534850120544 540.09 3726.47 665.80 3722.23 668.02 3788.14 542.32 3792.38
P1642 0.9822125434875488 2662.56 525.35 2722.84 467.54 2749.21 495.03 2688.93 552.84
P1642 0.9635476469993591 706.16 1089.77 804.59 1089.16 804.85 1130.92 706.42 1131.53
P1642 0.9134636521339417 2837.95 2492.27 2914.87 2491.72 2915.22 2540.95 2838.30 2541.49
P1642 0.8397750854492188 2262.31 4507.36 2381.79 4492.70 2388.15 4544.57 2268.67 4559.23
P1642 0.7050281167030334 549.40 3484.18 634.41 3491.17 629.93 3545.65 544.92 3538.66
P1642 0.4468030333518982 2756.59 4816.89 2898.38 4838.65 2890.52 4889.87 2748.73 4868.10
P1642 0.2593599259853363 2798.47 2525.64 2818.35 2525.40 2818.94 2574.22 2799.06 2574.46
P1642 0.24853765964508057 2723.65 2109.13 2806.49 2138.66 2780.21 2212.38 2697.36 2182.84
P1642 0.23363372683525085 2597.46 3038.21 2813.30 3009.05 2825.76 3101.31 2609.93 3130.47
P1642 0.14760297536849976 3122.40 3815.44 3206.60 3796.21 3257.91 4020.96 3173.71 4040.18
P1642 0.13354408740997314 2740.72 4861.04 2913.74 4881.48 2901.16 4987.95 2728.14 4967.51
P1642 0.11775852739810944 1718.81 3531.53 1797.78 3551.93 1784.83 3602.06 1705.86 3581.66
P1642 0.0606205053627491 3192.98 3397.08 3251.23 3343.26 3312.73 3409.81 3254.49 3463.64
P1642 0.05905319005250931 367.34 2309.20 426.20 2271.00 549.04 2460.31 490.18 2498.50
P1642 0.050604090094566345 192.94 708.29 248.93 724.42 228.92 793.84 172.93 777.70
P1626 0.606408953666687 1347.30 3972.94 1431.64 3995.82 1381.80 4179.54 1297.46 4156.66
P1626 0.07947876304388046 1153.98 3756.22 1245.25 3785.22 1184.90 3975.13 1093.63 3946.12
P1626 0.06168561056256294 369.88 4408.79 399.45 4432.41 357.78 4484.58 328.21 4460.96
P1477 0.9998995065689087 1111.28 1930.35 1252.32 1907.50 1298.23 2190.88 1157.19 2213.73
P1477 0.0762336477637291 1426.57 2265.79 1519.65 2249.77 1547.84 2413.64 1454.76 2429.65
P2715 0.9998600482940674 3727.28 1078.39 3771.66 1076.64 3775.04 1162.41 3730.66 1164.16
P2715 0.9997363686561584 1466.17 147.44 1504.46 136.23 1525.40 207.75 1487.11 218.96
P2715 0.9986042380332947 735.12 2082.00 774.72 2059.68 785.92 2079.56 746.33 2101.88
P2715 0.9984790682792664 3166.24 994.22 3189.76 993.83 3190.37 1030.97 3166.85 1031.36
P2715 0.9981620907783508 2741.03 41.25 2761.33 56.19 2733.76 93.65 2713.46 78.71
P2715 0.9955748319625854 934.89 154.52 956.82 157.81 949.71 205.21 927.78 201.92
P2715 0.9878377914428711 1025.69 499.53 1043.67 506.65 1027.88 546.51 1009.90 539.38
P2715 0.9631326794624329 3040.54 202.64 3075.61 202.21 3076.37 264.03 3041.30 264.47
P2715 0.9481343030929565 2273.15 1686.81 2291.65 1677.34 2314.65 1722.22 2296.15 1731.70
P2715 0.9294102787971497 3186.41 240.90 3209.51 241.44 3208.49 284.87 3185.39 284.33
P2715 0.9282703995704651 1058.62 1567.39 1076.98 1555.96 1095.33 1585.44 1076.97 1596.87
P2715 0.922691285610199 1378.16 210.15 1398.71 204.12 1410.92 245.69 1390.37 251.73
P2715 0.889819324016571 755.30 753.51 783.90 736.62 793.82 753.43 765.23 770.32
P2715 0.76444011926651 813.63 1754.93 869.67 1758.53 867.63 1790.27 811.59 1786.67
P2715 0.5995417237281799 732.26 1562.10 757.61 1561.62 758.41 1603.59 733.06 1604.07
P2715 0.5523759722709656 3827.44 31.47 3860.46 39.23 3854.51 64.52 3821.50 56.76
P2715 0.5059961676597595 808.08 634.99 825.70 630.90 832.59 660.58 814.97 664.67
P2715 0.3969334065914154 3402.18 41.00 3425.39 41.56 3424.76 68.03 3401.54 67.47
P2715 0.3669654130935669 2841.34 477.62 2903.08 477.06 2903.37 508.46 2841.62 509.01
P2715 0.26635080575942993 3451.75 33.41 3479.64 33.59 3479.44 64.51 3451.55 64.33
P2715 0.22016777098178864 2371.47 1372.56 2415.62 1359.65 2423.24 1385.73 2379.09 1398.64
P2715 0.21917909383773804 3082.12 191.70 3122.67 191.27 3122.90 212.80 3082.35 213.23
P2715 0.21286776661872864 1072.89 2378.95 1137.18 2404.28 1127.31 2429.35 1063.02 2404.02
P2715 0.17681753635406494 2914.76 445.48 2949.34 442.45 2951.54 467.56 2916.95 470.58
P2715 0.1663137525320053 3917.11 271.19 3953.63 305.89 3872.22 391.59 3835.70 356.89
P2715 0.1461072862148285 1098.56 1552.52 1123.86 1541.25 1135.33 1567.01 1110.03 1578.29
P2715 0.10051096975803375 824.82 1675.14 847.69 1676.29 845.49 1720.13 822.62 1718.98
P2715 0.09742859750986099 326.18 519.27 357.32 517.92 359.92 577.80 328.78 579.15
P2715 0.0826701745390892 1076.24 1562.46 1090.47 1552.35 1111.30 1581.65 1097.07 1591.76
P2715 0.07878612726926804 2006.11 1500.40 2019.55 1487.11 2047.00 1514.88 2033.56 1528.16
P2715 0.07561589777469635 2048.66 60.79 2119.27 24.72 2143.51 72.18 2072.91 108.25
P2715 0.06917688250541687 663.82 367.40 696.67 339.34 709.90 354.82 677.05 382.89
P2715 0.06452648341655731 3123.37 334.02 3162.01 342.16 3158.41 359.25 3119.77 351.11
P2715 0.056782543659210205 3434.69 28.21 3450.04 28.17 3450.15 72.53 3434.80 72.56
P2715 0.055745501071214676 3592.26 1670.76 3623.21 1665.49 3628.32 1695.52 3597.37 1700.79
P2762 0.9995686411857605 5821.60 282.76 5987.14 171.97 6043.91 256.79 5878.37 367.58
P2762 0.08520684391260147 5871.55 193.88 5933.78 155.77 5952.87 186.96 5890.64 225.06
P1590 0.9997192025184631 2254.03 3222.53 2311.91 3187.73 2384.59 3308.60 2326.71 3343.40
P1590 0.9989662170410156 2128.01 827.56 2244.51 806.10 2255.56 866.11 2139.06 887.56
P1590 0.997713565826416 1920.96 1539.17 2021.24 1553.84 1990.98 1760.57 1890.71 1745.89
P1590 0.938470721244812 2253.59 3087.72 2396.82 3060.89 2414.11 3153.20 2270.89 3180.03
P1590 0.8789476752281189 1328.82 2482.25 1375.31 2480.89 1377.96 2571.33 1331.47 2572.70
P1590 0.7290851473808289 2948.37 3554.40 3060.92 3489.51 3082.98 3527.76 2970.43 3592.66
P1590 0.6947243809700012 38.44 3249.37 88.86 3289.46 10.38 3388.16 -40.04 3348.08
P1590 0.2322552502155304 1542.73 388.14 1652.53 366.21 1666.21 434.73 1556.42 456.66
P1590 0.07185111939907074 204.46 3409.51 241.89 3418.24 227.03 3481.94 189.60 3473.21
P1590 0.056644707918167114 2669.21 3665.59 2804.64 3569.79 2860.24 3648.40 2724.81 3744.20
P1590 0.05422539263963699 1674.02 2033.27 1732.58 2065.68 1666.31 2185.44 1607.75 2153.04
P1525 0.3975992202758789 2920.39 1271.41 3031.07 1246.56 3041.50 1293.02 2930.82 1317.87
P1525 0.12558318674564362 2171.76 2880.79 2421.79 2831.34 2440.73 2927.10 2190.70 2976.55
P1331 0.21793000400066376 938.74 1291.20 1085.96 1248.67 1104.17 1311.70 956.95 1354.23
P1436 0.9989290833473206 1918.75 3557.95 2119.02 3560.44 2117.35 3694.90 1917.08 3692.42
P1436 0.11148838698863983 2698.70 2409.24 2883.24 2537.82 2743.92 2737.78 2559.38 2609.20
P1588 0.9997071623802185 2361.89 1373.04 2416.42 1356.39 2452.70 1475.23 2398.18 1491.88
P1588 0.9966281056404114 2708.90 2777.95 2774.11 2808.52 2705.25 2955.43 2640.03 2924.86
P1588 0.9844233393669128 2517.72 2122.08 2577.82 2131.84 2561.41 2232.90 2501.31 2223.14
P1588 0.5031866431236267 1298.82 3667.02 1495.96 3772.82 1459.90 3840.01 1262.76 3734.22
P1588 0.07646343111991882 2730.95 2219.11 2780.66 2191.21 2823.82 2268.11 2774.11 2296.00
P1588 0.05216551572084427 1740.63 3031.21 1808.86 3088.06 1774.64 3129.13 1706.41 3072.29
P1236 0.9311641454696655 3824.49 1122.55 3887.74 1099.64 3928.66 1212.60 3865.42 1235.52
P1684 0.9997031092643738 3526.59 131.07 3629.85 119.27 3655.62 344.94 3552.37 356.73
P1684 0.9987277388572693 3494.53 1604.83 3725.81 1592.58 3732.02 1709.93 3500.74 1722.18
P1684 0.6681616306304932 3407.78 800.32 3482.35 850.43 3396.27 978.54 3321.69 928.43
P1663 0.1541956216096878 2564.35 3987.60 2600.81 3979.89 2614.38 4044.01 2577.92 4051.73
P1303 0.9899041056632996 4072.19 2395.34 4129.27 2386.16 4146.09 2490.66 4089.01 2499.84
P1764 0.9898534417152405 3621.23 4124.68 3760.18 4201.67 3640.06 4418.47 3501.10 4341.49
P1764 0.1603202521800995 3010.16 3908.16 3103.00 3919.42 3071.40 4180.01 2978.56 4168.75
P1764 0.09458361566066742 3934.19 3497.08 3969.25 3507.31 3944.11 3593.48 3909.05 3583.25
P1722 0.9010564684867859 2391.94 3061.83 2427.70 3062.51 2426.41 3130.39 2390.65 3129.71
P1722 0.7829195261001587 282.97 1787.11 338.02 1765.65 373.37 1856.37 318.33 1877.82
P1567 0.9531568884849548 3881.80 1164.70 3974.06 1248.62 3820.84 1417.07 3728.58 1333.15
P1567 0.09076958894729614 2584.84 1097.93 2695.40 1090.14 2706.08 1241.70 2595.51 1249.49
P1567 0.08320320397615433 1661.81 2619.34 1682.65 2613.31 1699.82 2672.72 1678.97 2678.74
P2773 0.9992671608924866 1781.76 1018.44 1828.98 1003.94 1852.61 1080.90 1805.40 1095.40
P2773 0.08653364330530167 1513.71 577.82 1701.60 575.71 1702.74 677.21 1514.85 679.32
P1870 0.05027160793542862 3591.77 1032.78 3605.90 1026.51 3652.85 1132.28 3638.72 1138.55
P1576 0.9997820258140564 3554.39 3351.16 3671.50 3324.44 3728.08 3572.46 3610.97 3599.17
P1576 0.9995686411857605 1215.67 1534.63 1447.41 1480.11 1462.38 1543.71 1230.63 1598.24
P1576 0.5325990915298462 1150.14 3778.61 1253.58 3755.69 1286.93 3906.22 1183.49 3929.14
P1576 0.47631868720054626 3063.21 3939.06 3115.71 3928.83 3134.83 4026.90 3082.33 4037.13
P1576 0.46454936265945435 978.83 291.78 1150.65 183.87 1178.91 228.86 1007.09 336.78
P1576 0.21785689890384674 2288.80 2655.53 2401.12 2727.10 2365.84 2782.47 2253.51 2710.91
P1576 0.20629465579986572 211.90 3593.72 268.58 3571.12 317.37 3693.49 260.69 3716.09
P1576 0.20572306215763092 1882.49 1244.02 1928.95 1231.60 1941.12 1277.12 1894.66 1289.54
P1576 0.14469391107559204 1238.03 1602.07 1413.95 1565.24 1426.21 1623.79 1250.29 1660.62
P1576 0.1276409924030304 1834.17 1196.10 1883.71 1186.32 1902.09 1279.43 1852.55 1289.21
P1576 0.10246440768241882 2410.46 3053.10 2523.30 3033.03 2535.03 3098.97 2422.19 3119.04
P1576 0.0912335067987442 3111.90 3658.68 3260.64 3631.05 3285.46 3764.68 3136.72 3792.31
P1576 0.06391777843236923 3106.99 3542.17 3218.25 3517.30 3247.70 3649.03 3136.44 3673.90
P1576 0.060189325362443924 518.12 2524.98 652.66 2480.84 677.31 2555.96 542.77 2600.10
P1687 0.9998772144317627 3578.02 217.06 3687.65 244.12 3626.12 493.43 3516.48 466.37
P1687 0.7754616737365723 4046.23 2425.06 4112.58 2369.17 4146.39 2409.30 4080.04 2465.19
P1687 0.27504587173461914 944.91 1577.99 1060.22 1568.78 1072.25 1719.36 956.93 1728.57
P1760 0.7884513139724731 560.17 3689.52 703.50 3578.64 766.32 3659.86 622.99 3770.73
P1468 0.9992319345474243 1640.77 358.95 1957.96 341.78 2001.19 1140.61 1684.01 1157.77
P1468 0.99842369556427 643.32 2686.68 1181.89 2699.59 1173.96 3030.54 635.39 3017.63
P1468 0.9829971790313721 2627.70 6447.09 2928.93 6451.71 2918.49 7133.05 2617.25 7128.43
P1468 0.4832915663719177 1688.77 287.84 1911.37 263.27 1923.54 373.57 1700.94 398.14
P1263 0.33500757813453674 2548.38 3461.57 2665.08 3509.31 2644.30 3560.12 2527.59 3512.38
P1677 0.9997245669364929 1239.06 3722.02 1437.03 3682.33 1458.88 3791.36 1260.91 3831.05
P1677 0.9995577931404114 3713.49 3156.11 3916.62 3149.21 3919.88 3245.53 3716.76 3252.42
P1677 0.996480405330658 1245.89 3833.11 1444.28 3881.22 1415.69 3999.15 1217.29 3951.03
P1677 0.9488533139228821 2539.26 1727.14 2618.03 1720.68 2637.61 1959.61 2558.84 1966.07
P1677 0.7558013796806335 3152.41 1421.95 3229.57 1416.18 3242.43 1588.09 3165.27 1593.86
P1677 0.22750675678253174 1071.67 1163.99 1125.94 1159.08 1136.46 1275.35 1082.19 1280.26
P1677 0.1377018243074417 2365.45 1244.55 2474.88 1238.01 2486.51 1432.53 2377.08 1439.07
P1677 0.10934422165155411 853.05 2064.35 1082.93 2059.76 1084.59 2143.26 854.72 2147.85
P1677 0.09817636013031006 2645.96 3834.21 2707.69 3822.37 2743.98 4011.73 2682.25 4023.56
P1677 0.0601920485496521 2359.82 1846.33 2394.62 1843.46 2400.31 1912.52 2365.52 1915.39
P1516 0.7158052921295166 1343.73 476.54 1452.01 450.73 1465.82 508.68 1357.53 534.48
P1516 0.15600775182247162 1613.31 1878.35 1667.83 1918.90 1568.48 2052.50 1513.95 2011.96
P1516 0.07333984971046448 1487.80 3818.11 1550.94 3806.16 1581.57 3968.09 1518.43 3980.03
P1678 0.06514234095811844 194.08 3330.53 366.59 3296.25 391.23 3420.31 218.73 3454.58
P1447 0.9992874264717102 298.43 1459.91 664.30 1517.03 569.18 2126.26 203.31 2069.14
P1447 0.9987505674362183 1189.61 522.51 1570.88 454.21 1678.60 1055.53 1297.32 1123.83
P1447 0.07910808175802231 252.73 1995.83 626.62 2002.36 617.18 2543.05 243.28 2536.51
P1922 0.9994788765907288 61.66 233.31 351.22 164.58 503.20 804.81 213.64 873.55
P1605 0.5538093447685242 382.22 2947.72 611.66 2894.61 640.44 3018.95 411.01 3072.06
P1605 0.3780004382133484 353.79 2767.27 580.08 2720.39 610.21 2865.85 383.93 2912.73
P1605 0.274237722158432 87.08 403.82 231.55 365.56 345.95 797.48 201.49 835.74
P1605 0.11760052293539047 650.56 2858.57 816.68 2819.50 1007.71 3631.76 841.59 3670.83
P1605 0.05512705445289612 2086.93 807.24 2155.09 815.41 2143.38 913.15 2075.22 904.98
P1605 0.05431745946407318 149.86 3196.58 219.32 3180.52 248.34 3306.07 178.88 3322.13
P2586 0.9998959302902222 949.44 186.21 1364.97 209.82 1321.35 977.79 905.82 954.19
P2586 0.2582204341888428 400.61 150.84 891.61 210.03 833.83 689.26 342.84 630.07
P2586 0.19634412229061127 1365.93 334.34 1772.61 374.67 1728.83 816.09 1322.15 775.76
P2586 0.10368407517671585 827.09 923.02 1258.31 801.56 1408.19 1333.68 976.97 1455.14
P2586 0.0832846388220787 797.27 1855.22 1244.74 1668.10 1373.55 1976.14 926.09 2163.26
P2648 0.999885082244873 102.54 256.17 892.38 250.59 901.97 1606.28 112.13 1611.87
P2648 0.6921231746673584 976.23 485.70 1490.14 504.51 1443.00 1792.64 929.08 1773.83
P2648 0.20319145917892456 1370.26 1059.31 1740.80 1057.84 1742.06 1374.60 1371.51 1376.07
P2648 0.09002664685249329 1411.72 691.88 1584.57 692.92 1582.02 1119.62 1409.17 1118.58
P2648 0.06763457506895065 1404.85 341.38 1775.46 309.59 1800.01 595.83 1429.40 627.62
P1532 0.9996970891952515 1574.71 2393.95 1777.38 2345.83 1799.02 2436.95 1596.35 2485.08
P1532 0.9930872321128845 327.04 308.68 414.95 286.78 468.71 502.59 380.81 524.49
P1532 0.9382317662239075 2062.54 3658.92 2137.36 3643.19 2174.38 3819.25 2099.56 3834.98
P1532 0.7225990891456604 3816.32 481.09 3925.88 449.49 4020.31 776.92 3910.75 808.52
P1532 0.12220010906457901 1068.33 2805.00 1148.19 2761.22 1180.11 2819.44 1100.24 2863.22
P1532 0.0619058720767498 2570.17 1723.37 2716.03 1678.65 2730.11 1724.58 2584.26 1769.30
P1504 0.11225493252277374 173.56 3241.94 200.25 3243.84 196.80 3292.12 170.11 3290.22
P1772 0.09475670009851456 5151.26 3713.15 5302.52 3706.85 5307.54 3827.43 5156.28 3833.73
P2405 0.9995837807655334 755.59 420.26 856.15 384.02 923.40 570.64 822.85 606.88
P1767 0.6471438407897949 332.60 3492.51 408.32 3485.03 423.28 3636.33 347.56 3643.81
P1767 0.4828134775161743 246.20 3477.28 335.76 3492.92 306.04 3663.11 216.48 3647.48
P1767 0.40169548988342285 2643.12 3583.61 2690.93 3580.84 2696.69 3680.19 2648.88 3682.96
P1767 0.3258296847343445 2764.54 885.35 2807.48 865.55 2838.15 932.02 2795.21 951.83
P1767 0.26915624737739563 254.08 3376.46 398.16 3345.26 415.03 3423.19 270.95 3454.38
P1767 0.22961664199829102 460.77 3070.21 497.23 3056.64 520.48 3119.13 484.01 3132.70
P1767 0.1916133016347885 2977.99 3469.30 3035.43 3526.09 3005.93 3555.93 2948.49 3499.15
P1767 0.1439826637506485 2959.59 2362.40 3080.47 2309.46 3109.77 2376.35 2988.89 2429.30
P1767 0.11747448146343231 1301.14 3455.20 1341.11 3448.70 1354.83 3533.12 1314.86 3539.62
P1767 0.09709549695253372 1495.58 1701.65 1527.77 1710.85 1498.36 1813.78 1466.17 1804.59
P1767 0.06421056389808655 1373.82 1193.82 1439.19 1187.75 1441.81 1215.95 1376.44 1222.02
P1767 0.050674133002758026 1673.29 1756.85 1719.03 1775.24 1711.54 1793.85 1665.81 1775.46
P1729 0.9998593330383301 2115.90 2330.95 2184.54 2313.72 2231.17 2499.42 2162.53 2516.66
P1729 0.9995357990264893 3883.37 1842.21 3953.88 1825.41 3998.84 2014.11 3928.33 2030.91
P1729 0.9990012049674988 41.43 2159.76 195.50 2113.43 222.23 2202.32 68.16 2248.66
P1729 0.6768059134483337 2602.44 1666.35 2645.00 1651.56 2694.82 1794.97 2652.26 1809.76
P1729 0.3239193558692932 454.45 1563.46 527.87 1500.72 574.76 1555.59 501.35 1618.33
P1729 0.2943367063999176 2580.89 1789.40 2621.02 1777.17 2646.93 1862.19 2606.80 1874.42
P1729 0.250121533870697 2992.69 603.17 3015.14 589.74 3031.95 617.83 3009.50 631.26
P1729 0.2337583601474762 2286.63 280.49 2393.74 254.54 2447.63 476.93 2340.52 502.88
P1729 0.1880672574043274 1991.59 2510.91 2041.62 2499.62 2055.56 2561.41 2005.53 2572.69
P1729 0.13614991307258606 471.08 1019.80 507.57 1016.48 518.53 1136.90 482.05 1140.22
P1729 0.12783779203891754 1581.94 1267.84 1623.41 1257.55 1656.07 1389.26 1614.61 1399.55
P1729 0.1073761135339737 1649.75 725.77 1679.48 720.41 1686.74 760.70 1657.01 766.06
P1729 0.08969134092330933 799.96 834.94 819.55 848.93 801.08 874.77 781.50 860.78
P1729 0.08890216797590256 2105.73 2278.48 2147.14 2267.36 2160.91 2318.61 2119.50 2329.73
P1729 0.08310289680957794 167.18 2926.17 223.06 2914.48 261.96 3100.55 206.08 3112.23
P1729 0.0826365053653717 97.57 1578.06 149.96 1566.10 166.41 1638.16 114.02 1650.12
P1729 0.07180673629045486 2645.80 1789.76 2677.64 1780.98 2691.89 1832.66 2660.05 1841.44
P1729 0.06916031986474991 1586.84 1403.36 1649.63 1388.87 1670.00 1477.13 1607.21 1491.62
P1729 0.06877534091472626 1558.67 801.76 1650.22 766.73 1668.36 814.13 1576.81 849.15
P1729 0.06385934352874756 522.63 1443.92 566.75 1440.17 571.02 1490.46 526.90 1494.20
P1729 0.05033636838197708 766.14 809.60 800.55 787.72 823.01 823.06 788.61 844.93
P2400 0.25788092613220215 1340.05 2088.96 1365.18 2084.97 1374.49 2143.51 1349.35 2147.51
P2400 0.07914731651544571 1102.85 1690.36 1170.90 1677.04 1193.09 1790.36 1125.04 1803.68
P2400 0.0698159709572792 1436.57 1713.35 1469.08 1708.90 1471.79 1728.69 1439.28 1733.14
P2537 0.19049525260925293 1455.55 316.06 1476.44 317.04 1474.34 362.05 1453.44 361.07
P2537 0.05599040165543556 1468.71 516.67 1606.72 528.75 1605.15 546.64 1467.14 534.57
P1755 0.47962066531181335 656.41 2065.66 748.37 2087.76 737.57 2132.73 645.60 2110.63
P1755 0.4641282856464386 -58.43 2843.00 179.89 2743.11 239.84 2886.12 1.51 2986.02
P1755 0.2238026112318039 2430.96 3034.90 2528.67 2957.86 2574.27 3015.70 2476.56 3092.74
P1755 0.05840327590703964 1033.82 1929.15 1247.27 1915.92 1253.91 2023.08 1040.46 2036.32
P1701 0.056894585490226746 2256.79 2346.07 2322.19 2373.99 2278.24 2476.93 2212.84 2449.01
P1575 0.5446734428405762 3684.90 1318.39 3833.75 1288.65 3847.05 1355.21 3698.21 1384.95
P1862 0.0898076519370079 1163.52 1794.59 1661.61 1938.14 1474.78 2586.36 976.70 2442.81
P1862 0.08917811512947083 1757.62 1177.10 2429.76 1403.55 2117.99 2328.99 1445.85 2102.55
P1862 0.06576461344957352 1821.11 59.25 2453.07 108.50 2377.12 1083.06 1745.16 1033.82
P1862 0.06152435764670372 2296.04 2369.41 2830.11 2537.29 2524.73 3508.76 1990.66 3340.88
P1637 0.9991613626480103 2788.65 2057.67 2833.39 2071.35 2800.58 2178.63 2755.83 2164.94
P1637 0.9933823347091675 3044.40 1915.65 3097.18 1936.89 3048.44 2057.97 2995.66 2036.73
P1637 0.990811824798584 3415.30 1159.23 3497.22 1152.63 3500.12 1188.64 3418.20 1195.24
P1637 0.8803422451019287 955.84 3159.04 1101.17 3100.52 1128.48 3168.32 983.15 3226.84
P1637 0.8712804317474365 2329.22 1426.67 2368.39 1443.49 2320.75 1554.43 2281.59 1537.61
P1637 0.5946975350379944 1964.59 3278.31 2081.36 3245.95 2092.03 3284.45 1975.26 3316.80
P1637 0.5653805136680603 1285.72 2996.66 1356.87 2974.32 1388.14 3073.90 1316.99 3096.24
P1637 0.26488104462623596 934.66 2496.96 1066.56 2445.76 1094.61 2518.01 962.71 2569.22
P1637 0.20073996484279633 3032.47 32.85 3128.58 74.53 3097.48 146.25 3001.37 104.57
P1637 0.09407711774110794 1504.14 2839.31 1553.25 2814.45 1601.54 2909.82 1552.43 2934.69
P1637 0.07427006214857101 920.63 3069.21 1025.99 3024.98 1054.48 3092.86 949.12 3137.09
P1637 0.052325207740068436 411.01 110.15 460.84 64.18 561.75 173.57 511.92 219.54
P1383 0.999889612197876 2285.47 3570.42 2587.90 3551.47 2626.48 4167.44 2324.06 4186.39
P1383 0.6323845982551575 1874.95 3904.86 1978.80 3894.23 2007.31 4172.79 1903.45 4183.42
P1383 0.6033185124397278 2069.69 3605.04 2318.69 3583.24 2368.98 4157.63 2119.98 4179.43
P1383 0.0525948666036129 1916.97 773.64 1991.78 737.38 2055.84 869.55 1981.04 905.81
P1372 0.23434710502624512 3119.89 -3.42 3224.43 -64.41 3299.50 64.29 3194.96 125.28
P1796 0.5754663944244385 2998.04 4903.18 3698.87 5059.67 3598.86 5507.57 2898.03 5351.08
P1796 0.354174941778183 1595.57 4028.26 1695.19 4061.73 1671.57 4132.04 1571.95 4098.58
P1402 0.9993914365768433 1941.07 828.41 2021.96 828.93 2020.87 998.44 1939.98 997.92
P1402 0.7613809704780579 2747.05 247.80 2777.25 258.40 2769.86 279.47 2739.65 268.87
P1402 0.09584741294384003 1254.99 3674.52 1313.48 3678.32 1311.95 3701.84 1253.46 3698.04
P1402 0.09325122833251953 2789.10 200.62 2815.69 200.16 2816.22 231.30 2789.64 231.75
P1402 0.07600178569555283 2859.51 254.65 2902.07 261.65 2895.14 303.75 2852.59 296.75
P1270 0.9989895224571228 1523.00 1910.64 1571.92 1941.68 1509.35 2040.30 1460.42 2009.26
P1270 0.9982895255088806 1690.02 1440.18 1801.04 1517.95 1764.25 1570.48 1653.23 1492.71
P1270 0.9966603517532349 3063.82 842.37 3160.33 913.28 3124.10 962.58 3027.60 891.67
P1270 0.10538766533136368 2938.68 752.36 3031.94 816.91 3007.89 851.65 2914.63 787.10
P1270 0.05543765053153038 2457.61 2129.95 2514.36 2162.53 2497.22 2192.39 2440.47 2159.81
P2525 0.9996981620788574 2153.22 1105.65 2290.20 981.69 2356.50 1054.94 2219.52 1178.91
P1527 0.8586346507072449 3315.05 3372.85 3526.27 3321.31 3547.38 3407.83 3336.16 3459.37
P1527 0.36166322231292725 4239.87 2611.52 4274.71 2603.07 4297.73 2697.89 4262.89 2706.35
P1527 0.1163342073559761 2059.47 1187.62 2231.95 1134.76 2280.90 1294.46 2108.42 1347.33
P1527 0.10509486496448517 3238.01 1813.69 3305.35 1799.54 3338.60 1957.85 3271.25 1971.99
P1248 0.999811589717865 3747.17 802.83 3810.16 786.69 3838.73 898.21 3775.74 914.35
P1248 0.9997645020484924 2683.19 2597.62 2785.59 2589.43 2803.11 2808.46 2700.70 2816.65
P1248 0.9996225833892822 1082.79 3435.19 1197.94 3438.55 1191.71 3651.98 1076.56 3648.62
P1248 0.9995198249816895 3203.65 2593.66 3316.27 2595.65 3312.43 2814.34 3199.80 2812.35
P1248 0.995993971824646 3664.87 2739.51 3719.66 2741.11 3716.19 2860.23 3661.40 2858.63
P1248 0.9064307808876038 3583.87 2477.45 3617.75 2478.16 3616.23 2551.59 3582.35 2550.88
P1248 0.16035188734531403 2108.14 1403.01 2287.95 1376.68 2299.44 1455.09 2119.63 1481.43
P1248 0.12021338939666748 3846.60 1636.68 4007.94 1637.71 4007.66 1680.81 3846.33 1679.78
P1248 0.08250711113214493 3723.58 2740.59 3765.07 2731.84 3770.00 2755.24 3728.51 2763.99
P1248 0.06492818892002106 2091.61 1163.89 2170.06 1187.66 2158.46 1225.93 2080.01 1202.16
P1229 0.7576236128807068 3202.92 1881.28 3264.66 1873.29 3288.25 2055.68 3226.52 2063.67
P1229 0.7136579751968384 3394.39 1011.38 3456.08 990.34 3487.12 1081.35 3425.43 1102.39
P1229 0.40401583909988403 3082.36 2116.64 3123.53 2109.44 3141.25 2210.89 3100.08 2218.08
P2737 0.9996730089187622 948.73 571.16 1031.98 521.38 1124.29 675.73 1041.03 725.52
P2737 0.9929062128067017 2003.57 2508.05 2087.26 2544.89 2014.74 2709.64 1931.05 2672.80
P2737 0.8768724203109741 2596.73 2355.61 2651.86 2327.72 2671.68 2366.89 2616.54 2394.78
P1706 0.9795092344284058 3053.98 866.19 3293.33 840.27 3304.92 947.20 3065.57 973.12
P1706 0.258953720331192 1114.51 1505.03 1277.41 1494.47 1293.33 1740.11 1130.42 1750.67
P1706 0.10305781662464142 2665.07 2771.99 2787.65 2726.31 2846.79 2884.97 2724.21 2930.66
P1706 0.06186974048614502 246.73 696.37 373.42 656.80 415.57 791.74 288.87 831.31
P1706 0.055229246616363525 765.45 3555.78 848.37 3553.00 849.42 3584.39 766.50 3587.17
P2723 0.9998841285705566 1267.56 456.22 1305.12 436.08 1342.09 504.98 1304.54 525.13
P2723 0.9997866749763489 4123.12 1989.24 4162.87 1975.61 4187.21 2046.56 4147.46 2060.20
P2723 0.9997451901435852 1908.84 2161.91 1946.63 2146.81 1976.05 2220.42 1938.26 2235.52
P2723 0.9995275735855103 2165.46 2431.35 2191.27 2419.89 2212.56 2467.82 2186.75 2479.29
P2723 0.9995149374008179 3076.45 699.27 3120.06 710.76 3098.61 792.17 3055.00 780.67
P2723 0.9994934797286987 2598.85 1081.64 2626.21 1074.47 2641.21 1131.76 2613.85 1138.92
P2723 0.999351441860199 2904.06 2037.24 2935.03 2035.99 2937.45 2095.77 2906.48 2097.03
P2723 0.9992783665657043 3649.41 1809.58 3677.65 1809.09 3678.62 1866.01 3650.38 1866.50
P2723 0.9985834360122681 2747.67 1999.05 2763.40 2010.02 2740.76 2042.51 2725.03 2031.54
P2723 0.998132050037384 331.27 381.64 381.56 387.98 378.34 413.48 328.05 407.14
P2723 0.9966977834701538 2153.79 2500.05 2174.77 2490.76 2193.16 2532.29 2172.17 2541.58
P2723 0.9936869740486145 1910.03 1919.61 1935.50 1919.08 1936.26 1956.11 1910.79 1956.63
P2723 0.9673240184783936 2516.97 1754.90 2532.87 1766.85 2512.16 1794.43 2496.25 1782.49
P2723 0.9467675685882568 1888.19 1922.64 1908.20 1922.40 1908.75 1967.58 1888.74 1967.82
P2723 0.9260087013244629 439.44 669.12 469.00 692.82 455.54 709.61 425.98 685.91
P2723 0.5807144045829773 1080.60 1358.13 1123.08 1356.97 1124.01 1391.37 1081.53 1392.52
P2723 0.5127822756767273 3570.53 1926.33 3592.00 1920.99 3598.43 1946.83 3576.96 1952.17
P2723 0.4618362486362457 1784.57 216.24 1814.74 226.12 1809.96 240.73 1779.79 230.85
P2723 0.36303719878196716 1872.10 1721.05 1894.33 1719.88 1896.37 1758.57 1874.14 1759.74
P2723 0.25119197368621826 3873.63 1392.05 3890.14 1391.73 3890.52 1410.96 3874.00 1411.29
P2723 0.2501369118690491 326.24 775.21 361.72 779.89 359.83 794.21 324.35 789.54
P2723 0.24948523938655853 2323.76 1131.98 2382.82 1133.01 2382.15 1171.47 2323.10 1170.44
P2723 0.2471461445093155 202.78 2120.90 231.07 2121.70 229.13 2189.59 200.84 2188.78
P2723 0.211603581905365 995.67 1870.25 1032.44 1870.67 1031.89 1917.97 995.12 1917.55
P2723 0.17558999359607697 1463.36 1777.59 1530.77 1826.99 1505.08 1862.06 1437.66 1812.66
P2723 0.1561853140592575 2632.71 2566.03 2659.78 2563.40 2662.86 2595.01 2635.78 2597.64
P2723 0.13357394933700562 2673.45 1614.86 2752.06 1652.44 2732.59 1693.18 2653.97 1655.60
P2723 0.13290274143218994 1591.01 603.83 1627.92 588.86 1639.26 616.83 1602.36 631.80
P2723 0.1171828880906105 1032.53 1675.40 1110.83 1673.25 1111.85 1710.37 1033.55 1712.52
P2723 0.11440347135066986 1504.82 856.59 1542.35 870.95 1536.39 886.54 1498.86 872.18
P2723 0.100071020424366 1464.33 250.65 1503.96 256.07 1500.38 282.32 1460.75 276.91
P2723 0.09593751281499863 1083.16 1390.26 1127.81 1388.49 1128.59 1408.05 1083.93 1409.82
P2723 0.09302148967981339 311.90 789.64 353.00 796.97 349.90 814.38 308.80 807.04
P2723 0.09165866672992706 2822.97 2327.98 2847.51 2342.52 2830.61 2371.04 2806.07 2356.50
P2723 0.08777845650911331 2268.77 1352.53 2304.18 1360.88 2297.90 1387.54 2262.49 1379.20
P2723 0.08701211214065552 1593.65 585.39 1634.41 576.16 1638.45 593.99 1597.69 603.22
P2723 0.08562803268432617 2622.90 1654.94 2652.80 1667.18 2645.57 1684.82 2615.68 1672.57
P2723 0.07647901028394699 2502.27 1794.92 2535.60 1777.16 2546.30 1797.22 2512.97 1814.99
P2723 0.07151349633932114 3029.63 304.36 3055.90 288.81 3071.45 315.09 3045.18 330.64
P2723 0.06702708452939987 2123.80 1772.14 2134.55 1782.52 2105.57 1812.52 2094.83 1802.14
P2723 0.055747807025909424 2385.10 1979.33 2414.36 1959.13 2424.13 1973.28 2394.87 1993.49
P2723 0.05478144809603691 2881.24 2047.81 2903.42 2047.80 2903.46 2093.48 2881.27 2093.50
P2723 0.053503911942243576 3490.83 1672.70 3498.91 1667.44 3509.07 1683.03 3500.99 1688.29
P1572 0.9947311878204346 2782.21 2455.40 2889.58 2423.50 2960.95 2663.71 2853.57 2695.61
P1572 0.4984326660633087 1943.57 1031.70 2108.85 1045.37 2102.54 1121.61 1937.27 1107.95
P1572 0.3555607795715332 2841.25 319.79 2893.03 307.94 2913.04 395.31 2861.26 407.17
P1572 0.32744476199150085 2656.85 4508.22 2740.66 4484.54 2755.77 4538.02 2671.96 4561.70
P1572 0.13200342655181885 3931.13 4171.83 3978.60 4164.80 3992.18 4256.45 3944.71 4263.49
P1572 0.11694760620594025 2470.31 2968.35 2585.82 2914.53 2614.55 2976.20 2499.04 3030.01
P1572 0.08063265681266785 2545.39 495.51 2622.81 457.99 2647.76 509.48 2570.34 547.00
P1572 0.07383181154727936 2736.38 2246.55 2812.95 2221.30 2850.43 2334.97 2773.86 2360.22
P1120 0.24909688532352448 1375.34 621.05 2026.46 584.42 2046.01 931.84 1394.89 968.47
P2341 0.9996432065963745 561.29 232.55 687.76 316.33 647.01 377.86 520.54 294.08
P2341 0.9954320192337036 1710.25 149.46 1738.55 138.72 1760.06 195.38 1731.76 206.12
P2341 0.08578675240278244 287.37 989.86 314.45 962.95 327.40 975.99 300.32 1002.89
P1348 0.99583899974823 733.50 3279.64 822.23 3256.89 835.02 3306.77 746.29 3329.52
P1348 0.9192829132080078 73.68 2880.45 161.80 2856.16 177.64 2913.63 89.52 2937.92
P1237 0.9992629885673523 4450.13 3871.01 4550.55 3811.24 4665.68 4004.68 4565.25 4064.45
P1237 0.99346923828125 3962.35 3446.05 4061.76 3451.96 4058.78 3502.09 3959.37 3496.18
P1237 0.2310156226158142 3184.38 149.26 3220.56 167.29 3191.90 224.77 3155.73 206.74
P1237 0.18513500690460205 2347.18 1390.63 2438.17 1378.41 2445.13 1430.27 2354.14 1442.49
P1857 0.9999361038208008 1103.07 1711.75 1488.90 1737.99 1442.32 2422.96 1056.49 2396.72
P1857 0.8773773312568665 423.82 198.39 1108.25 281.63 978.81 1345.93 294.37 1262.69
P1857 0.3703891932964325 1585.74 1887.66 1923.93 1945.20 1782.69 2775.37 1444.50 2717.83
P1857 0.11655574291944504 871.59 817.80 1454.46 720.50 1515.55 1086.48 932.68 1183.78
P1857 0.08221147209405899 277.05 2005.42 786.32 2132.06 644.82 2701.09 135.55 2574.45
P2546 0.10279714316129684 68.37 -5.38 332.28 -105.20 505.33 352.33 241.41 452.15
P1172 0.5087116360664368 2585.20 3711.64 2868.93 3749.48 2804.77 4230.47 2521.04 4192.63
P1172 0.11681289225816727 87.13 6230.59 215.37 6138.22 382.73 6370.56 254.49 6462.94
P0034 0.35859477519989014 1156.15 652.46 1490.30 583.39 1553.16 887.47 1219.01 956.54
P1362 0.9994025230407715 1033.63 827.86 1087.43 830.44 1080.53 974.62 1026.73 972.04
P1362 0.9982403516769409 764.76 2570.48 821.50 2527.78 931.16 2673.51 874.42 2716.21
P1362 0.9950343370437622 1739.30 2826.47 1790.54 2828.33 1784.90 2984.22 1733.66 2982.36
P1362 0.989969789981842 3131.57 3890.37 3194.96 3903.05 3168.33 4036.12 3104.94 4023.43
P1362 0.2854045033454895 1828.76 1272.66 1910.36 1248.55 1924.73 1297.15 1843.13 1321.27
P1379 0.9997968077659607 1450.52 3305.07 1722.35 3522.25 1304.95 4044.66 1033.13 3827.48
P1379 0.9885408282279968 1066.37 3456.87 1293.40 3242.70 1390.63 3345.77 1163.59 3559.94
P1379 0.44987207651138306 2800.86 3948.71 2872.47 3987.06 2800.23 4121.96 2728.62 4083.61
P1379 0.2690051794052124 2308.53 1825.61 2645.34 2051.14 2296.54 2572.04 1959.73 2346.51
P1379 0.25114279985427856 3172.99 2916.10 3376.05 2713.45 3758.19 3096.36 3555.13 3299.01
P1379 0.24168555438518524 543.88 895.81 1022.52 576.50 1183.54 817.87 704.90 1137.18
P1379 0.21401672065258026 245.29 1450.27 537.33 1587.28 330.64 2027.84 38.60 1890.83
P1379 0.19094187021255493 1379.34 3924.59 1451.57 3961.03 1365.52 4131.58 1293.30 4095.15
P1379 0.1504828929901123 1025.06 585.17 1574.16 210.99 1744.80 461.41 1195.70 835.58
P1379 0.14743489027023315 3593.17 3441.46 3669.88 3494.84 3578.29 3626.46 3501.59 3573.09
P1379 0.12319093942642212 3511.60 3401.12 3581.27 3442.47 3497.83 3583.07 3428.16 3541.72
P1379 0.1203899011015892 3066.04 2472.93 3391.20 2759.82 3196.80 2980.16 2871.63 2693.27
P1379 0.09249572455883026 -42.90 423.60 177.61 314.08 300.16 560.82 79.64 670.34
P1379 0.08098036795854568 143.89 2966.03 567.38 2939.02 583.83 3197.01 160.34 3224.02
P1379 0.07967899739742279 2773.15 1457.26 3275.73 1721.60 3086.68 2081.03 2584.10 1816.69
P2498 0.08344398438930511 1789.04 2269.12 1809.24 2268.76 1809.81 2300.23 1789.60 2300.59
P1544 0.16094431281089783 1381.47 1712.86 1506.17 1673.28 1565.77 1861.06 1441.07 1900.64
P0125 0.9999731779098511 868.48 272.52 1678.64 480.98 1571.64 896.84 761.48 688.38
P0125 0.3634095788002014 635.95 732.54 1557.56 892.91 1484.27 1314.09 562.66 1153.72
P0125 0.1218646988272667 124.31 1174.19 703.47 1315.11 610.77 1696.06 31.62 1555.15
P0125 0.05648980662226677 959.88 687.87 1384.87 793.75 1372.49 843.47 947.49 737.59
P1592 0.9989462494850159 2574.05 133.14 2708.40 133.28 2708.10 430.19 2573.75 430.06
P1592 0.891459047794342 984.01 2428.13 1053.94 2428.73 1052.56 2590.92 982.63 2590.32
P1592 0.7007189393043518 572.67 3246.30 600.30 3225.72 652.91 3296.33 625.28 3316.91
P1592 0.598967432975769 2109.22 1646.64 2225.62 1714.01 2193.38 1769.72 2076.98 1702.35
P1592 0.36179760098457336 3574.68 1945.09 3650.15 1957.03 3628.42 2094.34 3552.95 2082.40
P1592 0.1483517438173294 658.67 3494.34 688.01 3465.95 747.22 3527.14 717.88 3555.53
P1592 0.11679645627737045 3636.06 2493.05 3742.25 2589.62 3684.99 2652.58 3578.80 2556.01
P1592 0.07347568869590759 2543.96 -47.03 2706.88 -24.66 2690.00 98.30 2527.08 75.94
P2738 0.9988186955451965 882.13 819.03 905.93 816.58 910.51 861.16 886.71 863.60
P2738 0.9954824447631836 1207.81 177.47 1233.37 173.75 1239.52 215.95 1213.96 219.68
P2738 0.9944818019866943 1223.98 1049.85 1238.13 1058.89 1218.96 1088.89 1204.81 1079.85
P2738 0.9925687909126282 1284.26 314.94 1326.79 325.65 1320.97 348.74 1278.44 338.02
P2738 0.9814745187759399 2027.79 157.07 2040.30 165.69 2023.38 190.23 2010.87 181.60
P2738 0.9668191075325012 1137.19 986.19 1150.82 985.17 1152.97 1013.74 1139.34 1014.76
P2738 0.9535015225410461 1664.66 934.57 1682.09 937.18 1677.02 971.07 1659.58 968.46
P2738 0.9293538331985474 1446.29 431.13 1467.80 440.51 1450.68 479.78 1429.17 470.40
P2738 0.891618013381958 2136.92 456.54 2154.24 454.54 2158.07 487.80 2140.76 489.80
P2738 0.8044441342353821 721.04 1267.38 739.26 1259.12 753.65 1290.84 735.43 1299.10
P2738 0.7299947142601013 1313.00 855.73 1324.81 862.46 1313.89 881.62 1302.08 874.89
P2738 0.7123302817344666 2013.56 1233.59 2025.41 1226.40 2041.56 1253.00 2029.70 1260.19
P2738 0.5730681419372559 1467.61 876.75 1492.69 866.63 1500.43 885.83 1475.35 895.95
P2738 0.4380342364311218 1467.92 836.31 1478.68 836.06 1479.30 863.17 1468.54 863.41
P2738 0.4200989902019501 1883.73 195.08 1910.30 194.13 1910.77 207.29 1884.20 208.23
P2738 0.2864196300506592 769.25 957.72 785.66 957.90 785.32 989.73 768.91 989.55
P2738 0.24332337081432343 828.71 1445.02 838.74 1453.15 824.82 1470.31 814.80 1462.18
P2738 0.19876252114772797 2146.95 1269.37 2159.14 1269.45 2159.00 1291.45 2146.80 1291.37
P2738 0.1979796290397644 854.28 817.33 877.36 817.02 877.89 855.54 854.81 855.86
P2738 0.15294884145259857 2164.63 1261.79 2177.73 1262.03 2177.08 1297.83 2163.99 1297.59
P2738 0.13951483368873596 1032.19 840.11 1066.41 837.40 1068.42 862.72 1034.20 865.44
P1728 0.9986456036567688 3559.45 156.31 3709.85 301.92 3634.45 379.80 3484.05 234.19
P1728 0.9956983327865601 2976.73 3045.43 3028.89 3002.62 3130.43 3126.32 3078.27 3169.14
P1728 0.969353973865509 882.52 866.45 916.39 882.97 876.08 965.60 842.21 949.07
P1728 0.8985709547996521 491.41 1435.91 567.25 1426.18 586.22 1573.99 510.38 1583.72
P1728 0.6527291536331177 2442.33 1815.26 2641.92 1997.46 2565.29 2081.40 2365.70 1899.20
P1728 0.38934576511383057 2479.51 2139.37 2567.17 2127.02 2583.14 2240.40 2495.48 2252.74
P1728 0.32621636986732483 582.66 1378.53 669.48 1362.56 707.08 1566.95 620.26 1582.93
P1728 0.20575480163097382 386.12 3325.56 417.46 3325.77 416.93 3401.66 385.59 3401.45
P1728 0.07627275586128235 1201.06 2768.51 1247.96 2726.33 1319.35 2805.71 1272.45 2847.89
P1728 0.05466722324490547 406.81 3025.20 486.44 2985.45 528.32 3069.34 448.68 3109.09
P1728 0.05118672177195549 1684.87 748.64 1763.39 781.65 1720.26 884.24 1641.74 851.22
P1630 0.9998019337654114 2320.30 2345.62 2364.60 2387.96 2271.62 2485.23 2227.32 2442.89
P1630 0.9997555613517761 818.16 271.29 911.98 186.12 950.45 228.48 856.62 313.66
P1630 0.9994969367980957 341.76 708.20 473.90 643.58 498.70 694.29 366.56 758.91
P1630 0.999442994594574 2022.06 2907.94 2061.93 2946.54 1983.79 3027.26 1943.92 2988.67
P1630 0.9993289709091187 3399.98 278.96 3502.12 205.89 3534.23 250.78 3432.09 323.85
P1630 0.9991870522499084 1335.61 1471.40 1458.99 1443.97 1470.97 1497.84 1347.59 1525.27
P1630 0.9879809021949768 1220.33 1818.33 1353.42 1719.91 1409.05 1795.15 1275.96 1893.56
P1630 0.8259445428848267 4170.22 2541.24 4252.14 2565.45 4201.14 2738.06 4119.22 2713.85
P1630 0.24979828298091888 4232.08 1959.86 4306.70 1929.91 4325.69 1977.20 4251.07 2007.16
P1630 0.18016856908798218 1693.30 2907.46 1744.86 2958.07 1720.01 2983.39 1668.45 2932.78
P1630 0.1232466921210289 1614.20 3919.30 1700.42 3892.39 1736.61 4008.34 1650.40 4035.25
P1630 0.05451421067118645 4239.27 796.15 4302.62 762.85 4320.44 796.75 4257.08 830.05
P1630 0.05217236280441284 3327.62 2023.17 3357.52 2012.63 3379.93 2076.19 3350.03 2086.73
P1731 0.989769697189331 -38.10 2833.67 94.50 2786.98 122.05 2865.23 -10.55 2911.92
P1731 0.9760931730270386 3921.69 253.71 3989.80 287.84 3900.43 466.16 3832.32 432.03
P1731 0.6264771819114685 3911.28 2167.52 3963.52 2122.40 4045.63 2217.48 3993.39 2262.60
P1731 0.15749439597129822 89.85 634.38 218.93 694.38 183.37 770.90 54.28 710.89
P1731 0.11157428473234177 1510.35 898.81 1575.86 882.30 1596.34 963.57 1530.83 980.08
P1671 0.34353017807006836 2179.02 3666.79 2357.94 3806.39 2269.59 3919.63 2090.66 3780.03
P1671 0.2671905755996704 1956.62 1433.83 2012.32 1381.49 2107.37 1482.62 2051.67 1534.97
P1671 0.05832105875015259 2690.05 3095.28 2848.90 3134.02 2785.22 3395.10 2626.38 3356.36
P1671 0.053082384169101715 1458.42 3669.53 1495.29 3680.14 1471.66 3762.22 1434.78 3751.61
P2500 0.33939027786254883 1195.43 169.72 1303.66 171.27 1300.95 361.09 1192.72 359.55
P2500 0.12398197501897812 1818.46 432.06 1837.63 433.95 1834.47 466.02 1815.29 464.13
P2500 0.07618406414985657 1183.96 1118.01 1263.53 1077.78 1293.63 1137.30 1214.06 1177.53
P2500 0.06876205652952194 386.86 1014.47 427.79 1008.82 430.02 1024.96 389.09 1030.61
P2500 0.060107432305812836 1254.05 1759.86 1346.17 1717.85 1396.45 1828.12 1304.33 1870.13
P2511 0.9996899366378784 858.38 2248.42 924.73 2314.58 799.17 2440.48 732.83 2374.32
P2511 0.41369181871414185 171.99 1219.06 239.84 1231.59 234.33 1261.37 166.49 1248.84
P2511 0.22015289962291718 1245.98 1810.22 1274.56 1826.94 1266.98 1839.89 1238.40 1823.17
P2511 0.07141812890768051 1578.18 1691.37 1614.79 1693.56 1613.86 1708.93 1577.26 1706.74
P1548 0.8492488861083984 2105.71 3267.50 2148.61 3257.52 2168.63 3343.62 2125.73 3353.60
P1548 0.6100702285766602 3312.77 3414.37 3390.82 3406.58 3404.79 3546.53 3326.74 3554.32
P1548 0.5604528188705444 2535.46 1633.79 2594.15 1619.87 2622.50 1739.39 2563.81 1753.31
P1548 0.51503586769104 3363.00 1968.64 3639.01 1907.74 3671.66 2055.72 3395.65 2116.61
P1548 0.3709677755832672 2766.77 1999.00 2880.95 1972.72 2898.92 2050.78 2784.73 2077.06
P2573 0.9996894598007202 1548.21 22.93 1966.85 -77.37 2155.47 709.88 1736.83 810.19
P2573 0.13566476106643677 1813.37 849.87 2187.13 777.29 2224.05 967.40 1850.29 1039.99
P2573 0.10785119980573654 861.33 885.05 1367.04 710.86 1473.48 1019.88 967.77 1194.06
P2573 0.06382438540458679 132.09 50.46 694.55 -113.87 833.34 361.17 270.88 525.50
P0773 0.05254235863685608 1415.21 152.04 1481.57 126.36 1595.59 421.04 1529.23 446.72
P1774 0.9998811483383179 3489.40 1653.07 5096.27 2080.21 4876.31 2907.69 3269.44 2480.54
P2486 0.9998400211334229 1197.75 709.61 1292.42 710.18 1291.32 894.06 1196.66 893.50
P2486 0.7605593204498291 898.10 2021.27 945.44 2037.54 912.22 2134.20 864.88 2117.93
P2486 0.07160364091396332 1190.31 540.53 1292.52 521.42 1303.57 580.56 1201.37 599.67
P2486 0.06018383428454399 987.59 2089.23 1012.60 2065.70 1027.44 2081.47 1002.44 2105.00
P1206 0.9896957874298096 2875.69 871.60 2938.63 846.79 2976.61 943.15 2913.67 967.96
P1385 0.2640475034713745 -27.80 867.79 462.30 1018.56 301.36 1541.70 -188.74 1390.92
P1718 0.9988797307014465 2601.85 1520.81 2767.02 1493.46 2782.59 1587.47 2617.42 1614.82
P2406 0.05762762576341629 478.70 1617.12 650.50 1752.20 348.24 2136.60 176.45 2001.52
P2782 0.9849409461021423 2574.17 796.14 3149.91 738.78 3230.34 1546.11 2654.60 1603.47
P2782 0.6181893944740295 2659.90 844.03 3100.65 788.56 3112.75 884.69 2672.00 940.16
P2782 0.07829494029283524 2723.67 1481.30 3150.84 1448.76 3154.03 1490.60 2726.86 1523.15
P1252 0.9451560974121094 3113.87 1355.80 3218.37 1397.29 3198.63 1447.01 3094.13 1405.52
P2398 0.9997559189796448 1223.52 165.88 1307.12 202.59 1235.83 364.92 1152.23 328.21
P2398 0.13555803894996643 665.93 1900.93 786.56 1865.99 842.23 2058.18 721.60 2093.13
P2414 0.08900216221809387 -96.88 928.33 116.35 790.28 200.13 919.68 -13.11 1057.73
P1603 0.9873047471046448 480.55 1587.99 527.30 1566.80 569.71 1660.38 522.96 1681.56
P1603 0.9709649682044983 1607.71 833.38 1783.93 1006.45 1665.00 1127.55 1488.78 954.48
P1603 0.6104021072387695 673.27 2831.53 736.52 2814.57 760.89 2905.46 697.65 2922.42
P1603 0.38072213530540466 2414.88 1970.56 2491.57 2025.02 2455.22 2076.21 2378.53 2021.75
P1603 0.08877447992563248 1949.77 538.36 2062.26 596.12 1924.46 864.48 1811.97 806.72
P1603 0.07732395827770233 2364.01 2080.13 2384.89 2093.63 2362.50 2128.24 2341.63 2114.74
P2540 0.9995255470275879 902.34 1076.34 998.92 1069.21 1012.79 1257.22 916.20 1264.34
P2540 0.5713502764701843 2061.75 726.03 2102.35 724.79 2103.85 773.83 2063.25 775.07
P2540 0.10580897331237793 1016.80 1187.92 1038.10 1186.23 1041.00 1222.69 1019.70 1224.38
P2540 0.07348525524139404 750.83 1279.14 833.39 1297.00 807.42 1416.98 724.86 1399.12
P2361 0.9659441709518433 189.81 377.90 289.86 471.05 244.61 519.65 144.56 426.50
P2361 0.10498452186584473 1103.15 92.17 1122.27 101.76 1102.88 140.45 1083.76 130.86
P2760 0.9996163845062256 1789.34 2812.44 1844.08 2761.73 1963.49 2890.64 1908.75 2941.35
P2760 0.998375415802002 1981.25 3200.56 2036.79 3155.11 2134.86 3274.96 2079.33 3320.40
P2760 0.19424530863761902 3313.97 1857.80 3368.12 1836.96 3380.66 1869.54 3326.51 1890.39
P2760 0.13075029850006104 1763.72 2767.10 1824.42 2731.66 1853.06 2780.71 1792.37 2816.15
P1381 0.9282151460647583 2097.31 4308.04 2367.80 4181.07 2537.56 4542.71 2267.08 4669.68
P1381 0.31198650598526 1326.69 1411.11 1734.90 1202.15 1868.41 1462.96 1460.20 1671.93
P1381 0.13284775614738464 2361.71 4174.40 2541.10 4086.68 2716.63 4445.64 2537.24 4533.36
P1381 0.11485125124454498 1613.11 1555.91 1836.36 1448.14 1994.42 1775.59 1771.16 1883.35
P1381 0.07396958768367767 1350.76 892.60 1633.68 775.90 1826.31 1242.86 1543.38 1359.57
P1381 0.06607266515493393 1254.44 3770.44 1366.63 3705.74 1407.88 3777.28 1295.69 3841.98
P1381 0.05594309791922569 2578.06 3569.79 2915.53 3538.70 2949.34 3905.78 2611.88 3936.87
P2441 0.09245682507753372 1325.84 1482.79 1347.34 1486.41 1340.86 1525.02 1319.35 1521.41
P0048 0.5773114562034607 823.73 1749.67 1055.02 1608.14 1276.86 1970.66 1045.57 2112.20
P0048 0.11834199726581573 530.64 1293.18 771.63 1140.31 978.94 1467.14 737.96 1620.01
P0048 0.08134756237268448 817.54 890.50 1005.64 756.35 1125.75 924.77 937.65 1058.92
P2434 0.9966176152229309 763.74 1656.91 950.33 1719.91 920.53 1808.18 733.94 1745.17
P2434 0.07562334090471268 670.83 852.18 690.20 866.01 674.51 887.99 655.14 874.17
P1313 0.8673038482666016 116.91 3362.76 181.58 3339.39 245.47 3516.19 180.80 3539.56
P1313 0.17844609916210175 2601.13 3278.01 2731.25 3253.16 2751.16 3357.37 2621.04 3382.23
P1681 0.9998167157173157 3445.74 3548.41 3496.99 3598.64 3384.06 3713.87 3332.81 3663.64
P1681 0.9780994057655334 2388.41 1171.99 2493.76 1129.67 2514.01 1180.09 2408.66 1222.41
P1681 0.8249642252922058 3860.68 2335.05 3964.16 2307.05 3977.21 2355.27 3873.73 2383.27
P1681 0.5286674499511719 3835.24 2435.89 3943.53 2374.91 4009.68 2492.37 3901.38 2553.36
P1681 0.07591374218463898 3440.74 2632.25 3677.09 2566.65 3712.25 2693.34 3475.91 2758.94
P1681 0.06518104672431946 3970.30 1950.24 4021.04 1990.91 3962.82 2063.54 3912.08 2022.86
P2340 0.9955559372901917 1177.60 2008.78 1205.72 1998.35 1225.57 2051.87 1197.45 2062.30
P2340 0.24464792013168335 1250.52 1910.12 1295.43 1941.29 1280.67 1962.54 1235.77 1931.37
P2340 0.1297207623720169 977.17 1025.60 989.63 1037.35 959.63 1069.16 947.17 1057.41
P1002 0.07785738259553909 1302.51 965.80 1316.69 969.59 1308.85 998.87 1294.67 995.08
P2451 0.9985723495483398 1729.10 1295.93 1827.03 1304.79 1810.30 1489.52 1712.37 1480.66
P1625 0.6566555500030518 1472.19 4775.27 1519.08 4756.00 1549.97 4831.17 1503.08 4850.44
P2684 0.1723141074180603 2719.74 653.70 2905.02 619.97 2990.70 1090.65 2805.42 1124.38
P2684 0.06249259412288666 3001.74 841.43 3320.04 787.20 3444.47 1517.60 3126.17 1571.82
P1737 0.9994404911994934 1948.84 674.39 2145.54 616.11 2176.61 721.01 1979.92 779.28
P1737 0.7734020352363586 3147.49 104.41 3236.21 50.19 3334.39 210.82 3245.67 265.05
P1737 0.20122157037258148 2756.64 2291.53 2848.58 2260.94 2864.05 2307.41 2772.11 2338.01
P1737 0.18970617651939392 3466.76 2351.26 3565.47 2320.92 3623.59 2509.99 3524.88 2540.33
P1737 0.07859552651643753 2697.17 488.10 2817.20 448.39 2888.44 663.68 2768.41 703.40
P2119 0.1289583295583725 1021.92 320.23 1134.88 303.83 1167.91 531.34 1054.95 547.74
P2772 0.1289617419242859 2380.40 1405.92 2613.28 1351.30 2722.09 1815.23 2489.21 1869.85
P2424 0.0563507005572319 875.97 482.11 899.92 477.13 909.89 524.99 885.94 529.98
P0045 0.21891993284225464 957.13 1511.73 1205.48 1454.51 1341.97 2046.85 1093.62 2104.07
P1355 0.05631374195218086 165.22 71.27 218.43 53.25 228.60 83.29 175.39 101.31
P2410 0.9993615746498108 275.45 357.84 451.37 354.85 456.49 656.03 280.57 659.01
P2515 0.9995779395103455 400.83 699.41 498.66 697.37 502.65 888.75 404.82 890.79
P2515 0.9990511536598206 596.90 1290.61 677.95 1217.27 717.06 1260.50 636.01 1333.84
P2515 0.13183759152889252 502.68 744.19 584.18 741.25 589.37 884.83 507.87 887.78
P2515 0.07734082639217377 1369.65 1438.51 1381.16 1444.87 1358.80 1485.35 1347.28 1478.99
P2649 0.9614999294281006 64.43 279.58 799.39 261.97 830.80 1573.01 95.84 1590.62
P2649 0.2914485037326813 837.10 693.37 1037.88 682.34 1053.78 971.75 853.01 982.78
P2649 0.059676289558410645 529.54 971.95 1031.31 918.66 1071.85 1300.42 570.08 1353.71
P1169 0.10036052018404007 112.00 165.68 134.95 161.83 140.04 192.18 117.09 196.02
P2347 0.35405319929122925 148.16 215.52 177.48 216.56 176.17 253.40 146.85 252.36
P2347 0.08086393773555756 786.75 1085.30 1107.24 1075.17 1110.41 1175.66 789.93 1185.80
P2347 0.0579751655459404 1109.10 975.57 1420.21 780.96 1577.48 1032.38 1266.37 1226.99
P1627 0.9580205678939819 1359.45 3607.43 1468.24 3552.90 1488.12 3592.55 1379.33 3647.08
P1627 0.5929397344589233 2911.64 3035.89 2987.18 2999.18 3016.33 3059.16 2940.79 3095.87
P1627 0.08127961307764053 2813.12 863.33 3063.15 771.82 3105.98 888.86 2855.96 980.36
P1627 0.06767217814922333 1901.50 2146.43 2037.97 2156.56 2030.36 2259.15 1893.89 2249.02
P0682 0.7466440796852112 1417.35 1074.50 1539.92 1007.07 1577.15 1074.75 1454.59 1142.17
P0682 0.6431174278259277 1462.27 868.03 1492.46 853.54 1520.37 911.69 1490.18 926.17
P1423 0.13516221940517426 1874.70 1842.05 2005.33 1720.20 2392.87 2135.69 2262.24 2257.53
P1855 0.9893338084220886 379.00 1349.75 1766.64 635.49 2151.22 1382.65 763.59 2096.91
P1855 0.730263352394104 284.58 754.71 1785.65 168.00 1988.96 688.14 487.88 1274.85
P1855 0.3679938018321991 -209.82 1579.91 535.36 1096.32 861.69 1599.16 116.51 2082.75
P1855 0.0937766283750534 944.34 1903.09 2025.52 1368.26 2384.44 2093.83 1303.26 2628.66
P1855 0.05542273819446564 2127.14 738.90 2565.84 507.41 2860.08 1065.03 2421.37 1296.52
P1855 0.050744928419589996 1742.55 1176.29 2078.82 994.07 2334.00 1465.00 1997.72 1647.22
P2568 0.26674214005470276 405.56 518.48 961.72 312.88 1230.21 1039.17 674.05 1244.77
P2568 0.1390078067779541 732.83 1359.09 1109.14 1211.50 1266.78 1613.42 890.46 1761.02
P0148 0.9989486336708069 339.54 404.62 489.08 413.60 467.93 765.63 318.39 756.64
P0148 0.9628581404685974 355.65 146.32 534.82 161.15 509.08 472.12 329.91 457.29
P0148 0.8185850381851196 1092.98 407.05 1251.93 508.33 1096.67 751.98 937.73 650.70
P0148 0.12630921602249146 1150.09 791.53 1214.54 799.69 1206.31 864.57 1141.87 856.41
P0462 0.31358420848846436 219.79 232.57 761.00 210.59 772.29 488.58 231.08 510.56
P2212 0.9998119473457336 850.88 583.69 998.55 590.52 982.34 940.78 834.68 933.95
P2212 0.22280310094356537 974.12 698.94 991.86 699.14 989.87 874.03 972.13 873.83
P2212 0.11935516446828842 847.62 240.44 1061.81 242.85 1059.87 415.09 845.69 412.68
P2212 0.10969796776771545 1077.36 518.64 1293.07 523.83 1281.59 1001.53 1065.88 996.34
P2212 0.09878724813461304 812.70 476.86 889.01 480.53 888.45 492.31 812.14 488.64
P1442 0.999800980091095 447.37 2239.22 826.30 2243.10 819.58 2899.16 440.65 2895.28
P1442 0.9994657635688782 175.00 103.51 512.01 105.71 507.90 737.43 170.89 735.23
P1442 0.9989961981773376 80.84 1155.90 213.31 1153.74 218.76 1487.70 86.29 1489.86
P1442 0.5665856003761292 556.57 462.46 1230.05 475.13 1225.01 743.19 551.53 730.52
P2567 0.9962550401687622 -64.65 671.99 675.57 367.72 833.25 751.31 93.03 1055.58
P1595 0.9994693398475647 2331.94 107.17 2409.80 45.41 2519.89 184.21 2442.02 245.97
P1595 0.6999009847640991 712.57 3479.29 850.52 3521.03 820.04 3621.78 682.09 3580.03
P1595 0.33241337537765503 1267.14 1744.98 1336.58 1751.10 1324.87 1884.00 1255.43 1877.88
P1595 0.173600435256958 1709.51 2966.16 1792.33 2982.12 1772.38 3085.68 1689.56 3069.73
P1595 0.114657923579216 659.65 2526.24 741.89 2543.96 706.61 2707.67 624.37 2689.95
P1595 0.10151292383670807 365.86 2010.61 421.61 1961.44 506.35 2057.50 450.60 2106.68
P1595 0.07383733242750168 583.11 79.71 657.08 14.39 758.09 128.76 684.11 194.09
P1595 0.07192685455083847 2376.59 2072.96 2456.62 2060.14 2476.10 2181.72 2396.07 2194.54
P2425 0.9994888305664062 231.33 1070.38 420.18 1079.07 415.30 1185.08 226.45 1176.39
P2425 0.10483506321907043 121.62 1073.76 202.42 1077.43 196.58 1205.82 115.79 1202.15
P0675 0.05690723657608032 -160.26 93.14 254.03 -188.82 504.53 179.25 90.24 461.21
P2440 0.9994632601737976 -4.48 1620.67 183.48 1576.75 206.68 1676.07 18.72 1719.99
P2440 0.39899536967277527 -13.43 1741.99 89.03 1712.43 105.83 1770.67 3.37 1800.23
P2440 0.12565180659294128 3.79 1638.25 37.82 1629.95 50.52 1682.00 16.49 1690.30
P0506 0.5226835012435913 830.06 491.55 1140.21 567.23 986.97 1195.29 676.81 1119.61
P0506 0.08279135078191757 636.18 1040.04 1595.58 1271.68 1445.17 1894.63 485.77 1662.98
P2658 0.9999626874923706 1105.47 431.02 1827.87 501.68 1698.26 1826.80 975.87 1756.15
P2195 0.2928773760795593 567.63 974.79 918.04 983.53 897.29 1815.62 546.88 1806.89
P2195 0.08186416327953339 86.43 319.86 514.03 329.99 504.71 723.48 77.11 713.35
P0956 0.0544346421957016 2408.03 670.69 2444.93 662.30 2449.32 681.58 2412.41 689.97
P0880 0.5758175849914551 1084.81 1321.17 1866.71 1008.97 2066.96 1510.47 1285.06 1822.68
P2407 0.7301254272460938 322.21 1771.56 345.65 1773.17 342.62 1817.37 319.18 1815.76
P2272 0.9995013475418091 481.52 712.84 612.16 719.74 601.77 916.23 471.13 909.33
P2272 0.9988069534301758 693.22 769.40 943.08 770.14 941.41 1327.97 691.56 1327.23
P2272 0.2629784643650055 2994.62 474.48 3053.06 469.45 3060.51 555.91 3002.07 560.95
P2272 0.19296038150787354 2735.95 270.26 2832.36 251.50 2846.92 326.33 2750.51 345.09
P2272 0.13016290962696075 1828.27 88.07 1852.18 78.05 1863.82 105.82 1839.90 115.84
P2272 0.1131058856844902 813.02 209.36 851.11 194.77 875.87 259.41 837.78 274.01
P2272 0.06647156178951263 1500.96 2202.22 1519.83 2183.54 1569.93 2234.16 1551.06 2252.84
P2526 0.9998418092727661 595.35 1743.93 689.00 1765.32 647.38 1947.52 553.73 1926.13
P2526 0.17682494223117828 424.69 1964.76 453.99 1963.34 456.26 2010.10 426.96 2011.53
P2526 0.057730767875909805 1517.08 41.84 1544.47 46.44 1538.38 82.67 1510.99 78.06
P1528 0.16542695462703705 2989.80 1534.58 3181.87 1479.22 3214.58 1592.69 3022.50 1648.05
P2461 0.9992087483406067 633.98 900.53 729.44 898.54 733.22 1080.02 637.76 1082.01
P2461 0.09538830816745758 228.99 -122.37 524.85 -178.73 648.49 470.35 352.63 526.71
P2383 0.9997463822364807 489.19 234.95 575.78 293.00 472.61 446.88 386.02 388.82
P2136 0.9998486042022705 141.04 223.34 460.03 188.07 535.60 871.65 216.62 906.92
P2136 0.07654159516096115 428.29 327.26 714.88 283.03 781.98 717.72 495.39 761.95
P2333 0.999407172203064 1045.23 427.44 1138.00 434.83 1124.98 598.17 1032.21 590.78
P1197 0.09395880997180939 133.49 371.71 536.33 547.90 460.60 721.03 57.77 544.84
P1197 0.07994332164525986 664.44 246.83 1094.95 424.32 1015.96 615.92 585.45 438.43
P2209 0.12375582009553909 27.13 49.25 50.08 49.41 49.82 85.23 26.88 85.07
P2120 0.06188806891441345 724.04 141.78 1243.30 575.49 1030.30 830.50 511.05 396.78
P1028 0.16665738821029663 1245.42 750.68 1267.82 755.83 1258.57 796.10 1236.17 790.96
P2102 0.1376924365758896 253.26 910.09 447.65 1017.89 430.72 1048.41 236.34 940.62
P2041 0.6832486987113953 1048.76 764.50 1359.34 1000.29 1210.62 1196.19 900.04 960.40
P2041 0.08340118825435638 791.52 1144.27 1032.36 1344.18 761.01 1671.09 520.18 1471.18
P2391 0.9998302459716797 2052.54 1344.01 2155.63 1346.01 2152.15 1525.84 2049.06 1523.84
P2391 0.9737901091575623 2216.81 1383.34 2251.66 1383.26 2251.79 1443.12 2216.94 1443.19
P2391 0.9325444102287292 2215.39 1493.20 2243.08 1493.78 2242.09 1541.81 2214.40 1541.24
P2391 0.11076551675796509 2145.70 1364.82 2178.15 1365.80 2174.21 1496.14 2141.76 1495.16
P2780 0.052238836884498596 489.73 2708.53 1146.63 2507.45 1230.98 2783.02 574.08 2984.09
P2431 0.984500527381897 534.28 1010.04 632.91 999.19 651.93 1171.97 553.30 1182.83
P2431 0.1028708964586258 1610.55 239.46 1665.57 234.55 1667.64 257.69 1612.62 262.60
P2431 0.08446141332387924 934.67 619.80 997.18 603.15 1023.28 701.13 960.77 717.78
P2574 0.06026538088917732 495.30 316.32 984.77 731.98 723.94 1039.13 234.47 623.46
P2562 0.9999635219573975 128.10 1057.68 465.28 900.92 790.02 1599.39 452.83 1756.15
P2752 0.9998871088027954 2075.50 681.59 2599.13 651.13 2613.58 899.55 2089.95 930.00
P2752 0.9998247027397156 342.87 1009.49 830.98 1023.55 822.90 1303.97 334.79 1289.91
P2752 0.9831013083457947 1787.70 880.07 1944.31 877.86 1947.63 1113.12 1791.02 1115.33
P2752 0.21644064784049988 656.03 851.80 720.75 843.03 735.05 948.60 670.33 957.36
P2752 0.1264193207025528 2106.16 910.80 2525.87 887.45 2534.44 1041.50 2114.72 1064.84
P0046 0.9992421865463257 428.96 251.93 700.39 185.91 855.18 822.30 583.75 888.32
P0046 0.7300951480865479 101.00 1227.97 598.64 1024.30 710.19 1296.87 212.56 1500.54
P0046 0.1284458488225937 604.30 938.55 1010.84 807.80 1142.25 1216.39 735.72 1347.14
P0046 0.08547493070363998 673.74 245.00 866.66 188.68 1023.10 724.50 830.18 780.83
P1800 0.42028409242630005 200.67 1188.91 1180.65 1361.21 1097.50 1834.15 117.52 1661.85
P1800 0.12171394377946854 330.16 720.29 995.04 864.46 888.86 1354.16 223.98 1210.00
P2165 0.546148419380188 1169.66 508.84 1333.36 521.10 1308.85 848.49 1145.14 836.23
P2165 0.2332996428012848 1173.60 303.76 1315.82 312.37 1301.40 550.53 1159.17 541.92
P2508 0.9997847676277161 1423.90 1211.91 1536.58 1215.03 1531.10 1413.06 1418.42 1409.95
P2508 0.18534502387046814 1573.57 1282.69 1656.74 1281.41 1658.79 1414.52 1575.62 1415.80
P2508 0.11050102859735489 1536.95 1279.39 1575.42 1280.52 1571.87 1401.17 1533.40 1400.04
P2369 0.9992700219154358 2221.49 1151.66 2256.52 1135.88 2284.83 1198.72 2249.80 1214.51
P1162 0.10422462970018387 296.60 430.55 619.42 419.81 634.74 880.35 311.93 891.09
P0155 0.055661890655756 917.31 644.48 1047.28 732.71 904.73 942.70 774.76 854.46
P0500 0.357012003660202 954.15 145.51 1331.82 374.92 896.88 1090.97 519.21 861.57
P0500 0.32065388560295105 224.02 111.69 820.16 674.92 507.47 1005.90 -88.68 442.67
P2139 0.9998193383216858 74.22 132.79 367.87 139.75 352.50 788.28 58.85 781.32
P2274 0.3856598138809204 623.87 137.11 690.05 129.64 705.60 267.25 639.42 274.72
P2161 0.9996294975280762 1332.31 1164.07 1495.72 1207.38 1418.89 1497.22 1255.49 1453.90
P2161 0.10452716052532196 1308.92 1216.98 1335.01 1222.53 1296.65 1403.12 1270.56 1397.57
P0090 0.13477729260921478 689.56 639.77 1054.33 718.38 942.54 1237.11 577.77 1158.50
P2277 0.9664691090583801 494.47 357.30 753.92 449.95 573.20 955.99 313.75 863.34
P0820 0.05130289867520332 645.28 -140.51 1071.12 -55.29 992.88 335.72 567.04 250.50
P2273 0.22636111080646515 1256.59 694.11 1270.62 689.95 1278.11 715.20 1264.08 719.36
P0640 0.121942438185215 29.95 507.51 525.67 835.69 282.22 1203.44 -213.51 875.27
P0115 0.9955980181694031 345.43 854.53 641.95 654.72 750.80 816.25 454.28 1016.06
P2174 0.7886236310005188 275.05 308.32 687.86 385.74 627.05 710.02 214.24 632.61
P2174 0.3100886642932892 460.63 155.62 612.55 157.40 609.97 377.38 458.05 375.60
P2174 0.268171101808548 533.65 662.00 854.64 674.60 843.50 958.22 522.51 945.62
P2174 0.1333256959915161 747.01 414.65 913.89 410.79 920.40 691.68 753.52 695.55
P1914 0.15276584029197693 48.21 210.07 167.23 151.55 265.61 351.66 146.59 410.17
P0774 0.08618663251399994 343.09 239.97 1125.75 99.26 1189.76 455.28 407.10 595.99
P0127 0.47730425000190735 208.70 311.90 340.26 259.64 445.37 524.23 313.81 576.49
