P0182 0.9995604157447815 1854.14 1162.30 1963.86 1158.76 1966.57 1242.64 1856.85 1246.18
P0182 0.9979285001754761 1813.54 1022.51 1914.17 1004.33 1927.75 1079.44 1827.11 1097.63
P0182 0.6427287459373474 4654.54 512.52 4725.00 516.57 4719.43 613.52 4648.97 609.46
P1112 0.10435741394758224 2583.33 2671.56 2723.29 2775.19 2689.79 2820.44 2549.83 2716.81
P1363 0.3058212697505951 3666.97 139.88 3693.13 127.87 3706.63 157.28 3680.46 169.29
P1157 0.9983447790145874 2451.42 2621.07 2481.76 2626.08 2476.29 2659.28 2445.95 2654.28
P1157 0.9885204434394836 2604.93 2404.32 2632.63 2418.84 2618.05 2446.65 2590.35 2432.13
P1157 0.9850989580154419 2633.76 2469.45 2663.53 2451.79 2682.60 2483.94 2652.83 2501.59
P1157 0.9803414344787598 2681.43 2551.68 2709.95 2557.07 2703.42 2591.60 2674.91 2586.21
P1157 0.9775115251541138 2502.45 2333.88 2527.38 2345.68 2512.90 2376.26 2487.97 2364.46
P1157 0.9702375531196594 2726.83 2439.16 2761.51 2445.66 2754.70 2482.02 2720.02 2475.52
P1157 0.9648810029029846 2842.55 2297.55 2870.53 2312.21 2858.15 2335.83 2830.17 2321.17
P1157 0.9472751021385193 2699.35 2499.05 2733.70 2503.05 2729.56 2538.62 2695.21 2534.62
P1157 0.9287286996841431 2616.93 2376.74 2643.65 2386.16 2636.10 2407.57 2609.38 2398.14
P1157 0.9265087246894836 2590.23 2443.20 2618.81 2453.15 2610.75 2476.31 2582.16 2466.36
P1157 0.8614891767501831 1646.73 3079.97 1663.76 3079.42 1664.35 3097.64 1647.32 3098.19
P1157 0.645292341709137 2523.17 2376.57 2557.75 2389.92 2548.09 2414.91 2513.52 2401.56
P1157 0.6174518465995789 1873.27 3183.48 1893.14 3189.86 1885.36 3214.11 1865.49 3207.73
P1157 0.611069917678833 2434.29 2614.98 2450.55 2616.44 2447.90 2645.78 2431.65 2644.32
P1157 0.5512099266052246 1463.26 3337.88 1496.77 3347.89 1483.49 3392.33 1449.99 3382.32
P1157 0.45918765664100647 1281.58 3802.49 1304.56 3793.53 1316.21 3823.41 1293.23 3832.36
P1157 0.4451310634613037 1496.43 3478.14 1522.25 3495.84 1502.28 3524.98 1476.46 3507.28
P1157 0.2019219696521759 2479.54 2318.95 2497.96 2326.47 2485.97 2355.87 2467.54 2348.36
P1157 0.18355225026607513 1236.59 3472.59 1262.13 3483.14 1252.45 3506.56 1226.91 3496.00
P1157 0.17702805995941162 1773.87 2249.15 1811.67 2266.57 1795.43 2301.81 1757.63 2284.39
P1157 0.16918788850307465 3352.79 1749.77 3389.71 1762.53 3372.47 1812.41 3335.56 1799.65
P1157 0.14528009295463562 1965.36 2334.24 1992.85 2339.53 1987.69 2366.33 1960.20 2361.04
P1157 0.1404760777950287 1787.69 2983.91 1817.19 2995.58 1801.02 3036.44 1771.52 3024.77
P1157 0.13593100011348724 1396.78 3605.92 1411.79 3617.08 1401.94 3630.32 1386.93 3619.16
P1157 0.1345285326242447 5542.62 2690.48 5563.63 2690.25 5564.02 2725.55 5543.01 2725.78
P1157 0.1258501410484314 1802.61 2262.45 1826.35 2265.29 1823.31 2290.68 1799.57 2287.85
P1157 0.11062558740377426 2304.41 2939.57 2355.99 2953.84 2339.15 3014.71 2287.57 3000.44
P1157 0.10362773388624191 3907.98 1482.25 3938.55 1452.40 3970.59 1485.22 3940.02 1515.07
P1157 0.10188577324151993 3926.23 2411.28 3948.06 2407.37 3951.87 2428.64 3930.04 2432.55
P1157 0.08048059046268463 3017.23 3283.97 3056.65 3316.59 3019.00 3362.09 2979.58 3329.46
P1157 0.07411283254623413 1360.87 3504.72 1385.92 3507.31 1382.89 3536.59 1357.84 3534.00
P1157 0.06367713212966919 724.00 3843.45 746.26 3840.89 749.87 3872.26 727.61 3874.82
P1157 0.05699150264263153 2884.80 2198.32 2909.97 2214.87 2892.57 2241.34 2867.40 2224.80
P1157 0.05427537485957146 2464.23 2296.30 2488.56 2304.57 2473.88 2347.75 2449.55 2339.48
P2208 0.825447142124176 1122.76 2367.63 1158.83 2382.74 1148.96 2406.29 1112.89 2391.18
P2208 0.7134764194488525 4078.33 1137.19 4118.99 1154.20 4098.66 1202.77 4058.01 1185.76
P2208 0.6447537541389465 3948.28 616.34 3968.47 618.84 3965.54 642.42 3945.35 639.91
P2208 0.5394135117530823 3161.56 1288.36 3213.61 1252.47 3249.39 1304.35 3197.33 1340.25
P2208 0.5180400013923645 3536.34 739.43 3561.08 739.68 3560.74 772.72 3536.01 772.47
P2208 0.40980738401412964 4285.84 336.08 4312.46 323.84 4326.74 354.89 4300.12 367.13
P2208 0.35638320446014404 2774.11 243.38 2791.32 230.72 2803.74 247.59 2786.53 260.26
P2208 0.3175155222415924 4460.20 1501.56 4490.75 1525.27 4466.75 1556.19 4436.20 1532.48
P2208 0.2929078936576843 2751.00 2650.68 2850.18 2630.47 2869.14 2723.50 2769.95 2743.71
P2208 0.25752317905426025 4715.35 1262.31 4755.81 1262.13 4755.97 1299.40 4715.52 1299.58
P2208 0.2405598908662796 2384.15 526.48 2404.61 513.78 2420.11 538.73 2399.65 551.43
P2208 0.21476228535175323 4335.81 675.14 4361.71 674.46 4361.99 685.17 4336.09 685.85
P2208 0.14070728421211243 3891.28 2683.20 3955.79 2674.23 3963.15 2727.17 3898.64 2736.15
P2208 0.1330125480890274 3560.11 2489.23 3595.71 2508.97 3577.99 2540.92 3542.40 2521.17
P2208 0.1306338906288147 4348.72 251.90 4373.57 249.73 4375.86 275.99 4351.01 278.15
P2208 0.0842849612236023 3340.56 2018.79 3385.85 2036.71 3375.84 2062.02 3330.55 2044.10
P2208 0.08150439709424973 2189.85 2328.66 2212.65 2330.46 2211.07 2350.42 2188.27 2348.63
P2208 0.08146887272596359 1013.15 2464.65 1031.73 2463.72 1032.74 2483.89 1014.16 2484.83
P2208 0.06440675258636475 4607.45 2605.43 4688.44 2599.46 4693.74 2671.30 4612.75 2677.27
P1183 0.9986856579780579 5500.71 1994.56 5583.81 2011.52 5570.57 2076.41 5487.46 2059.46
P1183 0.0786011666059494 3601.30 2643.47 3621.31 2662.86 3596.92 2688.03 3576.91 2668.64
P1415 0.15756869316101074 4409.65 3423.74 4514.03 3479.47 4454.88 3590.27 4350.50 3534.55
P1180 0.9831951260566711 749.91 2777.11 773.39 2755.06 785.29 2767.74 761.82 2789.79
P1180 0.8849040269851685 766.54 2794.26 790.45 2772.56 801.84 2785.10 777.92 2806.81
P1180 0.8167406916618347 2019.06 1645.18 2037.02 1650.32 2032.30 1666.82 2014.34 1661.68
P1180 0.662421703338623 724.11 2835.71 735.59 2847.10 712.55 2870.31 701.08 2858.92
P1180 0.3023325800895691 3093.23 754.07 3104.50 743.61 3120.54 760.90 3109.27 771.36
P1180 0.2868717312812805 650.69 2806.22 674.91 2784.64 684.46 2795.35 660.23 2816.93
P1180 0.08295207470655441 1079.73 2324.25 1092.36 2311.98 1103.01 2322.95 1090.39 2335.21
P1180 0.06763094663619995 1363.00 1450.56 1403.45 1440.82 1413.36 1481.93 1372.90 1491.67
P1180 0.05974044278264046 1527.39 1818.31 1547.20 1801.02 1565.92 1822.48 1546.11 1839.76
P1125 0.3639724552631378 2662.11 3574.16 2719.99 3559.81 2734.35 3617.71 2676.46 3632.06
P1125 0.2592598497867584 3155.59 3711.45 3201.09 3701.38 3215.73 3767.46 3170.22 3777.54
P1125 0.1523706614971161 4892.36 3242.99 4914.97 3246.93 4908.81 3282.33 4886.20 3278.39
P1125 0.06855786591768265 690.19 3890.92 724.36 3880.85 761.37 4006.48 727.20 4016.54
P1655 0.4201433062553406 3738.63 3087.11 3765.89 3080.63 3771.27 3103.24 3744.00 3109.72
P1655 0.20058181881904602 3659.42 3104.03 3686.66 3100.84 3689.68 3126.66 3662.44 3129.84
P2263 0.061556145548820496 182.88 173.98 195.45 171.86 198.25 188.47 185.68 190.59
P0166 0.7934262752532959 965.69 2966.88 979.30 2959.55 987.47 2974.72 973.86 2982.05
P0166 0.06172611564397812 987.65 2908.86 997.61 2902.50 1003.98 2912.48 994.03 2918.84
P1400 0.9999358654022217 4272.15 1868.14 4310.41 1871.51 4299.82 1991.92 4261.56 1988.55
P1400 0.9999161958694458 3668.84 1847.82 3708.38 1849.45 3703.44 1969.16 3663.90 1967.53
P1400 0.9999099969863892 3619.38 1849.83 3660.49 1850.48 3658.58 1971.53 3617.47 1970.88
P1400 0.9998852014541626 4317.76 1872.06 4358.09 1874.67 4350.24 1996.32 4309.90 1993.71
P1400 0.999883770942688 3993.51 1861.07 4032.57 1861.31 4031.80 1983.40 3992.74 1983.16
P1400 0.9998834133148193 4225.48 1870.51 4262.41 1871.85 4258.34 1984.40 4221.41 1983.06
P1400 0.9998799562454224 3945.97 1855.67 3982.75 1854.93 3985.28 1981.73 3948.50 1982.46
P1400 0.9998639822006226 4037.10 1860.58 4079.47 1860.73 4079.03 1985.88 4036.65 1985.72
P1400 0.9998631477355957 3805.62 1846.70 3846.37 1847.40 3844.17 1974.17 3803.42 1973.46
P1400 0.9998610019683838 3903.27 1853.35 3941.84 1855.95 3933.43 1980.72 3894.86 1978.12
P1400 0.9998533725738525 3715.13 1848.45 3753.81 1848.96 3752.28 1965.17 3713.60 1964.66
P1400 0.9998489618301392 4083.86 1862.95 4124.14 1863.58 4122.28 1984.27 4082.00 1983.65
P1400 0.9998475313186646 4138.24 1862.65 4174.75 1867.64 4158.80 1984.29 4122.29 1979.29
P1400 0.9998288154602051 3859.19 1846.88 3895.97 1850.59 3882.87 1980.43 3846.09 1976.72
P1400 0.9998051524162292 4181.96 1864.65 4220.55 1867.91 4210.13 1991.04 4171.53 1987.77
P1400 0.9998005032539368 3762.24 1850.38 3799.04 1850.35 3799.13 1970.74 3762.33 1970.77
P1400 0.9994444251060486 2842.38 1817.82 2878.74 1820.65 2869.24 1942.23 2832.89 1939.39
P1400 0.9989074468612671 5038.48 1975.42 5074.65 1980.93 5057.08 2096.20 5020.91 2090.69
P1400 0.9988970756530762 3165.59 3383.25 3202.44 3385.46 3194.31 3521.27 3157.46 3519.06
P1400 0.9988497495651245 4422.23 1883.99 4464.46 1890.62 4446.20 2006.92 4403.97 2000.29
P1400 0.9981963038444519 5171.13 1983.55 5207.31 1987.99 5193.55 2099.95 5157.38 2095.51
P1400 0.9981716871261597 3224.93 3263.65 3264.67 3263.48 3265.23 3389.96 3225.49 3390.14
P1400 0.9980942606925964 3034.43 3382.72 3071.80 3380.70 3079.06 3515.00 3041.69 3517.02
P1400 0.9980798959732056 5010.20 1975.76 5038.26 1978.05 5028.72 2094.86 5000.65 2092.57
P1400 0.9976385831832886 3346.83 3267.67 3389.44 3269.33 3383.95 3409.79 3341.34 3408.12
P1400 0.9931021928787231 3830.04 3273.99 3877.17 3274.16 3876.64 3420.62 3829.52 3420.45
P1400 0.9924808740615845 5949.50 2540.29 5996.88 2502.58 6089.49 2618.96 6042.11 2656.67
P1400 0.9920507073402405 3285.75 3399.20 3322.33 3400.90 3316.45 3527.13 3279.86 3525.42
P1400 0.9899382591247559 2715.65 1819.05 2766.16 1819.88 2763.40 1986.49 2712.89 1985.65
P1400 0.9886119961738586 3707.65 3278.19 3755.82 3278.39 3755.22 3419.26 3707.05 3419.06
P1400 0.9869738817214966 3150.78 3823.38 3190.90 3824.56 3186.65 3969.40 3146.53 3968.23
P1400 0.983797013759613 2780.25 1815.09 2828.60 1814.22 2831.36 1967.51 2783.00 1968.38
P1400 0.979576587677002 5136.07 1980.08 5170.14 1981.85 5164.22 2095.82 5130.15 2094.05
P1400 0.9782871603965759 5074.32 1978.68 5102.72 1980.50 5096.84 2072.34 5068.44 2070.52
P1400 0.9767284393310547 3269.87 3819.78 3320.36 3823.30 3309.25 3982.75 3258.76 3979.23
P1400 0.9766938090324402 2382.89 1805.46 2421.10 1807.53 2415.74 1906.30 2377.53 1904.23
P1400 0.9766785502433777 3214.28 3704.44 3251.79 3705.13 3249.49 3829.59 3211.98 3828.90
P1400 0.9751253128051758 2977.09 3686.37 3017.65 3689.87 3004.50 3842.07 2963.94 3838.57
P1400 0.9745780229568481 5109.53 1984.23 5136.16 1987.27 5126.64 2070.66 5100.01 2067.62
P1400 0.9724496006965637 3585.67 3264.04 3635.76 3264.56 3634.24 3411.16 3584.15 3410.64
P1400 0.9715112447738647 2611.48 3236.88 2659.13 3238.45 2654.69 3372.84 2607.04 3371.27
P1400 0.9708579778671265 2912.91 3379.10 2958.71 3380.02 2955.86 3521.18 2910.06 3520.26
P1400 0.9526081085205078 2790.11 3374.51 2839.35 3375.36 2836.81 3522.69 2787.57 3521.84
P1400 0.9175989627838135 2978.39 3252.96 3027.23 3254.16 3024.03 3383.71 2975.19 3382.51
P1400 0.8467274904251099 3526.95 3406.73 3567.51 3408.16 3563.16 3531.94 3522.60 3530.51
P1400 0.8460196256637573 4028.42 1489.28 4094.24 1495.25 4078.99 1663.37 4013.17 1657.40
P1400 0.8234171271324158 2490.87 3242.26 2536.39 3241.86 2537.57 3377.40 2492.05 3377.80
P1400 0.7769960165023804 2855.55 2615.69 2910.75 2618.55 2903.65 2755.63 2848.45 2752.77
P1400 0.774046778678894 1728.63 2485.33 1758.00 2483.28 1767.34 2616.86 1737.97 2618.91
P1400 0.7588571310043335 2731.59 3253.48 2774.71 3253.23 2775.43 3382.46 2732.31 3382.70
P1400 0.7278183102607727 5758.68 2350.63 5811.78 2316.10 5892.17 2439.72 5839.07 2474.25
P1400 0.6302209496498108 3467.09 3264.79 3522.23 3267.96 3513.48 3420.03 3458.35 3416.86
P1400 0.6090211272239685 398.73 567.83 449.43 573.51 434.77 704.17 384.07 698.48
P1400 0.5559678673744202 5587.50 2923.09 5623.63 2889.87 5707.03 2980.59 5670.90 3013.80
P1400 0.5291754603385925 5603.76 2066.16 5686.60 2005.24 5713.43 2041.72 5630.60 2102.64
P1400 0.4991641938686371 1703.98 2492.17 1728.03 2491.09 1731.09 2559.46 1707.04 2560.54
P1400 0.48914673924446106 3180.70 2601.68 3236.68 2605.14 3226.47 2770.66 3170.49 2767.21
P1400 0.3853478729724884 1447.46 980.77 1520.92 986.72 1508.52 1139.71 1435.06 1133.76
P1400 0.34581223130226135 5903.23 2616.65 5958.53 2581.65 6019.23 2677.58 5963.93 2712.57
P1400 0.3272704780101776 3343.36 2602.10 3397.20 2606.07 3385.36 2766.78 3331.52 2762.82
P1400 0.19850140810012817 3611.80 2975.81 3665.50 2980.67 3655.88 3086.94 3602.18 3082.08
P1400 0.16494913399219513 3733.51 1800.56 3832.67 1732.04 3874.61 1792.73 3775.45 1861.25
P1400 0.16132380068302155 670.07 1322.89 745.95 1333.61 723.50 1492.48 647.62 1481.75
P1400 0.1348847895860672 3660.29 2967.12 3714.30 2972.96 3703.71 3070.98 3649.70 3065.14
P1400 0.1338685005903244 1507.39 309.36 1559.34 314.30 1549.94 413.19 1497.98 408.25
P1400 0.1303943544626236 3083.12 3690.93 3151.38 3697.00 3138.78 3838.63 3070.53 3832.56
P1400 0.12339480966329575 3328.41 3709.42 3387.30 3711.15 3383.58 3838.05 3324.69 3836.32
P1400 0.12092340737581253 2377.15 2898.28 2430.21 2901.93 2421.73 3025.08 2368.67 3021.43
P1400 0.11424149572849274 2828.96 3691.23 2899.88 3691.21 2899.91 3822.91 2829.00 3822.93
P1400 0.08404655009508133 4211.53 2984.32 4263.10 2987.79 4255.94 3094.29 4204.37 3090.83
P1400 0.08027887344360352 1129.81 292.69 1183.38 296.47 1176.82 389.38 1123.24 385.59
P1400 0.0784250795841217 3888.54 3375.01 3910.96 3383.91 3891.38 3433.19 3868.97 3424.28
P1400 0.06449511647224426 564.41 266.72 616.20 270.19 609.92 363.97 558.14 360.51
P1400 0.0617075152695179 2810.96 411.81 2888.44 417.16 2877.29 578.62 2799.81 573.27
P1400 0.05674862489104271 658.94 267.16 714.81 272.33 705.86 369.07 649.98 363.90
P1400 0.056487031280994415 3832.51 1464.72 3910.18 1462.65 3914.36 1619.05 3836.68 1621.13
P1400 0.050330132246017456 1278.24 308.13 1318.17 313.60 1305.27 407.77 1265.33 402.30
P2749 0.69033282995224 3152.98 952.98 3243.83 926.60 3276.48 1039.06 3185.63 1065.44
P2749 0.5621951222419739 2804.57 1045.97 2852.08 1030.00 2872.43 1090.54 2824.93 1106.51
P2749 0.36421748995780945 1919.17 1759.91 1977.85 1751.78 1986.06 1811.08 1927.38 1819.21
P2749 0.09383360296487808 2805.25 809.79 2857.76 796.16 2876.25 867.39 2823.75 881.02
P2749 0.054753899574279785 3812.25 1698.82 3846.91 1691.58 3855.06 1730.58 3820.40 1737.82
P1723 0.0855238065123558 1224.85 3940.78 1351.58 3909.66 1379.79 4024.54 1253.06 4055.67
P2635 0.27867093682289124 2549.37 1904.37 2597.74 1901.98 2603.57 2020.00 2555.20 2022.39
P2635 0.21986013650894165 2301.86 1162.26 2437.05 1186.79 2410.61 1332.46 2275.42 1307.92
P1424 0.1637117713689804 1860.30 202.09 2082.03 231.02 2042.87 531.21 1821.14 502.28
P2448 0.1785498410463333 1948.66 1673.00 1965.79 1685.16 1960.03 1693.28 1942.90 1681.12
P1406 0.09712221473455429 5354.63 294.06 5484.77 362.41 5392.07 538.91 5261.92 470.56
P1129 0.9999597072601318 3121.70 5786.48 3211.65 5800.75 3195.45 5902.92 3105.50 5888.66
P1129 0.9998999834060669 531.45 1865.89 588.31 1882.24 571.57 1940.45 514.71 1924.10
P1129 0.9998291730880737 592.48 1875.56 649.25 1884.04 639.53 1949.10 582.76 1940.62
P1129 0.9996562004089355 298.62 1449.69 358.78 1457.73 349.85 1524.55 289.69 1516.51
P1129 0.9996438026428223 3398.75 4861.50 3487.26 4878.02 3471.14 4964.39 3382.64 4947.88
P1129 0.9996175765991211 3428.83 4656.03 3519.10 4665.31 3510.24 4751.58 3419.97 4742.30
P1129 0.9996110796928406 728.72 1694.76 787.88 1702.92 778.80 1768.80 719.64 1760.64
P1129 0.9993777275085449 263.46 1766.39 321.29 1783.59 302.44 1846.95 244.61 1829.75
P1129 0.9993149042129517 3355.84 5059.26 3451.99 5091.82 3421.17 5182.84 3325.02 5150.27
P1129 0.9987560510635376 411.17 1753.69 470.54 1757.39 466.29 1825.50 406.92 1821.80
P1129 0.9901988506317139 3127.17 4443.90 3203.94 4477.24 3168.24 4559.46 3091.46 4526.12
P1129 0.9638104438781738 429.56 1677.44 498.12 1693.84 482.99 1757.08 414.43 1740.68
P1396 0.9996894598007202 2044.35 467.33 2083.58 487.08 2033.24 587.11 1994.01 567.36
P1396 0.9996196031570435 2123.85 468.50 2163.07 471.00 2155.86 583.87 2116.65 581.37
P1396 0.9996080994606018 2174.06 470.66 2214.82 474.09 2204.19 600.23 2163.44 596.80
P1396 0.9995899796485901 2239.82 1218.83 2276.54 1220.98 2269.40 1342.71 2232.68 1340.56
P1396 0.9993851184844971 586.99 2287.67 614.31 2291.00 602.98 2383.90 575.67 2380.57
P1396 0.9993599057197571 2052.73 689.18 2095.14 691.42 2088.29 821.24 2045.88 819.00
P1396 0.9991140961647034 2129.32 697.50 2176.42 699.16 2171.67 833.13 2124.57 831.46
P1396 0.9986400008201599 551.10 2285.48 578.59 2289.96 563.89 2380.24 536.41 2375.77
P1396 0.998630702495575 628.05 2292.53 655.69 2296.69 642.09 2387.17 614.46 2383.02
P1396 0.9980900883674622 2144.54 1176.67 2188.99 1174.31 2196.20 1309.85 2151.75 1312.22
P1396 0.9980280995368958 2002.06 619.31 2044.36 616.16 2053.47 738.89 2011.18 742.03
P1396 0.9975287318229675 2090.08 693.48 2133.72 694.70 2130.01 827.55 2086.38 826.33
P1396 0.997175931930542 2052.79 592.58 2171.99 603.26 2168.34 644.00 2049.14 633.31
P1396 0.9963210821151733 2194.41 1198.84 2236.45 1199.24 2235.21 1328.17 2193.17 1327.77
P1396 0.9950047135353088 2165.63 611.78 2209.17 613.32 2204.91 734.06 2161.37 732.52
P1396 0.986927330493927 765.34 2071.59 796.43 2073.03 792.16 2165.47 761.07 2164.03
P1396 0.9765601754188538 665.89 2305.62 697.18 2311.90 678.22 2406.27 646.94 2399.98
P1396 0.9739755392074585 713.89 2097.16 733.88 2096.22 736.18 2144.73 716.19 2145.68
P1396 0.9421463012695312 2054.66 633.29 2167.10 634.17 2166.80 673.11 2054.36 672.23
P1396 0.8304383158683777 1253.96 1206.94 1332.33 1215.73 1326.23 1270.12 1247.86 1261.33
P1396 0.8080216646194458 881.23 2086.33 935.05 2082.42 941.51 2171.31 887.69 2175.22
P1396 0.7230095267295837 764.34 2221.97 804.62 2216.56 811.90 2270.83 771.63 2276.24
P1396 0.2735159993171692 1140.64 1661.10 1196.63 1663.89 1195.41 1688.50 1139.42 1685.71
P1396 0.11623507738113403 1006.52 1631.83 1084.76 1636.38 1083.29 1661.74 1005.04 1657.19
P1396 0.09928906708955765 1677.58 5506.30 1804.03 5514.47 1801.95 5546.70 1675.50 5538.53
P1396 0.054369956254959106 2130.90 5146.94 2163.31 5144.29 2169.26 5217.11 2136.85 5219.76
P1396 0.05311588570475578 2486.58 1033.99 2513.46 1036.79 2506.55 1103.14 2479.68 1100.35
P1378 0.855265200138092 3718.36 3034.95 3739.94 3046.86 3723.05 3077.45 3701.47 3065.54
P1163 0.999859094619751 2177.23 1860.99 2255.97 1925.53 2201.08 1992.49 2122.34 1927.94
P1163 0.9987687468528748 1467.15 2350.57 1496.91 2376.56 1468.41 2409.20 1438.65 2383.22
P1163 0.9984859824180603 1449.54 2169.44 1487.17 2189.79 1466.48 2228.05 1428.84 2207.70
P1163 0.9971396923065186 3530.37 4893.10 3573.85 4891.34 3575.93 4942.81 3532.45 4944.57
P1163 0.9947718977928162 1380.81 2305.79 1414.38 2327.82 1390.28 2364.55 1356.71 2342.51
P1163 0.9127882719039917 4247.03 939.08 4313.83 967.33 4286.09 1032.94 4219.29 1004.70
P1500 0.08483173698186874 3517.61 2586.37 3590.52 2657.51 3522.83 2726.88 3449.92 2655.73
P0137 0.8558977842330933 3599.96 1216.90 3655.81 1233.44 3641.42 1282.01 3585.58 1265.47
P1448 0.7552555203437805 4101.60 245.66 4145.04 222.31 4170.20 269.13 4126.76 292.48
P1123 0.13318844139575958 5944.37 327.76 6216.27 225.17 6295.64 435.52 6023.74 538.12
P1153 0.5252768993377686 1645.86 2465.21 1827.45 2322.67 1985.97 2524.61 1804.38 2667.16
P1153 0.1619848608970642 935.02 3055.31 1029.26 2997.88 1108.27 3127.55 1014.02 3184.97
P1146 0.4423222541809082 2233.06 3263.88 2282.63 3240.61 2314.97 3309.47 2265.40 3332.75
P1146 0.0615147203207016 2388.94 195.20 2447.24 205.75 2444.07 223.24 2385.77 212.69
P1870 0.10660505294799805 5263.28 899.72 5307.27 882.06 5323.89 923.47 5279.91 941.13
P0185 0.4727877974510193 1335.95 2702.54 1380.26 2706.19 1368.81 2845.49 1324.50 2841.85
P0185 0.06552479416131973 654.89 2797.01 758.88 2699.44 836.33 2781.99 732.34 2879.56
P0185 0.06488659232854843 1563.43 3070.66 1617.06 3112.71 1587.30 3150.67 1533.67 3108.62
P1175 0.8783217072486877 2195.49 2682.23 2219.67 2679.86 2221.94 2703.05 2197.76 2705.41
P1175 0.23074917495250702 1772.43 3326.99 1792.33 3336.23 1775.58 3372.30 1755.69 3363.06
P1175 0.12465772777795792 1719.94 3282.30 1745.42 3288.46 1733.02 3339.80 1707.54 3333.64
P1175 0.06265649199485779 1850.92 2826.42 1872.11 2839.41 1862.39 2855.28 1841.20 2842.29
P1124 0.38580721616744995 3332.24 2476.29 3620.44 2479.36 3616.73 2827.18 3328.53 2824.11
P1124 0.2961255609989166 1165.52 2303.39 1414.76 2236.93 1468.34 2437.85 1219.10 2504.31
P1124 0.05221493914723396 3901.92 2396.96 4040.03 2481.76 3941.66 2641.97 3803.55 2557.16
P2556 0.9896329641342163 3296.24 4647.95 3365.89 4598.81 3408.53 4659.25 3338.88 4708.38
P2556 0.4493371546268463 1343.62 26.18 1376.31 47.75 1355.64 79.09 1322.94 57.51
P2556 0.12849079072475433 280.21 4719.10 334.04 4692.79 356.61 4738.97 302.78 4765.27
P2556 0.06071119382977486 1762.61 838.17 1787.75 826.11 1800.31 852.29 1775.17 864.35
P2193 0.06521257013082504 1228.06 1189.95 1237.00 1194.15 1232.17 1204.43 1223.23 1200.23
P0842 0.11854704469442368 37.51 41.50 56.46 44.32 49.70 89.70 30.75 86.88
P1176 0.9998807907104492 1011.78 2061.82 1047.87 2050.83 1058.32 2085.15 1022.24 2096.14
P1176 0.999760091304779 924.73 2073.97 962.52 2060.43 976.24 2098.72 938.45 2112.26
P1176 0.9996365308761597 3536.13 1675.58 3564.21 1672.18 3568.55 1708.07 3540.47 1711.47
P1176 0.99956876039505 3366.44 1701.98 3393.30 1698.23 3397.93 1731.33 3371.07 1735.08
P1176 0.9993966817855835 3567.66 1673.31 3597.22 1666.91 3604.30 1699.61 3574.73 1706.01
P1176 0.9993290901184082 3398.64 1694.60 3425.48 1691.28 3429.85 1726.62 3403.01 1729.94
P1176 0.9993076324462891 3331.58 1706.35 3361.99 1704.30 3364.23 1737.64 3333.81 1739.68
P1176 0.9990715980529785 3497.45 1683.65 3523.33 1678.82 3529.35 1711.08 3503.46 1715.91
P1176 0.9989916682243347 3461.67 1687.32 3487.52 1684.96 3490.66 1719.33 3464.80 1721.68
P1176 0.9989295601844788 3604.17 1668.98 3633.49 1665.68 3637.00 1696.92 3607.68 1700.22
P1176 0.9849397540092468 3739.89 1775.87 3769.84 1769.11 3777.30 1802.16 3747.35 1808.92
P1176 0.9831795692443848 3702.79 1781.93 3730.98 1777.81 3736.13 1813.07 3707.95 1817.19
P1176 0.7674864530563354 1409.32 1970.01 1467.99 1964.89 1472.74 2019.35 1414.07 2024.46
P1176 0.3676145076751709 516.70 2025.79 543.21 2023.48 545.70 2051.93 519.18 2054.24
P1176 0.33347287774086 4377.53 1560.40 4415.41 1555.26 4421.61 1600.93 4383.74 1606.07
P1176 0.3035558760166168 4454.10 1552.03 4494.47 1543.29 4504.54 1589.74 4464.17 1598.49
P1176 0.29799336194992065 1346.31 1979.11 1385.73 1974.95 1391.55 2030.10 1352.13 2034.25
P1176 0.2359602004289627 4250.99 1702.01 4281.70 1697.17 4288.16 1738.14 4257.45 1742.99
P1176 0.2151973396539688 4216.91 1600.59 4237.37 1599.05 4239.42 1626.41 4218.97 1627.95
P1176 0.14990581572055817 3862.37 1643.59 3891.90 1640.07 3896.20 1676.17 3866.67 1679.68
P1176 0.1435798555612564 4296.07 1582.06 4316.23 1578.35 4322.13 1610.38 4301.97 1614.10
P1176 0.11601120978593826 1567.27 2094.55 1592.82 2091.11 1597.34 2124.62 1571.80 2128.06
P1176 0.09755155444145203 3826.99 1634.92 3851.35 1631.97 3856.07 1671.00 3831.72 1673.95
P1176 0.08783341199159622 4182.38 1603.20 4208.89 1599.87 4212.88 1631.66 4186.38 1634.99
P1176 0.07376740872859955 4585.43 1526.79 4622.07 1519.88 4630.25 1563.32 4593.60 1570.22
P1176 0.06846833229064941 3971.03 1831.34 3995.14 1853.31 3971.63 1879.13 3947.51 1857.16
P1176 0.056072041392326355 1742.36 1923.00 1799.68 1911.55 1810.11 1963.78 1752.80 1975.23
P1176 0.052395571023225784 1659.97 1929.83 1724.50 1921.96 1731.25 1977.33 1666.72 1985.20
P1160 0.9998438358306885 182.89 4052.50 268.64 4091.13 239.77 4155.22 154.02 4116.60
P1160 0.9998377561569214 905.83 3719.88 986.11 3751.78 957.76 3823.14 877.48 3791.24
P1160 0.9997521042823792 226.06 3954.47 306.47 3982.49 281.16 4055.13 200.75 4027.11
P1160 0.9996333122253418 1022.83 3414.92 1107.61 3460.45 1067.17 3535.74 982.39 3490.21
P1160 0.9994726777076721 150.55 4147.74 232.61 4183.97 200.84 4255.93 118.78 4219.70
P1160 0.9994114637374878 564.13 4155.34 646.97 4172.31 627.21 4268.75 544.38 4251.78
P1160 0.9991244673728943 338.95 4193.07 413.39 4240.90 366.20 4314.36 291.75 4266.54
P1160 0.998982846736908 492.05 4325.35 572.39 4345.31 550.43 4433.72 470.08 4413.76
P1160 0.2000999003648758 918.54 3678.96 957.83 3701.55 930.13 3749.70 890.85 3727.11
P1160 0.18930698931217194 178.55 4048.76 216.93 4015.84 259.05 4064.93 220.68 4097.85
P1160 0.11403580754995346 1059.39 3410.02 1091.93 3437.94 1073.23 3459.72 1040.70 3431.80
P1160 0.07307331264019012 1863.87 692.25 2056.04 655.62 2073.35 746.42 1881.18 783.05
P1504 0.5190944671630859 867.88 831.31 883.76 822.40 897.96 847.72 882.08 856.62
P1504 0.31382256746292114 859.43 799.22 874.11 798.25 876.91 840.73 862.23 841.70
P1504 0.1729082316160202 1340.53 1158.15 1353.06 1152.15 1363.16 1173.25 1350.62 1179.25
P0089 0.9349247813224792 1055.94 177.42 1159.29 130.62 1181.87 180.47 1078.51 227.27
P0089 0.07586897164583206 1087.67 210.44 1188.21 178.10 1197.25 206.21 1096.71 238.54
P2499 0.10728906095027924 22.24 471.28 30.61 474.42 23.21 494.14 14.83 490.99
P1372 0.0791468620300293 3193.21 738.14 3215.33 747.82 3206.98 766.89 3184.86 757.20
P1372 0.051074955612421036 2699.31 3298.92 2725.58 3277.06 2747.54 3303.44 2721.27 3325.30
P1402 0.8409488201141357 1577.21 674.51 1595.43 676.32 1593.72 693.56 1575.50 691.76
P1402 0.8159962296485901 3559.99 3203.48 3569.63 3203.75 3568.88 3231.03 3559.24 3230.77
P1402 0.8157104253768921 3570.69 3205.56 3581.85 3205.93 3581.03 3231.25 3569.87 3230.89
P1402 0.690077543258667 1536.32 824.66 1555.33 819.81 1561.36 843.46 1542.35 848.31
P1402 0.6236072182655334 1238.57 1496.93 1276.28 1469.23 1304.92 1508.21 1267.21 1535.91
P1402 0.5658659338951111 3548.57 3204.22 3558.97 3204.58 3558.07 3230.58 3547.67 3230.22
P1402 0.5191540122032166 3604.01 3207.00 3614.79 3207.42 3613.82 3231.87 3603.04 3231.44
P1402 0.45368048548698425 3625.35 3209.73 3636.74 3210.15 3635.90 3232.90 3624.52 3232.48
P1402 0.41997626423835754 3634.73 3372.22 3649.25 3375.11 3645.73 3392.74 3631.22 3389.84
P1402 0.4174588620662689 1743.15 3776.97 1767.47 3784.92 1762.51 3800.10 1738.19 3792.15
P1402 0.4030044972896576 3524.04 3199.43 3538.20 3200.31 3536.39 3229.52 3522.22 3228.64
P1402 0.3297630250453949 3636.34 3208.56 3646.79 3208.43 3647.10 3232.40 3636.65 3232.54
P1402 0.3197716772556305 3538.21 3268.30 3550.88 3269.73 3548.62 3289.74 3535.95 3288.31
P1402 0.3122859597206116 3592.65 3206.29 3603.55 3206.77 3602.42 3232.49 3591.52 3232.01
P1402 0.2807982861995697 1588.76 1165.28 1604.49 1162.67 1607.17 1178.74 1591.44 1181.35
P1402 0.27680274844169617 1442.18 1059.70 1456.82 1046.59 1468.23 1059.34 1453.58 1072.44
P1402 0.2742804288864136 3553.51 3267.77 3567.57 3269.94 3564.40 3290.53 3550.34 3288.36
P1402 0.26195836067199707 1582.52 1000.58 1601.27 999.31 1602.37 1015.56 1583.62 1016.83
P1402 0.2596079707145691 1088.09 1274.79 1101.72 1264.04 1112.26 1277.39 1098.63 1288.15
P1402 0.18734395503997803 3645.22 3455.47 3653.37 3456.17 3651.37 3479.30 3643.21 3478.59
P1402 0.17402932047843933 3439.91 3194.79 3452.42 3197.30 3447.23 3223.21 3434.72 3220.71
P1402 0.1619289368391037 1562.00 71.16 1577.24 79.79 1571.62 89.72 1556.38 81.09
P1402 0.16013577580451965 3509.85 3265.75 3524.16 3268.97 3519.87 3288.05 3505.56 3284.84
P1402 0.15351749956607819 1862.48 908.98 1885.52 929.92 1867.95 949.25 1844.91 928.31
P1402 0.14267286658287048 3661.73 3454.74 3669.36 3455.72 3666.34 3479.14 3658.72 3478.16
P1402 0.1326209455728531 3632.94 3455.19 3642.60 3455.89 3640.84 3480.40 3631.17 3479.70
P1402 0.1320623904466629 1538.75 1192.99 1551.51 1192.18 1552.22 1203.34 1539.46 1204.15
P1402 0.10136585682630539 3633.55 4037.95 3653.56 4038.82 3652.08 4072.84 3632.06 4071.96
P1402 0.10079917311668396 3757.03 2638.85 3771.34 2642.06 3768.31 2655.58 3754.00 2652.37
P1402 0.09909527748823166 3593.92 3308.16 3604.23 3315.29 3596.06 3327.10 3585.74 3319.97
P1402 0.09589870274066925 3648.77 3410.98 3658.17 3412.05 3655.57 3434.69 3646.17 3433.61
P1402 0.09551817923784256 3430.75 3196.83 3439.64 3197.55 3437.46 3224.73 3428.56 3224.02
P1402 0.09279023855924606 1558.85 83.07 1570.21 93.75 1559.99 104.61 1548.63 93.93
P1402 0.09256818145513535 1539.86 1141.56 1555.11 1142.55 1554.40 1153.50 1539.15 1152.52
P1402 0.0908333957195282 3636.49 3412.31 3645.70 3412.74 3644.71 3433.74 3635.50 3433.31
P1402 0.08287806808948517 3250.71 2824.01 3262.43 2824.77 3261.33 2841.68 3249.61 2840.91
P1402 0.08201912045478821 3672.42 3455.75 3682.85 3456.32 3681.64 3478.58 3671.21 3478.02
P1402 0.07580946385860443 3861.05 2648.66 3877.44 2650.87 3875.23 2667.32 3858.83 2665.11
P1402 0.07523292303085327 1805.97 3845.09 1835.61 3837.48 1840.25 3855.53 1810.60 3863.14
P1402 0.07484488934278488 3436.20 3264.65 3450.06 3266.74 3447.17 3285.98 3433.30 3283.89
P1402 0.07418544590473175 3555.96 2825.03 3566.38 2825.94 3564.87 2843.30 3554.46 2842.40
P1402 0.05785594880580902 2472.05 2479.54 2490.34 2495.86 2472.19 2516.20 2453.90 2499.87
P1402 0.05702121555805206 3593.64 3269.01 3606.78 3267.30 3609.58 3288.83 3596.44 3290.53
P1402 0.05530499666929245 3775.87 2406.56 3792.56 2407.94 3790.92 2427.89 3774.22 2426.51
P1402 0.053279682993888855 1759.31 3792.17 1770.78 3795.09 1767.65 3807.42 1756.18 3804.50
P1402 0.05100056529045105 3861.75 2751.15 3872.83 2750.77 3873.25 2762.76 3862.16 2763.14
P0165 0.7382612228393555 2928.39 2498.43 2941.41 2494.96 2945.08 2508.75 2932.06 2512.22
P0165 0.6537946462631226 1055.12 1068.80 1087.68 1068.64 1087.85 1103.04 1055.29 1103.20
P0165 0.25404950976371765 2618.23 726.55 2659.71 732.48 2654.01 772.29 2612.54 766.36
P0165 0.11192154139280319 1096.80 1922.71 1130.67 1955.04 1104.40 1982.57 1070.53 1950.24
P0165 0.08416034281253815 2905.56 1891.85 2938.53 1912.89 2916.00 1948.19 2883.03 1927.16
P0165 0.07825921475887299 2919.50 1173.71 2965.68 1180.10 2959.25 1226.54 2913.08 1220.16
P0165 0.07338713109493256 2255.72 1620.94 2286.87 1625.37 2281.56 1662.75 2250.40 1658.32
P0165 0.05562508851289749 3217.50 2408.91 3247.50 2413.17 3242.58 2447.82 3212.58 2443.55
P1510 0.16542577743530273 1572.21 53.00 1601.07 57.35 1592.46 114.48 1563.60 110.13
P1177 0.9998971223831177 1230.33 688.15 1331.97 668.57 1357.57 801.51 1255.93 821.08
P1177 0.9998862743377686 1375.14 667.46 1479.43 656.21 1493.70 788.59 1389.41 799.83
P1177 0.9998785257339478 538.49 798.83 644.26 777.45 668.79 898.81 563.02 920.20
P1177 0.9998749494552612 944.50 733.37 1040.77 714.46 1067.39 849.89 971.12 868.81
P1177 0.9998687505722046 278.74 829.68 393.00 820.93 402.85 949.54 288.60 958.29
P1177 0.9997590184211731 788.54 763.19 890.10 739.60 919.04 864.20 817.48 887.79
P1177 0.9997370839118958 411.00 812.88 517.05 796.37 536.72 922.70 430.67 939.21
P1177 0.9996860027313232 1097.88 712.74 1200.30 692.14 1226.59 822.84 1124.16 843.44
P1177 0.9991415739059448 1769.93 1125.07 1882.60 1114.61 1895.24 1250.70 1782.56 1261.16
P1177 0.9987175464630127 1917.72 1108.60 2030.27 1083.52 2059.48 1214.60 1946.94 1239.69
P1177 0.3731768727302551 5307.03 109.11 5421.87 90.61 5449.87 264.49 5335.03 282.99
P1177 0.18421992659568787 3811.88 407.30 3885.93 385.78 3918.47 497.76 3844.42 519.28
P1177 0.12459864467382431 4779.67 223.26 4923.78 185.60 4967.64 353.40 4823.53 391.07
P1177 0.11592724919319153 2280.49 554.84 2357.84 547.18 2371.57 685.87 2294.22 693.52
P1177 0.11381825804710388 4136.96 333.34 4218.97 317.03 4243.99 442.87 4161.98 459.18
P1177 0.06748517602682114 3218.63 370.23 3378.38 369.20 3379.72 577.24 3219.97 578.27
P2679 0.10331752151250839 1043.23 2786.24 1060.55 2787.17 1059.62 2804.58 1042.30 2803.65
P2546 0.13093243539333344 660.91 587.43 691.40 585.56 692.98 611.41 662.49 613.28
P0034 0.5684572458267212 706.16 1688.93 732.26 1673.44 769.37 1735.99 743.26 1751.47
P0034 0.457577645778656 2021.57 935.71 2042.17 925.62 2075.00 992.66 2054.40 1002.75
P0034 0.3189994990825653 3044.45 335.17 3082.09 315.66 3111.29 371.98 3073.65 391.49
P0034 0.2851697504520416 1869.98 1014.28 1888.91 1003.69 1912.30 1045.49 1893.38 1056.09
P0034 0.25614503026008606 1293.63 1347.93 1318.85 1333.19 1358.26 1400.61 1333.04 1415.35
P0034 0.22949345409870148 2062.48 347.45 2116.16 317.19 2154.20 384.69 2100.52 414.95
P1379 0.06352071464061737 256.57 2340.90 290.74 2334.48 295.06 2357.43 260.89 2363.86
P2188 0.07867857068777084 937.93 1497.32 998.84 1476.55 1018.52 1534.29 957.61 1555.06
P1126 0.3297385573387146 2082.00 1697.67 2199.03 1666.20 2222.61 1753.88 2105.58 1785.35
P1126 0.20382510125637054 4567.93 1525.88 4903.57 1426.19 4972.37 1657.83 4636.74 1757.52
P1126 0.17329853773117065 4120.07 985.79 4185.67 971.24 4189.96 990.58 4124.36 1005.13
P1126 0.10217128694057465 4091.94 974.28 4146.75 957.47 4154.13 981.55 4099.32 998.36
P1126 0.08476300537586212 2361.15 2013.83 2660.17 1736.12 2850.24 1940.78 2551.22 2218.49
P1409 0.1710658073425293 2458.72 1005.22 2599.01 922.64 2658.94 1024.46 2518.65 1107.04
P1409 0.1458142250776291 3082.08 1251.66 3210.06 1315.53 3132.32 1471.31 3004.34 1407.44
P1409 0.05623576045036316 2810.50 1095.43 2942.34 1145.69 2882.34 1303.08 2750.50 1252.82
P1485 0.9998936653137207 1008.29 2462.76 1117.95 2452.41 1131.48 2595.68 1021.82 2606.03
P1151 0.5159276723861694 1394.08 1474.12 1514.65 1411.87 1548.37 1477.17 1427.80 1539.43
P1151 0.511723518371582 1820.63 2314.76 1956.48 2224.19 2011.53 2306.78 1875.68 2397.34
P1151 0.46726325154304504 1690.44 2064.09 1818.15 1988.39 1873.08 2081.05 1745.37 2156.76
P1151 0.46542888879776 2114.54 2844.17 2261.63 2708.61 2325.92 2778.37 2178.83 2913.93
P1151 0.37269753217697144 1738.59 2155.16 1879.35 2065.81 1936.64 2156.06 1795.89 2245.41
P1151 0.33238670229911804 2051.70 2718.32 2161.97 2655.24 2193.20 2709.83 2082.93 2772.91
P1151 0.22617116570472717 1616.06 1916.08 1740.88 1845.71 1780.40 1915.80 1655.58 1986.17
P1151 0.14198969304561615 1653.55 2011.77 1779.65 1914.53 1830.85 1980.93 1704.75 2078.17
P1151 0.13061897456645966 1922.84 2468.92 2046.26 2393.38 2103.69 2487.22 1980.27 2562.76
P1151 0.11813174933195114 2004.10 2572.94 2115.78 2514.16 2165.56 2608.75 2053.88 2667.53
P1151 0.11729802191257477 1592.69 2969.38 1797.91 2834.77 1930.65 3037.14 1725.43 3171.75
P1151 0.10456400364637375 1294.16 2487.28 1524.33 2384.66 1622.23 2604.23 1392.06 2706.86
P1151 0.06613776832818985 2133.66 2932.27 2271.35 2909.24 2283.56 2982.27 2145.87 3005.29
P1151 0.06353163719177246 2276.93 3207.58 2380.04 3152.95 2403.33 3196.91 2300.22 3251.53
P1151 0.06018129363656044 889.01 1740.80 991.19 1669.40 1027.94 1721.99 925.76 1793.39
P1151 0.05126245319843292 1202.64 2314.22 1350.33 2177.81 1422.73 2256.20 1275.05 2392.61
P1151 0.05038701742887497 1873.76 2386.21 2001.64 2309.26 2050.10 2389.78 1922.22 2466.74
P0181 0.9994856119155884 4041.67 583.40 4152.91 607.01 4135.75 687.89 4024.51 664.28
P0181 0.14641670882701874 5566.62 518.03 5616.81 519.96 5615.93 542.94 5565.74 541.01
P0181 0.0829794853925705 1251.14 1049.51 1339.10 1059.67 1335.68 1089.23 1247.73 1079.07
P0181 0.082591213285923 5910.83 794.67 5960.04 800.48 5957.60 821.10 5908.39 815.28
P0181 0.0628889948129654 1225.06 1154.08 1281.76 1149.85 1283.54 1173.77 1226.85 1178.00
P2803 0.05495651811361313 1351.14 1139.56 1392.18 1143.91 1374.15 1314.10 1333.10 1309.75
P1169 0.3246116638183594 2615.18 2536.12 2626.45 2527.28 2636.01 2539.45 2624.74 2548.30
P1169 0.0956021323800087 2274.79 1362.09 2300.55 1353.59 2309.13 1379.59 2283.37 1388.09
P1423 0.09907832741737366 1984.30 2510.33 2159.88 2601.51 1976.92 2953.84 1801.34 2862.66
P2447 0.12890632450580597 381.11 88.75 394.21 92.40 390.82 104.58 377.72 100.93
P0040 0.38598424196243286 394.81 3045.49 466.98 3056.80 453.10 3145.42 380.93 3134.12
P0040 0.08073793351650238 1297.75 589.46 1328.10 591.81 1323.36 653.02 1293.01 650.67
P0040 0.06375402212142944 383.41 3304.66 425.73 3281.28 455.16 3334.56 412.84 3357.93
P0033 0.05170237272977829 905.39 633.75 946.88 674.07 908.81 713.25 867.32 672.92
P0247 0.07205024361610413 392.31 1146.84 418.09 1121.19 449.05 1152.31 423.27 1177.96
P2252 0.09227418154478073 58.05 994.06 73.72 985.14 94.63 1021.85 78.97 1030.77
P2252 0.055662885308265686 64.73 1276.18 85.84 1279.98 81.52 1304.01 60.41 1300.21
P0208 0.07791732996702194 1389.68 1936.69 1458.29 1909.38 1492.52 1995.37 1423.91 2022.68
P2069 0.6775487661361694 1033.67 931.76 1052.22 930.26 1055.68 973.07 1037.13 974.56
P2069 0.48399829864501953 1011.15 930.33 1024.66 928.65 1029.18 965.14 1015.67 966.82
P1162 0.9981922507286072 500.42 545.66 679.92 540.28 687.80 803.19 508.30 808.57
P1135 0.11480999737977982 988.64 705.53 1131.24 838.28 995.79 983.78 853.19 851.03
P1488 0.0817033126950264 788.15 1112.30 825.88 1112.63 825.47 1159.70 787.74 1159.37
P2238 0.4690580368041992 630.52 726.07 647.32 738.81 630.36 761.19 613.55 748.44
P0197 0.1399664282798767 113.17 202.01 166.10 187.12 181.34 241.31 128.42 256.20
