P0182 0.08146227896213531 1750.31 -18.40 2090.27 -78.37 2170.46 376.25 1830.50 436.21
P0051 0.9999129772186279 1677.03 4473.00 1930.65 4377.23 2070.73 4748.20 1817.10 4843.97
P0051 0.999872088432312 1586.58 1070.15 1948.55 928.51 2045.33 1175.83 1683.36 1317.47
P0051 0.999828577041626 1094.05 1332.22 1430.68 1194.91 1531.91 1443.09 1195.28 1580.40
P0051 0.9997281432151794 2735.84 3146.91 2991.10 3046.78 3121.10 3378.16 2865.84 3478.30
P0051 0.999638557434082 2973.09 2377.81 3314.23 2239.25 3405.03 2462.81 3063.88 2601.36
P0051 0.996277391910553 2578.24 1131.07 2712.24 1079.10 2746.21 1166.69 2612.21 1218.66
P0051 0.9945934414863586 514.66 2614.57 594.08 2586.41 643.70 2726.33 564.29 2754.50
P0051 0.9940198659896851 3795.49 2982.65 3870.66 2954.98 3918.32 3084.45 3843.15 3112.11
P0051 0.985051155090332 2604.86 1229.01 2753.48 1174.59 2783.64 1256.97 2635.03 1311.39
P0051 0.9809501767158508 1265.70 4229.98 1700.61 4086.35 1769.96 4296.36 1335.05 4439.99
P0051 0.9799639582633972 3924.30 2678.30 4178.62 2577.52 4315.28 2922.41 4060.96 3023.18
P0051 0.9661304354667664 566.13 2757.94 643.51 2730.10 693.07 2867.88 615.69 2895.71
P0051 0.965146005153656 3378.28 2900.06 3639.81 2816.01 3743.37 3138.26 3481.84 3222.31
P0051 0.8835949301719666 3329.87 2058.72 3564.27 1984.61 3695.43 2399.48 3461.02 2473.58
P0051 0.8790338039398193 3368.69 3382.73 3967.65 3156.36 4061.93 3405.82 3462.97 3632.20
P0051 0.8270682692527771 2621.50 3684.00 3273.45 3430.37 3480.06 3961.47 2828.12 4215.10
P0051 0.7845591306686401 1129.79 1202.58 1274.82 1150.66 1303.57 1230.95 1158.53 1282.87
P0051 0.7675926685333252 2378.81 2590.48 2809.41 2442.66 2987.07 2960.21 2556.47 3108.03
P0051 0.6636956334114075 106.64 719.53 565.06 578.24 667.65 911.10 209.23 1052.39
P0051 0.6362892985343933 2687.77 1490.17 3184.84 1304.46 3374.12 1811.07 2877.04 1996.78
P0051 0.6296324133872986 667.42 3201.64 1412.86 2913.08 1622.34 3454.23 876.90 3742.78
P0051 0.5484127998352051 2036.57 1896.49 2515.56 1713.02 2704.01 2205.00 2225.01 2388.47
P0051 0.5322803258895874 2465.86 3194.96 2754.60 3108.03 2864.47 3472.98 2575.73 3559.90
P0051 0.4550742208957672 3.94 340.52 427.98 197.73 533.42 510.85 109.38 653.64
P0051 0.419808030128479 1359.65 4506.19 1668.93 4408.53 1821.29 4891.03 1512.01 4988.69
P0051 0.40535205602645874 1603.68 1301.09 2076.82 1151.83 2196.93 1532.56 1723.79 1681.82
P0051 0.3606483042240143 630.21 2407.36 1109.10 2251.08 1271.03 2747.29 792.15 2903.57
P0051 0.3001948595046997 1273.64 1154.18 1413.47 1099.37 1443.23 1175.29 1303.40 1230.10
P0051 0.2889888882637024 1502.53 2894.54 2069.35 2728.85 2181.41 3112.20 1614.59 3277.90
P0051 0.2717856168746948 913.27 3741.59 1593.80 3559.35 1699.82 3955.26 1019.29 4137.50
P0051 0.18124344944953918 1244.40 3044.50 1393.40 2988.84 1446.17 3130.13 1297.17 3185.78
P0051 0.17300395667552948 2639.35 1493.66 2774.16 1424.69 2855.63 1583.92 2720.82 1652.90
P0051 0.16285984218120575 3089.88 2621.94 3524.14 2432.64 3635.62 2688.39 3201.37 2877.69
P0051 0.143670454621315 2198.32 4321.94 2591.34 4134.90 2655.81 4270.38 2262.79 4457.41
P0051 0.12088212370872498 2608.03 3683.34 2764.11 3606.40 2843.99 3768.45 2687.92 3845.39
P0051 0.10652308166027069 2103.53 4577.95 2431.63 4458.09 2522.11 4705.76 2194.01 4825.63
P0051 0.0975845605134964 294.84 1665.47 880.62 1489.64 1035.80 2006.61 450.02 2182.45
P0051 0.08164884895086288 4137.62 3274.74 4417.66 3155.66 4535.63 3433.10 4255.60 3552.18
P0051 0.07048363238573074 2709.14 719.81 2873.96 627.45 2934.05 734.69 2769.24 827.05
P0051 0.06102784723043442 3548.68 857.94 3572.36 849.30 3602.28 931.32 3578.61 939.96
P0051 0.05936354026198387 3561.78 1740.58 3702.01 1673.33 3760.88 1796.08 3620.65 1863.33
P0051 0.05604452267289162 2076.37 3385.30 2219.28 3323.97 2289.79 3488.28 2146.88 3549.61
P0051 0.05033193901181221 1792.17 3485.08 2059.66 3396.93 2167.63 3724.56 1900.13 3812.70
P1411 0.07775279134511948 2115.75 5172.40 2184.30 5178.42 2178.52 5244.33 2109.96 5238.31
P1411 0.060158733278512955 1919.86 1747.05 1951.16 1756.88 1942.10 1785.72 1910.80 1775.89
P0325 0.12138926237821579 1796.53 1127.22 2290.13 756.07 2420.54 929.51 1926.94 1300.66
P0325 0.10827211290597916 958.21 742.52 1629.93 884.73 1584.62 1098.74 912.90 956.53
P1347 0.06557121872901917 3023.36 2018.89 3126.38 1997.71 3143.37 2080.37 3040.35 2101.54
P1769 0.05587456002831459 2166.00 3396.53 2239.44 3416.78 2205.56 3539.61 2132.12 3519.36
P2336 0.9864230751991272 303.05 2782.23 362.18 2789.72 349.94 2886.33 290.80 2878.84
P2336 0.8677809834480286 2586.00 2899.82 2627.13 2878.22 2666.83 2953.77 2625.70 2975.38
P2493 0.08791497349739075 1458.86 2055.26 1717.38 2002.96 1820.52 2512.81 1562.00 2565.11
P2493 0.07625821232795715 -5.84 1553.68 82.95 1491.40 173.41 1620.35 84.62 1682.64
P1363 0.9992809891700745 3280.77 3379.05 3380.90 3399.07 3351.73 3544.97 3251.60 3524.95
P1363 0.9982210993766785 1924.62 916.87 2005.44 894.93 2039.94 1022.02 1959.13 1043.96
P1363 0.25103849172592163 3437.46 3376.36 3515.21 3388.85 3495.21 3513.29 3417.47 3500.79
P1363 0.22826845943927765 2756.51 1188.73 2789.92 1168.15 2838.43 1246.91 2805.03 1267.49
P1363 0.1361989825963974 5180.94 119.27 5237.68 134.30 5200.33 275.35 5143.59 260.32
P1363 0.11526542901992798 3194.98 3382.06 3274.61 3397.41 3246.38 3543.80 3166.75 3528.44
P1363 0.09696365892887115 464.99 70.35 492.65 79.72 477.72 123.78 450.07 114.42
P1363 0.09207827597856522 2736.66 1479.53 2815.14 1489.45 2807.79 1547.61 2729.31 1537.69
P1363 0.08448808640241623 3251.01 3252.40 3290.75 3261.42 3281.12 3303.86 3241.37 3294.84
P1157 0.8373199701309204 6798.21 1136.81 6822.21 1152.62 6794.71 1194.38 6770.71 1178.57
P1157 0.44475653767585754 3662.45 3132.68 4213.45 2931.17 4348.16 3299.51 3797.16 3501.02
P1157 0.27242693305015564 3166.47 3368.73 3664.02 3185.71 3804.55 3567.74 3307.00 3750.76
P1157 0.23876266181468964 4749.64 271.46 4786.72 304.99 4727.53 370.44 4690.46 336.91
P1157 0.1717158555984497 5882.86 2213.13 5953.10 2203.43 5978.09 2384.22 5907.85 2393.93
P1157 0.11769135296344757 391.25 4439.87 874.25 4404.00 891.53 4636.65 408.53 4672.52
P1157 0.060928892344236374 4486.74 1113.79 4540.53 1068.53 4563.42 1095.74 4509.62 1140.99
P2652 0.999901533126831 537.16 1611.21 1210.22 1620.10 1204.29 2068.74 531.23 2059.84
P2652 0.9998168349266052 620.55 578.58 1137.54 584.80 1127.82 1393.09 610.83 1386.87
P2652 0.11010954529047012 474.90 2256.67 591.32 2259.20 587.81 2420.91 471.38 2418.38
P1766 0.3573136329650879 1162.83 2841.87 1296.37 2887.45 1267.90 2970.86 1134.36 2925.28
P1334 0.9823018312454224 1067.71 2457.22 1156.27 2435.68 1187.50 2564.10 1098.94 2585.64
P2329 0.6830141544342041 489.26 519.80 579.78 581.30 506.04 689.85 415.51 628.35
P2329 0.060717783868312836 801.52 37.27 889.59 93.61 753.95 305.64 665.88 249.30
P2208 0.20368604362010956 63.70 1547.30 309.38 1557.50 298.54 1818.75 52.86 1808.55
P1183 0.8749908208847046 689.38 2103.94 929.53 2343.88 635.05 2638.61 394.90 2398.67
P1183 0.863167405128479 5765.66 665.52 6160.15 720.68 6100.54 1147.01 5706.05 1091.85
P1183 0.7524747252464294 5842.63 -17.83 6250.51 46.59 6153.71 659.53 5745.83 595.11
P1183 0.6240898966789246 758.81 3444.96 1110.98 3206.67 1343.33 3550.05 991.16 3788.34
P1183 0.6171793341636658 5303.21 56.97 5767.82 69.15 5752.44 655.85 5287.83 643.67
P1183 0.5984540581703186 1363.41 1356.50 1837.78 1818.11 1250.10 2422.04 775.73 1960.43
P1183 0.46918240189552307 4445.72 4040.26 4766.79 3743.61 5016.47 4013.85 4695.40 4310.50
P1183 0.42208197712898254 2417.56 2447.94 2687.00 2695.07 2388.61 3020.40 2119.17 2773.27
P1183 0.408407062292099 4494.44 219.12 4752.79 232.40 4738.86 503.45 4480.50 490.17
P1183 0.37672296166419983 219.76 3285.57 548.87 3160.43 708.07 3579.11 378.95 3704.25
P1183 0.33203110098838806 761.17 609.96 1023.85 361.74 1198.14 546.18 935.46 794.40
P1183 0.3260936141014099 567.82 3011.30 1026.24 2648.25 1219.23 2891.94 760.81 3254.99
P1183 0.3137105405330658 -150.91 2843.30 263.88 2642.36 544.04 3220.72 129.26 3421.65
P1183 0.2240147441625595 1028.97 925.08 1217.47 751.89 1538.77 1101.58 1350.27 1274.78
P1183 0.19184760749340057 508.82 1638.24 791.07 1499.30 921.01 1763.26 638.76 1902.21
P1183 0.17250946164131165 -157.35 1881.81 359.52 1494.70 608.92 1827.70 92.06 2214.81
P1183 0.16397491097450256 4871.20 -4.42 5271.33 35.31 5215.40 598.58 4815.27 558.85
P1183 0.15911081433296204 4893.71 637.63 5128.02 659.70 5094.21 1018.75 4859.90 996.69
P1183 0.1425471007823944 219.75 2616.43 539.24 2355.51 896.41 2792.85 576.92 3053.77
P1202 0.44394734501838684 2289.30 2.48 2317.76 25.30 2275.64 77.82 2247.19 55.00
P2774 0.9120641350746155 2683.05 1593.08 2692.77 1600.54 2677.02 1621.04 2667.30 1613.58
P2774 0.27958977222442627 3138.42 1925.67 3166.36 1935.26 3161.81 1948.53 3133.87 1938.94
P1180 0.2518318295478821 904.70 3366.86 1126.79 3150.81 1301.87 3330.79 1079.77 3546.83
P1180 0.08649582415819168 3068.40 2342.47 3422.46 2362.87 3402.96 2701.35 3048.90 2680.95
P1180 0.0816880613565445 3048.76 2705.47 3391.01 2708.92 3387.99 3008.27 3045.74 3004.82
P1180 0.07966197282075882 929.79 3000.31 1080.46 3144.74 827.57 3408.54 676.91 3264.11
P1180 0.07931865006685257 3912.59 193.62 4337.56 401.64 4177.48 728.68 3752.51 520.66
P1125 0.47844427824020386 6948.88 1941.39 7414.34 2068.27 7343.67 2327.56 6878.20 2200.68
P1125 0.05563217028975487 5939.22 3457.79 6294.22 3371.85 6414.11 3867.10 6059.11 3953.04
P1125 0.051954299211502075 7259.27 2398.38 7517.97 2634.32 7247.26 2931.13 6988.57 2695.19
P1271 0.11945874243974686 4314.64 1952.82 4544.81 1886.71 4578.36 2003.51 4348.19 2069.62
P1611 0.7146207094192505 2702.23 1675.56 2852.47 1584.01 2928.39 1708.58 2778.15 1800.14
P2263 0.11367720365524292 933.99 32.23 1098.32 85.53 1011.53 353.15 847.20 299.85
P1613 0.2801697254180908 3138.55 2031.34 3217.86 2056.00 3190.02 2145.51 3110.71 2120.85
P1613 0.11452733725309372 569.10 2396.75 630.27 2354.62 663.20 2402.44 602.03 2444.56
P1648 0.9963998794555664 2576.88 2645.84 2723.67 2738.74 2663.96 2833.08 2517.17 2740.19
P1648 0.21599803864955902 3326.20 1129.82 3369.90 1158.02 3332.74 1215.60 3289.04 1187.40
P2694 0.9998289346694946 2443.18 1823.64 2576.01 1866.19 2513.21 2062.25 2380.38 2019.70
P2694 0.6366991400718689 2578.21 1037.45 2664.05 1063.56 2642.41 1134.71 2556.57 1108.59
P2694 0.5200340747833252 2787.80 790.73 2833.59 775.44 2861.17 858.07 2815.38 873.35
P2694 0.4412020146846771 2525.88 2065.69 2807.97 2134.51 2763.83 2315.44 2481.74 2246.62
P1665 0.8724469542503357 1955.93 3158.63 1964.97 3161.71 1961.20 3172.77 1952.16 3169.69
P0166 0.8342196941375732 631.06 2722.81 737.17 2694.69 771.45 2824.01 665.33 2852.13
P1530 0.395661324262619 3462.01 1060.20 3647.60 1115.05 3607.05 1252.24 3421.47 1197.39
P1530 0.09926234185695648 2498.82 2501.24 2593.71 2462.08 2635.35 2562.97 2540.46 2602.14
P2602 0.4259645342826843 4415.19 3457.71 4965.82 3384.74 5020.11 3794.49 4469.49 3867.45
P2602 0.12350400537252426 3957.03 2989.36 5009.12 2853.43 5066.24 3295.53 4014.15 3431.46
P2749 0.18137052655220032 5281.31 2244.08 5428.67 2205.26 5447.95 2278.46 5300.60 2317.28
P1723 0.4111168384552002 2474.54 1545.14 2484.42 1542.83 2486.47 1551.58 2476.58 1553.90
P1723 0.24915257096290588 1813.56 3153.44 1824.36 3150.09 1829.72 3167.35 1818.91 3170.70
P1723 0.17579269409179688 3145.18 2624.92 3404.57 2618.17 3415.85 3051.30 3156.45 3058.05
P2360 0.8716058135032654 2404.06 186.58 2430.38 162.56 2477.62 214.33 2451.30 238.35
P1716 0.2288748174905777 1912.43 3731.60 2067.98 3740.68 2062.33 3837.43 1906.78 3828.36
P1664 0.9738436341285706 1406.61 3914.92 1479.88 3859.53 1567.63 3975.61 1494.36 4031.00
P1664 0.8633209466934204 1238.07 3878.47 1356.85 3791.06 1411.14 3864.83 1292.36 3952.24
P2765 0.5901333093643188 2908.70 2750.71 3360.43 2733.52 3378.67 3212.65 2926.93 3229.84
P2765 0.0641176700592041 2190.13 2916.90 2465.75 2898.87 2490.50 3277.15 2214.89 3295.19
P2459 0.6653299927711487 1756.69 1000.00 1825.08 963.92 1895.48 1097.40 1827.09 1133.47
P2459 0.39919188618659973 1723.74 824.51 1830.18 819.15 1833.31 881.38 1726.88 886.74
P2459 0.3281574249267578 19.80 2254.07 226.82 2292.78 193.88 2468.93 -13.14 2430.22
P2459 0.23814548552036285 1868.71 1023.50 1934.35 992.17 1978.04 1083.69 1912.39 1115.02
P2459 0.13715486228466034 1863.29 998.97 1901.25 977.21 1915.43 1001.96 1877.48 1023.71
P2459 0.12379929423332214 1132.05 -15.81 1202.27 -3.65 1196.30 30.80 1126.09 18.64
P2459 0.08371390402317047 1602.79 2140.35 1814.93 2087.99 1926.09 2538.40 1713.96 2590.75
P2338 0.9900829195976257 569.70 2388.67 628.04 2394.98 619.20 2476.69 560.87 2470.38
P2338 0.9759816527366638 167.77 2857.56 221.43 2891.76 169.30 2973.57 115.63 2939.37
P2338 0.9698863625526428 2951.25 2479.94 2991.96 2454.90 3035.02 2524.93 2994.31 2549.96
P2338 0.8389458060264587 3707.33 2813.09 3859.35 2749.00 3906.78 2861.50 3754.76 2925.59
P1695 0.39435309171676636 516.45 3939.71 882.21 3884.60 916.69 4113.47 550.93 4168.58
P1695 0.0993674099445343 861.75 -16.30 1020.66 -56.54 1046.84 46.84 887.94 87.09
P1695 0.07257310301065445 1495.22 2749.91 1658.84 2715.94 1715.47 2988.74 1551.85 3022.71
P1657 0.24957221746444702 3359.48 3534.63 3445.63 3484.21 3532.93 3633.38 3446.78 3683.80
P1657 0.12539397180080414 742.73 3639.00 859.23 3652.17 850.32 3730.98 733.82 3717.80
P1461 0.9997133612632751 1237.49 806.05 1727.30 837.77 1677.77 1602.69 1187.97 1570.97
P1461 0.9980881810188293 4840.67 3742.51 5139.76 3706.45 5205.15 4248.73 4906.06 4284.79
P1635 0.9428385496139526 877.29 3800.26 985.50 3836.78 930.80 3998.81 822.60 3962.28
P1635 0.13425122201442719 2616.64 2980.64 2728.77 3006.69 2715.42 3064.16 2603.29 3038.11
P1635 0.08953049033880234 529.21 3665.97 657.29 3730.55 624.67 3795.25 496.58 3730.67
P1735 0.8363080620765686 441.56 278.74 506.83 259.84 542.12 381.68 476.85 400.59
P1735 0.45291200280189514 491.66 1257.78 600.21 1230.83 618.18 1303.19 509.63 1330.14
P1735 0.3429240584373474 290.84 133.19 321.54 127.14 331.94 179.89 301.24 185.94
P1735 0.24463212490081787 333.63 180.69 431.11 143.03 455.27 205.57 357.79 243.23
P1735 0.08808068186044693 2628.32 3040.42 2689.46 3100.87 2633.85 3157.11 2572.72 3096.66
P1735 0.08732622116804123 2648.42 2320.70 2694.28 2284.96 2761.26 2370.89 2715.40 2406.64
P1735 0.0703807920217514 1314.62 4703.02 1347.75 4726.90 1297.04 4797.25 1263.90 4773.36
P1710 0.0736217275261879 1689.43 3076.69 1980.43 2929.15 2067.00 3099.90 1776.00 3247.43
P1710 0.0565958134829998 532.21 596.38 817.45 551.55 875.75 922.57 590.52 967.39
P0132 0.9998302459716797 1086.84 308.31 1695.52 290.19 1703.80 568.44 1095.13 586.56
P0132 0.998590886592865 2667.89 638.70 3047.09 644.80 3034.07 1453.58 2654.88 1447.48
P0132 0.9982184767723083 2136.35 332.71 2283.07 338.77 2274.04 557.22 2127.33 551.16
P0132 0.9835339188575745 1952.50 762.67 2388.92 792.56 2371.76 1043.14 1935.34 1013.25
P0132 0.982413649559021 1964.26 1061.34 2444.75 1081.48 2432.99 1362.20 1952.49 1342.06
P0132 0.9426432847976685 1949.49 332.32 2099.67 332.65 2099.16 563.30 1948.98 562.97
P0132 0.5556885600090027 1685.23 301.81 1948.88 311.51 1934.97 689.61 1671.32 679.91
P0132 0.5165004134178162 2057.28 40.90 2565.83 48.23 2563.31 223.12 2054.76 215.78
P0132 0.34317871928215027 617.11 358.69 814.23 367.02 808.24 508.81 611.12 500.48
P0132 0.231022447347641 2285.92 286.84 2477.76 311.90 2435.97 631.81 2244.14 606.75
P0132 0.09621971845626831 628.05 272.03 807.41 271.46 807.75 378.36 628.39 378.93
P0132 0.09456349164247513 617.02 632.75 799.06 632.44 799.26 743.91 617.21 744.22
P0132 0.07955824583768845 2636.90 1391.33 3099.57 1429.53 3083.07 1629.40 2620.40 1591.20
P0132 0.07320166379213333 2663.09 399.69 3112.15 407.62 3107.46 673.34 2658.39 665.40
P1721 0.08683282881975174 149.04 2815.57 462.49 2975.48 277.75 3337.59 -35.69 3177.68
P0912 0.5148516893386841 1389.19 960.48 1535.42 931.11 1574.67 1126.57 1428.45 1155.94
P2487 0.9925193786621094 14.23 2070.53 122.91 2063.59 126.86 2125.42 18.18 2132.36
P2487 0.43065738677978516 126.26 960.74 508.31 747.73 701.52 1094.26 319.46 1307.27
P2487 0.1246834248304367 136.69 1867.48 221.77 1844.98 240.45 1915.61 155.37 1938.11
P2448 0.6066480875015259 402.41 1343.38 491.84 1401.81 398.08 1545.31 308.65 1486.88
P1406 0.0527430921792984 2219.01 1380.50 2553.41 1530.31 2404.89 1861.82 2070.49 1712.01
P1129 0.2975759506225586 366.92 1414.17 726.56 1517.02 592.58 1985.49 232.94 1882.63
P1129 0.2047235667705536 2471.39 918.40 2807.74 931.36 2786.96 1470.56 2450.61 1457.60
P1129 0.13998199999332428 2180.05 2640.53 2542.45 2742.03 2403.19 3239.25 2040.79 3137.76
P1129 0.1362747848033905 2499.64 1354.74 2732.75 1380.90 2637.86 2226.38 2404.75 2200.22
P1129 0.1287897825241089 636.93 931.68 904.38 1009.67 815.43 1314.71 547.98 1236.73
P1129 0.07497524470090866 1877.68 1258.65 2163.98 1302.28 2084.59 1823.16 1798.29 1779.53
P1129 0.06543000787496567 3385.79 1423.85 3683.02 1486.00 3535.20 2192.89 3237.97 2130.74
P1129 0.06483645737171173 1725.66 2074.28 2010.20 2137.17 1919.89 2545.79 1635.35 2482.90
P1129 0.05896909907460213 1519.37 3125.25 1808.14 3182.89 1722.21 3613.33 1433.45 3555.68
P1777 0.07878383249044418 1376.13 798.21 1620.66 571.63 1862.33 832.44 1617.80 1059.02
P1396 0.3402484059333801 2382.11 5731.22 2930.44 5811.41 2854.19 6332.80 2305.86 6252.61
P1396 0.23804952204227448 2132.40 6285.06 2878.97 6272.79 2886.64 6739.79 2140.08 6752.06
P2643 0.9998440742492676 6219.46 1914.86 6334.86 1800.99 6508.22 1976.69 6392.82 2090.56
P2643 0.987676739692688 6260.37 1358.69 6398.23 1495.67 6196.08 1699.12 6058.22 1562.15
P2643 0.8871272802352905 6445.51 1684.11 6629.76 1858.04 6525.44 1968.55 6341.19 1794.62
P2643 0.6863991618156433 6402.06 1579.81 6509.15 1473.71 6674.75 1640.85 6567.65 1746.95
P2643 0.4327636659145355 1692.52 5393.07 2050.16 5489.76 1993.03 5701.08 1635.39 5604.39
P1290 0.8801794052124023 1661.14 2313.75 1915.66 2507.96 1800.28 2659.17 1545.76 2464.95
P1290 0.6536399126052856 2111.05 2564.64 2264.60 2571.72 2257.23 2731.37 2103.68 2724.28
P1290 0.2502921521663666 2000.24 2833.97 2074.80 2896.97 2041.46 2936.42 1966.90 2873.41
P1378 0.9995071887969971 1366.06 2266.16 1524.09 2175.89 1581.38 2276.18 1423.35 2366.46
P1378 0.9925737380981445 919.85 1823.07 1115.94 1984.07 1033.92 2083.96 837.83 1922.95
P1378 0.9344536066055298 192.70 4026.42 492.65 4249.82 326.91 4472.37 26.95 4248.96
P1378 0.8406565189361572 949.70 2187.36 1010.39 2183.57 1012.77 2221.76 952.08 2225.55
P1378 0.7948482036590576 -1.66 379.43 467.55 580.86 350.32 853.92 -118.89 652.49
P1378 0.7582263350486755 1185.80 1943.82 1299.41 2052.63 1151.72 2206.85 1038.11 2098.04
P1378 0.7350360751152039 778.92 1711.63 938.11 1838.86 855.63 1942.06 696.44 1814.83
P1378 0.6342647671699524 1305.00 2060.76 1413.54 2147.26 1271.03 2326.09 1162.49 2239.59
P1378 0.6016616225242615 678.88 920.57 1169.19 1211.42 1068.23 1381.61 577.93 1090.76
P1378 0.37287619709968567 1346.46 1328.05 1981.79 1713.90 1860.42 1913.75 1225.09 1527.89
P1378 0.35650187730789185 2426.39 1965.30 2761.33 2184.58 2638.01 2372.93 2303.08 2153.65
P1378 0.34324026107788086 1011.96 1710.45 1197.77 1860.12 1117.82 1959.39 932.00 1809.72
P1378 0.11049056053161621 1784.93 2293.49 1880.31 2370.85 1782.77 2491.10 1687.39 2413.73
P1378 0.09748038649559021 2410.74 1675.99 2941.93 1941.90 2857.90 2109.75 2326.72 1843.84
P1378 0.06323475390672684 4405.08 3374.98 4559.51 3233.49 4741.03 3431.61 4586.60 3573.11
P2473 0.8654025197029114 1095.04 1638.98 1588.80 1487.75 1671.12 1756.51 1177.35 1907.74
P2473 0.5965369939804077 1693.72 1480.46 2181.91 1453.53 2196.37 1715.69 1708.18 1742.62
P2473 0.3457648456096649 1742.22 1057.11 1983.55 955.20 2171.33 1399.91 1930.00 1501.81
P2473 0.2569214403629303 1405.47 1852.27 1702.31 1789.41 1771.18 2114.64 1474.34 2177.50
P2473 0.19612520933151245 987.89 2039.32 1368.89 1898.57 1462.44 2151.81 1081.44 2292.56
P2473 0.08642976731061935 1553.21 758.07 1885.19 613.97 1991.08 857.91 1659.09 1002.01
P1622 0.051061294972896576 2368.70 3123.86 2458.04 3132.53 2450.14 3213.96 2360.80 3205.28
P1330 0.22729307413101196 1564.63 532.00 1629.36 576.94 1605.93 610.69 1541.19 565.75
P1330 0.17357471585273743 1926.33 2698.53 2063.47 2693.21 2066.10 2761.06 1928.97 2766.38
P1644 0.8018607497215271 51.56 3272.20 170.77 3242.79 215.59 3424.47 96.38 3453.87
P2484 0.9221235513687134 498.07 1044.66 577.01 1052.00 565.79 1172.74 486.84 1165.40
P2484 0.4100145995616913 478.46 1167.25 586.80 1174.96 581.43 1250.38 473.10 1242.67
P2484 0.15167148411273956 1039.20 560.31 1532.31 707.30 1441.52 1011.87 948.41 864.88
P2484 0.07175842672586441 1177.88 77.45 1521.93 230.55 1302.38 723.93 958.32 570.83
P1593 0.9718361496925354 1852.87 2388.37 1916.66 2374.47 1942.79 2494.42 1879.01 2508.32
P1593 0.06913899630308151 1284.27 241.69 1338.17 206.61 1379.44 270.03 1325.54 305.10
P0480 0.08273155242204666 326.41 529.57 508.04 641.31 408.84 802.55 227.21 690.81
P1163 0.6052219867706299 2795.03 4172.84 3155.10 4129.11 3209.75 4579.19 2849.68 4622.91
P1163 0.4356703758239746 2386.19 4433.39 2752.65 4419.11 2774.53 4980.57 2408.06 4994.85
P1163 0.37269127368927 2023.85 5015.40 2473.58 4997.43 2493.01 5483.62 2043.27 5501.59
P1163 0.3299042880535126 4905.81 5658.72 5263.88 5369.50 5418.06 5560.38 5059.98 5849.60
P1163 0.23623968660831451 5559.53 3488.10 5965.34 3480.03 5971.52 3790.42 5565.70 3798.50
P1163 0.20583370327949524 4712.78 5765.67 6140.80 4611.56 6576.32 5150.45 5148.30 6304.55
P1163 0.15424177050590515 4542.81 4070.63 5094.12 4092.95 5068.40 4728.28 4517.09 4705.96
P1163 0.1405240148305893 3332.68 4437.88 3865.35 4306.51 3961.16 4694.97 3428.48 4826.34
P1163 0.12995070219039917 5403.96 4067.85 5932.35 3852.94 6057.59 4160.86 5529.20 4375.77
P1163 0.11667484790086746 4112.01 4535.69 4478.89 4390.15 4609.12 4718.42 4242.23 4863.96
P1163 0.0666101723909378 4400.41 3476.41 5056.40 3391.42 5107.98 3789.47 4451.98 3874.46
P1335 0.10904698073863983 1987.47 1761.20 2041.88 1749.43 2065.47 1858.41 2011.05 1870.19
P0137 0.9559677243232727 4191.86 4036.72 4267.16 4051.50 4240.28 4188.55 4164.97 4173.77
P0137 0.5157963037490845 4891.65 3585.52 5021.99 3614.02 4983.89 3788.22 4853.55 3759.72
P0137 0.5031865239143372 5040.38 3624.55 5148.53 3654.92 5105.19 3809.27 4997.04 3778.90
P0137 0.4093823730945587 4273.61 4155.70 4465.86 4207.55 4439.57 4305.02 4247.33 4253.17
P0137 0.3746260404586792 2513.46 3595.24 2683.33 3660.17 2646.87 3755.56 2477.00 3690.63
P0137 0.3582703173160553 5108.76 1577.35 5161.28 1589.26 5137.92 1692.30 5085.40 1680.40
P0137 0.3485656678676605 806.66 1509.82 1114.65 1513.09 1112.47 1717.83 804.49 1714.56
P0137 0.285393089056015 1432.16 100.35 2173.70 97.72 2175.49 600.49 1433.94 603.12
P0137 0.196615070104599 1146.80 2007.47 1376.59 2035.83 1346.85 2276.75 1117.06 2248.38
P0137 0.17328883707523346 1157.38 1197.61 1394.00 1159.24 1449.90 1503.98 1213.28 1542.34
P0137 0.10396964848041534 3524.45 3378.60 3944.43 3544.18 3664.35 4254.56 3244.37 4088.97
P0137 0.0949937105178833 210.86 1701.47 618.34 1525.46 744.94 1818.57 337.46 1994.57
P0137 0.07374448329210281 1426.43 1860.60 1729.36 1744.27 1860.68 2086.22 1557.75 2202.55
P0137 0.05717064067721367 1078.75 3566.51 1234.71 3653.59 1139.72 3823.72 983.76 3736.65
P0137 0.053814202547073364 60.50 3407.08 171.60 3381.77 211.26 3555.87 100.17 3581.18
P1733 0.9815202355384827 364.96 2551.54 426.72 2536.57 459.11 2670.17 397.35 2685.15
P1733 0.9358111023902893 3739.69 1867.15 3836.57 1831.33 3858.59 1890.89 3761.71 1926.71
P1733 0.8680816292762756 3820.89 4736.80 3919.43 4719.95 3929.72 4780.14 3831.18 4796.99
P1733 0.7994344234466553 2680.54 1563.41 2746.94 1546.55 2774.63 1655.63 2708.24 1672.48
P1733 0.7649438977241516 295.64 2611.49 348.94 2597.76 380.98 2722.14 327.68 2735.87
P1733 0.4942103624343872 2719.57 1694.15 2771.14 1682.10 2801.64 1812.54 2750.07 1824.60
P1733 0.4751739799976349 1127.05 971.76 1201.93 946.71 1218.48 996.21 1143.60 1021.25
P1733 0.3942587077617645 3470.78 3729.69 3527.11 3697.71 3586.59 3802.50 3530.26 3834.48
P1733 0.2934979498386383 2592.12 2412.04 2638.73 2402.77 2664.64 2532.98 2618.03 2542.26
P1733 0.26889604330062866 2967.00 3596.04 3067.56 3558.73 3089.83 3618.73 2989.27 3656.04
P1733 0.1786888986825943 450.40 2585.29 515.77 2573.95 536.34 2692.54 470.97 2703.89
P1733 0.16891813278198242 371.20 2461.38 426.78 2441.15 440.74 2479.47 385.16 2499.71
P1733 0.11289156973361969 2616.13 1730.80 2693.50 1702.43 2708.28 1742.73 2630.91 1771.10
P1733 0.07243013381958008 2928.10 3469.90 3083.03 3437.72 3106.25 3549.50 2951.33 3581.69
P1733 0.05117165669798851 1201.41 1018.34 1252.20 1005.00 1292.55 1158.65 1241.76 1171.99
P1629 0.053889110684394836 2779.05 3861.23 2864.24 3829.33 2880.75 3873.44 2795.57 3905.34
P1734 0.6974890828132629 -40.04 1350.48 50.65 1328.80 80.47 1453.56 -10.22 1475.24
P1734 0.6152370572090149 89.54 4419.99 187.07 4508.10 141.02 4559.08 43.48 4470.96
P1734 0.49111390113830566 1075.52 880.90 1173.37 906.49 1157.35 967.76 1059.50 942.18
P1734 0.1436985284090042 1964.00 3247.06 2094.11 3199.15 2121.45 3273.42 1991.35 3321.32
P1734 0.13076117634773254 1560.03 2525.40 1630.67 2497.25 1653.00 2553.27 1582.36 2581.43
P1734 0.05439392849802971 427.13 2697.01 479.90 2691.22 491.46 2796.51 438.70 2802.31
P1734 0.0504828616976738 1050.38 4522.43 1090.72 4538.33 1058.55 4619.98 1018.21 4604.09
P1345 0.8807505369186401 3591.06 3471.70 3655.00 3456.93 3672.94 3534.66 3609.00 3549.42
P2589 0.9999679327011108 692.72 961.16 1109.78 755.01 1255.94 1050.70 838.88 1256.85
P2589 0.6779398918151855 787.17 550.92 908.66 594.61 836.33 795.73 714.84 752.04
P2589 0.22859732806682587 356.68 417.20 707.33 547.15 585.21 876.69 234.55 746.74
P1448 0.9950048327445984 1580.65 3000.03 2169.20 3404.26 1892.35 3807.34 1303.80 3403.11
P1448 0.9915865659713745 5142.24 3509.60 5635.80 3509.07 5636.57 4229.65 5143.01 4230.18
P1448 0.9799545407295227 6343.44 1320.47 6797.51 1334.40 6775.70 2045.21 6321.62 2031.27
P1448 0.4135082960128784 6145.96 641.79 6322.57 641.16 6323.92 1019.04 6147.31 1019.67
P1448 0.16070210933685303 5577.71 4645.23 5733.72 4700.61 5694.27 4811.73 5538.26 4756.36
P1448 0.08359981328248978 1164.51 1637.72 1491.84 1870.27 1398.98 2000.98 1071.65 1768.43
P1448 0.05244569107890129 4379.18 619.30 4705.15 505.02 4894.26 1044.42 4568.30 1158.70
P1711 0.5173928141593933 1339.17 3102.32 1421.05 3150.34 1340.90 3287.01 1259.02 3238.99
P1123 0.22919775545597076 4433.49 500.86 4879.10 338.67 4992.65 650.62 4547.04 812.82
P1123 0.2083044946193695 4764.29 2103.65 5344.58 2147.30 5323.78 2423.79 4743.49 2380.14
P1123 0.1769327074289322 4528.38 1366.19 4860.72 1211.09 5023.06 1558.93 4690.72 1714.03
P1123 0.09963630884885788 6582.20 2707.80 7314.03 2672.78 7331.10 3029.59 6599.28 3064.60
P1123 0.07551423460245132 3286.41 2425.54 3897.13 2338.59 3944.90 2674.10 3334.18 2761.05
P1654 0.41167324781417847 3131.01 2663.31 3231.04 2687.20 3184.33 2882.83 3084.30 2858.95
P1654 0.3532842695713043 190.62 3181.06 356.49 3134.98 378.95 3215.85 213.08 3261.92
P2439 0.2762662470340729 726.69 1543.30 876.24 1446.82 956.75 1571.61 807.20 1668.10
P2439 0.10437892377376556 1329.25 2120.61 1460.02 2061.73 1506.94 2165.94 1376.17 2224.82
P2439 0.0684129148721695 1440.85 1998.36 1585.07 1938.84 1620.42 2024.49 1476.20 2084.01
P1546 0.40580683946609497 964.46 1120.56 1294.88 1052.55 1350.11 1320.88 1019.68 1388.89
P1546 0.12464927136898041 693.41 3466.51 856.22 3429.77 919.13 3708.49 756.32 3745.23
P1546 0.09816645085811615 636.08 3186.89 797.22 3152.92 859.01 3446.06 697.87 3480.03
P1546 0.08704151958227158 957.26 848.11 1205.41 795.60 1270.18 1101.63 1022.03 1154.15
P1546 0.0792819932103157 2870.05 705.99 3140.68 644.93 3198.94 903.17 2928.31 964.22
P1546 0.06919091939926147 2790.60 457.54 3132.34 364.57 3204.19 628.68 2862.45 721.65
P2666 0.8609123826026917 2615.07 1698.54 2652.66 1668.64 2671.55 1692.38 2633.96 1722.28
P1422 0.8747795820236206 2463.50 642.91 2890.11 337.47 3450.02 1119.49 3023.41 1424.93
P1422 0.6515078544616699 1437.92 383.63 1926.87 242.19 2012.01 536.52 1523.06 677.96
P1667 0.05615890771150589 2506.06 2178.77 2758.27 2068.55 2919.81 2438.19 2667.60 2548.41
P2654 0.9998691082000732 770.47 562.68 1278.49 538.79 1314.76 1310.06 806.73 1333.95
P2654 0.9985929131507874 1429.31 731.44 1802.30 721.47 1817.06 1273.46 1444.06 1283.44
P2654 0.9966509938240051 1794.50 1298.39 1939.29 1289.96 1956.21 1580.49 1811.42 1588.92
P2654 0.9836767911911011 1444.71 1296.67 1607.23 1297.15 1606.38 1587.54 1443.86 1587.06
P2654 0.9106748104095459 1614.20 1285.70 1783.33 1284.60 1785.31 1587.86 1616.18 1588.97
P2654 0.262605220079422 323.77 2706.72 514.42 2699.72 525.63 3005.20 334.98 3012.20
P2763 0.3661891520023346 5055.19 2358.89 5302.54 2343.93 5325.74 2727.28 5078.39 2742.25
P2763 0.34943318367004395 4531.75 1674.87 4903.08 1646.07 4944.36 2178.39 4573.03 2207.19
P2763 0.2899179458618164 5620.49 4137.25 6003.79 4147.67 5996.67 4409.73 5613.36 4399.31
P2763 0.18757613003253937 3874.69 2728.01 4109.37 2653.79 4268.87 3158.15 4034.19 3232.37
P2763 0.18363627791404724 4393.60 2342.56 4838.80 2322.24 4858.44 2752.54 4413.24 2772.86
P2763 0.12869274616241455 738.79 3186.67 1461.38 3090.08 1513.77 3482.05 791.19 3578.64
P2763 0.12441139668226242 5250.26 2352.71 6086.49 2378.72 6074.19 2774.31 5237.95 2748.31
P2763 0.12180304527282715 3853.68 4348.83 4273.28 4329.07 4282.16 4517.56 3862.56 4537.31
P2763 0.11371076107025146 4793.92 1708.06 5328.07 1663.31 5351.29 1940.47 4817.14 1985.22
P2763 0.11066039651632309 4843.54 2322.14 5064.56 2321.71 5065.41 2755.40 4844.38 2755.83
P2763 0.08939179033041 4545.42 2792.51 4918.23 2789.20 4920.68 3064.80 4547.86 3068.11
P2763 0.07961855828762054 4066.58 2340.46 4355.55 2323.59 4375.57 2666.37 4086.60 2683.25
P2763 0.06276572495698929 4244.39 3487.18 4445.45 3393.72 4663.75 3863.35 4462.70 3956.81
P1642 0.19567279517650604 2611.69 3055.30 2822.12 3006.26 2851.24 3131.21 2640.81 3180.25
P1642 0.15078790485858917 4161.70 3015.98 4244.13 2999.94 4257.30 3067.57 4174.87 3083.62
P1626 0.07697589695453644 2569.83 1759.26 2633.94 1755.83 2641.82 1903.00 2577.71 1906.43
P1477 0.9977381229400635 1141.50 1987.81 1245.41 1972.17 1271.52 2145.64 1167.60 2161.28
P1477 0.9352385401725769 1371.02 2383.49 1427.34 2376.48 1438.51 2466.30 1382.19 2473.30
P1477 0.18966428935527802 1264.44 2492.40 1312.31 2486.24 1323.82 2575.66 1275.96 2581.82
P1477 0.1703864187002182 1237.10 2190.67 1285.13 2179.11 1299.87 2240.35 1251.84 2251.91
P1477 0.14548659324645996 1400.07 1739.59 1437.82 1733.15 1444.71 1773.60 1406.96 1780.03
P1477 0.0628322958946228 1338.57 2260.16 1378.88 2254.19 1382.79 2280.60 1342.48 2286.57
P2715 0.9989972710609436 1476.62 162.50 1501.98 154.96 1513.57 193.94 1488.21 201.48
P2715 0.998906135559082 3735.56 1097.71 3765.67 1097.25 3766.41 1145.13 3736.30 1145.59
P2715 0.9987248778343201 3171.62 1002.01 3183.87 1001.83 3184.20 1023.36 3171.95 1023.54
P2715 0.9944607019424438 3194.04 249.23 3207.37 249.41 3207.02 275.34 3193.69 275.16
P2715 0.9940215945243835 2739.93 53.60 2750.03 60.96 2736.30 79.81 2726.20 72.45
P2715 0.9937047362327576 3046.78 210.88 3072.09 210.69 3072.42 254.42 3047.11 254.61
P2715 0.992374837398529 1386.24 217.91 1396.02 215.32 1401.23 235.03 1391.45 237.62
P2715 0.9889551401138306 937.96 163.90 951.55 165.65 947.74 195.23 934.16 193.48
P2715 0.9885868430137634 747.09 2082.10 767.40 2070.47 773.07 2080.37 752.76 2092.00
P2715 0.9725283980369568 1025.59 513.83 1034.65 517.96 1026.05 536.86 1016.99 532.73
P2715 0.8601318001747131 3403.97 43.30 3423.04 43.42 3422.90 65.77 3403.83 65.66
P2715 0.8421669006347656 763.71 754.11 779.17 743.51 785.32 752.47 769.86 763.07
P2715 0.7713407278060913 2281.83 1693.59 2293.49 1688.17 2305.62 1714.24 2293.96 1719.66
P2715 0.6811277270317078 3833.31 37.59 3852.22 42.47 3848.32 57.58 3829.41 52.70
P2715 0.572711169719696 1067.62 1573.00 1077.13 1567.33 1086.02 1582.24 1076.50 1587.91
P2715 0.469176709651947 2854.18 476.72 2900.34 476.25 2900.65 506.51 2854.49 506.98
P2715 0.40897703170776367 2979.63 499.36 3015.73 497.64 3017.56 536.09 2981.46 537.81
P2715 0.2927088439464569 2151.48 102.32 2173.99 82.47 2188.94 99.42 2166.43 119.27
P2715 0.2644409239292145 829.52 1765.91 861.12 1757.62 866.78 1779.21 835.18 1787.50
P2715 0.18697777390480042 3854.41 342.58 3913.24 290.28 3937.57 317.64 3878.73 369.94
P2715 0.11995476484298706 686.72 1743.78 780.30 1743.98 780.21 1788.09 686.63 1787.88
P2715 0.10602346062660217 3253.04 1034.12 3272.35 1035.40 3269.50 1078.32 3250.19 1077.04
P2715 0.0943295881152153 2381.99 1371.78 2407.79 1367.23 2410.71 1383.78 2384.91 1388.34
P2715 0.08405879884958267 1076.49 2381.50 1132.31 2404.92 1124.12 2424.44 1068.30 2401.03
P2715 0.05226245895028114 3082.19 193.94 3123.20 192.62 3123.85 212.90 3082.84 214.21
P2715 0.05028345808386803 811.06 638.65 820.92 634.84 827.74 652.53 817.87 656.34
P2762 0.742406964302063 5873.82 268.36 5966.36 209.24 6003.48 267.33 5910.94 326.46
P2762 0.2398490607738495 6038.46 3153.80 6094.66 3110.77 6333.23 3422.44 6277.03 3465.47
P1302 0.3968249261379242 448.65 2893.32 559.37 2880.26 568.97 2961.63 458.25 2974.69
P1590 0.999616265296936 2679.71 3660.99 2796.40 3570.80 2852.93 3643.94 2736.24 3734.13
P1590 0.9991100430488586 2275.34 3090.71 2385.26 3072.23 2398.16 3148.94 2288.24 3167.42
P1590 0.9537901282310486 288.57 917.55 377.09 865.75 407.40 917.53 318.87 969.34
P1590 0.9408448934555054 3395.88 1660.26 3403.46 1655.43 3410.44 1666.37 3402.86 1671.20
P1590 0.8194280862808228 1333.36 2485.07 1370.49 2483.68 1373.67 2568.70 1336.54 2570.09
P1590 0.5752694606781006 2155.77 831.26 2224.24 818.64 2231.96 860.55 2163.50 873.18
P1590 0.5706190466880798 2156.47 2763.28 2219.03 2753.40 2228.42 2812.91 2165.86 2822.78
P1590 0.3765237033367157 2273.49 3237.91 2315.27 3210.57 2368.05 3291.21 2326.27 3318.55
P1590 0.3092544376850128 2035.11 2187.91 2066.59 2197.18 2052.09 2246.44 2020.61 2237.17
P1590 0.12491437792778015 2065.39 1136.72 2142.45 1152.09 2131.68 1206.06 2054.62 1190.68
P1590 0.053633738309144974 2969.35 3231.19 3027.57 3284.11 3002.34 3311.86 2944.13 3258.94
P1436 0.2119910717010498 1978.31 3587.64 2086.41 3585.67 2087.94 3669.80 1979.84 3671.77
P1588 0.8826525211334229 2385.09 3731.45 2434.23 3753.90 2397.17 3834.98 2348.03 3812.52
P1588 0.12404878437519073 2924.92 3307.33 2976.09 3300.20 2982.40 3345.42 2931.22 3352.56
P1303 0.8630589842796326 4087.14 2415.69 4120.01 2410.94 4128.68 2471.06 4095.81 2475.80
P1764 0.08209004998207092 3819.66 1419.00 3946.99 1484.48 3907.56 1561.15 3780.23 1495.67
P1764 0.05498914048075676 3929.59 4221.59 4006.98 4200.79 4030.67 4288.92 3953.28 4309.72
P1722 0.13205571472644806 284.33 1790.51 340.48 1768.46 373.68 1853.00 317.53 1875.05
P2773 0.9934169054031372 1796.40 1032.36 1822.48 1023.48 1837.37 1067.19 1811.28 1076.08
P2773 0.3389824628829956 2347.17 352.18 2449.94 378.44 2435.14 436.37 2332.37 410.11
P2773 0.2700684070587158 1513.68 579.27 1695.00 574.44 1697.62 672.87 1516.30 677.70
P2773 0.23034381866455078 3200.69 2818.19 3263.35 2831.00 3248.43 2904.01 3185.76 2891.20
P2773 0.107155442237854 2058.63 4536.16 2146.37 4512.04 2181.93 4641.42 2094.19 4665.53
P2773 0.09784062951803207 3058.48 2894.72 3122.23 2897.94 3119.88 2944.41 3056.13 2941.18
P1576 0.8912122249603271 3126.76 3665.13 3245.13 3636.11 3275.22 3758.86 3156.85 3787.88
P1576 0.7655172944068909 3105.60 3542.84 3217.18 3516.20 3246.65 3639.61 3135.07 3666.26
P1576 0.5172317028045654 3577.33 3375.11 3665.12 3356.81 3692.90 3490.04 3605.11 3508.34
P1576 0.25741487741470337 3840.96 286.56 3905.29 270.74 3915.58 312.58 3851.24 328.40
P1576 0.07087701559066772 3462.55 3373.38 3561.90 3359.23 3581.48 3496.74 3482.13 3510.88
P1687 0.06733869016170502 3575.24 303.72 3655.29 325.28 3618.91 460.36 3538.86 438.80
P1760 0.9064508676528931 580.99 3686.06 691.96 3598.01 743.79 3663.33 632.82 3751.38
P1468 0.9937029480934143 1728.86 556.54 1887.46 546.43 1913.52 955.26 1754.92 965.37
P1468 0.6921848654747009 780.00 2765.10 1056.08 2761.03 1058.98 2957.75 782.90 2961.82
P1468 0.18551503121852875 812.81 7517.73 987.63 7508.48 993.72 7623.72 818.90 7632.97
P1468 0.0950273796916008 494.94 2031.01 669.71 2095.37 549.29 2422.34 374.52 2357.98
P1677 0.6900325417518616 1270.61 3731.98 1396.69 3706.77 1412.79 3787.32 1286.72 3812.53
P1677 0.18772180378437042 9.95 1656.34 67.42 1653.76 72.66 1770.55 15.20 1773.14
P1175 0.40151119232177734 1789.96 5012.79 1872.98 5000.02 1890.56 5114.33 1807.54 5127.10
P1516 0.9553079605102539 1610.52 1887.38 1660.11 1923.62 1569.88 2047.08 1520.29 2010.83
P1124 0.17668263614177704 2627.87 1588.66 3026.25 1398.91 3229.86 1826.38 2831.47 2016.13
P1447 0.9989299178123474 308.55 1596.68 553.84 1602.63 544.32 1995.21 299.03 1989.26
P1447 0.9962835907936096 1273.39 614.03 1515.32 560.89 1600.17 947.24 1358.24 1000.37
P1447 0.8148501515388489 517.88 1282.10 606.28 1280.92 608.64 1457.64 520.24 1458.83
P1922 0.9821957945823669 143.15 335.57 336.60 294.27 423.10 699.34 229.65 740.64
P1605 0.0913420170545578 1040.42 -16.26 1130.09 -4.67 1107.58 169.57 1017.91 157.99
P2463 0.3360908329486847 727.99 1123.58 916.79 1226.73 684.35 1652.18 495.55 1549.03
P2463 0.146903857588768 1343.92 11.00 1661.68 100.80 1579.34 392.15 1261.58 302.35
P2463 0.06849721074104309 1805.02 -177.78 2039.11 -41.75 1811.17 350.50 1577.09 214.47
P2463 0.052205219864845276 1529.74 480.39 1771.09 432.11 1820.46 678.88 1579.10 727.16
P2586 0.9999734163284302 1866.77 714.28 2159.35 797.08 2036.45 1231.37 1743.88 1148.58
P2586 0.9999176263809204 107.98 1858.27 399.64 1859.36 397.90 2326.77 106.23 2325.67
P2586 0.9998505115509033 821.27 1838.53 1272.46 1681.14 1364.51 1945.00 913.31 2102.39
P2586 0.9996802806854248 1892.79 202.22 2340.56 353.40 2247.22 629.87 1799.44 478.69
P2586 0.9823185801506042 441.71 172.50 878.69 215.67 847.04 536.04 410.06 492.87
P2586 0.7142323851585388 1008.53 297.84 1305.90 321.94 1263.80 841.52 966.43 817.43
P2586 0.12227937579154968 1432.84 382.93 1718.26 422.94 1676.00 724.38 1390.58 684.37
P2586 0.0889345109462738 681.04 621.96 879.34 631.02 855.53 1152.34 657.23 1143.28
P2648 0.9994342923164368 1006.02 743.55 1409.50 731.16 1418.16 1013.19 1014.69 1025.59
P2648 0.9990309476852417 1016.81 1326.39 1436.25 1318.54 1440.68 1555.54 1021.25 1563.39
P2648 0.9986384510993958 1029.58 1014.95 1413.83 1009.28 1418.29 1311.76 1034.03 1317.42
P2648 0.9950085878372192 242.86 499.30 805.20 490.54 818.83 1365.66 256.50 1374.42
P1176 0.1251244693994522 2225.67 2013.65 2308.35 2002.25 2319.98 2086.63 2237.30 2098.02
P1532 0.2951689660549164 1609.24 2402.57 1736.82 2365.83 1755.49 2430.66 1627.91 2467.40
P1504 0.4303496778011322 669.75 4451.40 725.69 4447.13 730.38 4508.46 674.44 4512.74
P1504 0.25947049260139465 901.56 2854.48 947.08 2892.06 904.28 2943.92 858.75 2906.34
P1504 0.07337868958711624 2496.14 2130.40 2653.25 2181.12 2614.35 2301.61 2457.24 2250.90
P1772 0.9940176010131836 1949.26 3841.94 2063.65 3763.31 2198.03 3958.80 2083.63 4037.43
P1772 0.43887272477149963 3621.81 4666.02 3675.99 4648.62 3708.48 4749.77 3654.30 4767.17
P1772 0.058708176016807556 2155.66 3697.48 2228.65 3669.20 2294.91 3840.27 2221.93 3868.54
P1772 0.05354657769203186 4881.10 3783.24 5191.53 3735.41 5233.90 4010.44 4923.47 4058.27
P2405 0.997223973274231 786.45 454.46 857.44 429.55 896.26 540.20 825.27 565.11
P2405 0.2739265263080597 702.26 331.27 801.65 284.93 836.22 359.07 736.83 405.42
P1729 0.8156903982162476 72.74 2169.42 172.98 2139.33 189.69 2195.00 89.46 2225.09
P1729 0.24690033495426178 -23.46 2172.79 43.57 2157.34 68.85 2267.06 1.82 2282.51
P1729 0.2102849781513214 2290.97 313.76 2400.43 289.45 2446.63 497.46 2337.17 521.77
P1729 0.14707200229167938 727.61 3299.24 806.57 3272.93 835.10 3358.56 756.14 3384.87
P1729 0.1132744625210762 3036.06 3533.73 3090.56 3518.21 3113.72 3599.53 3059.22 3615.05
P1729 0.09926974028348923 2035.52 2492.86 2115.74 2465.46 2138.05 2530.80 2057.84 2558.20
P1729 0.07692058384418488 2001.05 2580.52 2043.39 2570.75 2055.58 2623.58 2013.23 2633.34
P1729 0.07454515248537064 854.00 3278.18 891.91 3265.46 911.60 3324.12 873.69 3336.84
P1729 0.055450234562158585 1568.69 803.31 1642.11 773.39 1658.69 814.09 1585.27 844.00
P1729 0.05474254861474037 1988.39 2510.04 2045.42 2496.89 2058.88 2555.31 2001.85 2568.45
P2400 0.9612077474594116 1104.05 1695.97 1169.18 1681.07 1193.37 1786.85 1128.24 1801.75
P1407 0.06469251960515976 652.06 35.98 759.66 31.28 762.83 103.96 655.23 108.66
P2537 0.998180627822876 2240.25 729.66 2307.67 736.17 2297.47 841.79 2230.05 835.28
P2537 0.8867578506469727 1249.04 758.20 1360.81 748.59 1364.95 796.63 1253.18 806.25
P2537 0.14740611612796783 2314.70 750.66 2343.94 751.41 2342.79 796.41 2313.55 795.67
P2537 0.12874460220336914 2051.04 1161.37 2078.48 1156.82 2083.57 1187.53 2056.13 1192.08
P1755 0.8527762293815613 184.11 649.40 257.89 643.66 267.19 763.12 193.41 768.86
P1755 0.11802640557289124 2260.97 663.69 2449.40 749.22 2421.30 811.11 2232.88 725.59
P1701 0.9997860789299011 1630.29 3597.02 1782.78 3559.21 1807.62 3659.40 1655.13 3697.21
P0089 0.2950553596019745 2112.11 1588.16 2457.37 1540.37 2509.03 1913.49 2163.76 1961.28
P0089 0.11836609989404678 2306.61 2620.32 2557.90 2801.12 2234.42 3250.72 1983.13 3069.93
P0089 0.05503902584314346 2797.39 993.50 3193.68 937.83 3250.40 1341.67 2854.11 1397.33
P0089 0.05097942426800728 1299.73 2148.31 1520.45 2108.27 1577.26 2421.41 1356.54 2461.45
P2499 0.050787150859832764 693.04 1968.39 1200.95 2075.70 1153.77 2298.98 645.87 2191.67
P1575 0.7043867111206055 3684.93 1329.73 3815.65 1293.83 3830.94 1349.51 3700.22 1385.40
P1862 0.9997071623802185 1696.14 2263.74 2053.78 2357.83 1893.43 2967.33 1535.79 2873.24
P1862 0.9997029900550842 1834.31 132.28 2407.72 163.62 2363.01 981.77 1789.59 950.43
P1862 0.9921377301216125 2301.77 2508.28 2771.87 2651.36 2545.22 3396.07 2075.12 3252.99
P1862 0.9362372159957886 1828.14 1254.63 2341.67 1412.09 2099.52 2201.84 1585.99 2044.38
P1862 0.8016489744186401 1131.06 2420.33 1631.90 2547.78 1529.58 2949.89 1028.74 2822.44
P1862 0.4886128008365631 1190.45 1833.44 1652.74 1957.47 1494.42 2547.57 1032.13 2423.54
P1862 0.1304517537355423 2076.53 2292.24 2274.85 2349.66 2053.85 3113.00 1855.53 3055.58
P1862 0.12282247841358185 1589.49 1434.78 1796.31 1514.60 1609.72 1998.10 1402.89 1918.29
P1862 0.0946834608912468 2131.27 3193.86 2572.20 3304.56 2426.67 3884.20 1985.75 3773.50
P1383 0.9618389010429382 2344.66 3664.91 2548.96 3650.58 2578.15 4066.82 2373.85 4081.14
P1383 0.9139519929885864 1888.18 3939.38 1973.41 3929.86 1996.84 4139.60 1911.61 4149.12
P1383 0.894950270652771 2113.25 3678.13 2286.86 3662.46 2316.41 3989.68 2142.80 4005.36
P1796 0.06531909853219986 3168.39 5011.79 3595.64 5089.97 3542.44 5380.68 3115.20 5302.50
P1402 0.8836069107055664 558.30 3709.30 631.36 3775.33 599.02 3811.11 525.96 3745.08
P1402 0.3599185049533844 413.40 3741.74 476.50 3794.78 433.15 3846.35 370.05 3793.31
P1402 0.3268391788005829 2392.53 1928.24 2426.03 1898.75 2489.78 1971.15 2456.27 2000.65
P1402 0.21973256766796112 1955.33 857.01 2006.84 857.01 2006.84 962.70 1955.34 962.70
P1402 0.09438073635101318 528.83 3839.45 600.51 3904.22 554.41 3955.23 482.73 3890.46
P1270 0.5977940559387207 1518.13 1934.04 1550.59 1953.74 1513.04 2015.59 1480.58 1995.88
P2647 0.12914666533470154 668.98 1342.12 1056.91 1334.47 1067.53 1873.14 679.59 1880.79
P2647 0.06296519190073013 217.37 98.43 549.76 90.61 556.16 362.58 223.77 370.40
P2525 0.9993166923522949 2183.78 1090.24 2273.05 1007.15 2329.63 1067.94 2240.36 1151.03
P2525 0.1429755836725235 2282.53 950.52 2334.58 907.19 2407.05 994.25 2355.00 1037.58
P2525 0.06601287424564362 1251.32 1604.46 1451.23 1658.29 1410.22 1810.60 1210.31 1756.77
P1248 0.8878334164619446 3587.68 2489.80 3617.63 2489.72 3617.77 2543.65 3587.82 2543.73
P1248 0.12874875962734222 3729.15 2744.24 3762.46 2736.81 3766.25 2753.81 3732.94 2761.25
P1248 0.0727606788277626 2645.38 2665.69 2674.47 2661.77 2683.16 2726.19 2654.07 2730.12
P1248 0.06235253065824509 1784.04 1757.94 1803.74 1766.37 1784.59 1811.15 1764.89 1802.73
P2737 0.9968777894973755 2001.36 2542.11 2062.98 2571.47 2013.26 2675.81 1951.64 2646.46
P2737 0.9739331603050232 980.36 602.28 1046.14 562.62 1100.20 652.29 1034.42 691.95
P2737 0.7082808017730713 2610.41 2359.18 2647.29 2340.96 2658.82 2364.30 2621.94 2382.51
P2737 0.15206021070480347 1171.15 660.85 1222.53 627.91 1239.90 655.01 1188.53 687.95
P1706 0.08410840481519699 1125.83 1511.98 1249.01 1497.86 1275.64 1730.27 1152.46 1744.38
P2723 0.9992745518684387 1920.44 2176.08 1945.48 2165.43 1962.79 2206.10 1937.75 2216.75
P2723 0.9987080097198486 4133.26 2002.22 4159.63 1991.88 4176.26 2034.28 4149.88 2044.62
P2723 0.9983595013618469 2175.85 2440.45 2191.30 2433.88 2202.50 2460.19 2187.05 2466.77
P2723 0.9982790946960449 3655.23 1822.44 3672.27 1822.22 3672.68 1854.42 3655.65 1854.64
P2723 0.9981352090835571 3080.56 719.79 3106.76 726.12 3096.04 770.53 3069.84 764.21
P2723 0.9979832172393799 2911.89 2049.85 2929.66 2049.54 2930.22 2082.20 2912.44 2082.50
P2723 0.9979530572891235 1280.61 468.11 1306.25 454.03 1328.12 493.88 1302.47 507.96
P2723 0.9976357221603394 2607.78 1092.42 2623.77 1088.23 2631.79 1118.88 2615.79 1123.06
P2723 0.9971773624420166 2745.85 2008.94 2754.72 2014.91 2743.18 2032.05 2734.31 2026.09
P2723 0.9898257851600647 342.82 389.66 367.44 392.69 365.78 406.22 341.15 403.19
P2723 0.9874995350837708 1915.62 1927.50 1929.73 1927.03 1930.46 1948.59 1916.34 1949.06
P2723 0.9849423170089722 2164.11 2507.50 2174.35 2503.14 2183.94 2525.62 2173.70 2529.99
P2723 0.9520448446273804 2515.97 1763.69 2524.08 1769.69 2512.46 1785.42 2504.34 1779.42
P2723 0.4195585250854492 440.62 670.98 464.93 689.45 453.88 704.00 429.57 685.52
P2723 0.3678843080997467 1470.28 1790.18 1513.02 1825.94 1497.40 1844.61 1454.66 1808.86
P2723 0.15360945463180542 1041.21 1679.63 1102.35 1680.01 1102.17 1709.01 1041.04 1708.63
P2723 0.15048952400684357 2252.36 937.58 2287.19 926.90 2299.22 966.13 2264.39 976.81
P2723 0.10709936916828156 1610.99 584.01 1625.80 582.83 1626.60 592.89 1611.79 594.07
P2723 0.06071918457746506 2330.07 1140.90 2371.84 1134.37 2376.80 1166.13 2335.03 1172.65
P2723 0.05723889544606209 1002.35 1875.54 1025.03 1875.58 1024.96 1916.73 1002.28 1916.69
P0165 0.11730483919382095 1698.29 3277.73 1707.13 3280.41 1704.27 3289.86 1695.43 3287.19
P2341 0.5779261589050293 1716.91 155.41 1737.03 147.56 1753.16 188.87 1733.05 196.72
P2341 0.0983399823307991 563.19 240.84 667.98 313.45 633.17 363.69 528.38 291.09
P1237 0.5687193274497986 3996.12 3455.33 4040.08 3458.93 4037.27 3493.33 3993.31 3489.73
P1237 0.2614225447177887 2361.71 1396.70 2423.37 1386.58 2429.51 1424.01 2367.85 1434.13
P1237 0.07932204753160477 4468.80 3874.76 4550.30 3825.93 4648.96 3990.58 4567.46 4039.41
P1857 0.9998001456260681 1703.58 1828.30 1929.77 1895.08 1822.79 2257.42 1596.61 2190.65
P1857 0.9995586276054382 609.33 301.70 838.70 325.75 803.84 658.15 574.47 634.10
P1857 0.9974864721298218 873.82 398.73 1208.00 452.78 1170.44 684.99 836.26 630.95
P1857 0.9968754053115845 1144.11 1837.77 1433.26 1865.36 1393.99 2276.91 1104.83 2249.31
P1857 0.9882652759552002 452.78 275.91 601.88 285.57 584.78 549.38 435.69 539.72
P1857 0.9851742386817932 1579.03 2202.45 1856.07 2277.73 1741.12 2700.73 1464.08 2625.45
P1857 0.9820932149887085 904.98 3455.88 966.45 3460.81 958.35 3561.72 896.88 3556.79
P1857 0.9573160409927368 449.36 493.26 592.09 506.37 571.14 734.47 428.41 721.36
P1857 0.9287420511245728 692.49 1733.70 802.74 1741.38 794.19 1864.27 683.94 1856.60
P1857 0.8992407917976379 413.18 713.81 866.24 735.24 845.24 1179.28 392.18 1157.85
P1857 0.870172381401062 645.27 1888.24 782.40 1900.17 769.40 2049.59 632.27 2037.66
P1857 0.6066775321960449 262.52 1991.11 760.06 2087.54 643.27 2690.15 145.73 2593.72
P1857 0.4730910062789917 1329.51 704.44 2016.04 1118.97 1822.04 1440.27 1135.51 1025.74
P1857 0.4340668022632599 691.41 1600.69 748.66 1602.98 743.85 1723.18 686.60 1720.88
P1857 0.19222675263881683 847.34 2146.71 956.51 2152.15 943.53 2412.77 834.37 2407.33
P2546 0.2816494405269623 508.59 1260.87 577.72 1288.13 557.73 1338.82 488.60 1311.56
P2546 0.15849359333515167 633.49 1076.94 747.26 1115.49 723.85 1184.58 610.08 1146.03
P1172 0.4535091519355774 2479.35 5745.35 2807.43 5778.14 2772.83 6124.30 2444.75 6091.51
P1172 0.40337494015693665 110.60 6236.14 218.63 6158.19 370.11 6368.10 262.08 6446.06
P1172 0.14934125542640686 2596.83 3747.65 2862.69 3791.58 2792.78 4214.61 2526.92 4170.68
P1172 0.05025152489542961 2870.81 5754.07 3265.49 5769.96 3249.88 6157.79 2855.20 6141.90
P1362 0.8079944252967834 803.07 2602.37 839.66 2572.41 902.17 2648.74 865.58 2678.70
P1362 0.306711345911026 1737.63 2847.05 1778.22 2846.95 1778.51 2965.87 1737.92 2965.97
P1362 0.19689206779003143 781.73 1532.85 819.32 1522.96 835.01 1582.58 797.42 1592.47
P1362 0.07951508462429047 1846.71 1277.99 1894.62 1263.03 1904.61 1295.03 1856.70 1309.99
P1379 0.9998409748077393 3405.52 2786.79 3695.44 3062.08 3522.27 3244.45 3232.35 2969.16
P1379 0.9991280436515808 2151.31 2104.81 2467.38 2328.15 2323.52 2531.74 2007.45 2308.40
P1379 0.9975959658622742 1396.35 3437.78 1593.33 3582.20 1351.80 3911.62 1154.82 3767.19
P1379 0.9937751293182373 2796.24 3960.39 2864.42 3998.65 2800.53 4112.52 2732.35 4074.26
P1379 0.9809619784355164 1390.66 3940.04 1458.77 3985.82 1362.02 4129.74 1293.91 4083.96
P1379 0.9766207933425903 253.22 1515.57 491.04 1631.61 300.59 2021.96 62.77 1905.92
P1379 0.9711884260177612 172.52 1201.07 495.53 1010.39 611.51 1206.85 288.50 1397.54
P1379 0.9686478972434998 1569.06 265.08 1828.98 121.83 2042.14 508.60 1782.22 651.85
P1379 0.9567559957504272 185.34 2942.59 561.27 2936.05 565.96 3205.18 190.02 3211.72
P1379 0.9534783363342285 3217.92 3026.69 3490.47 3288.04 3336.94 3448.15 3064.38 3186.80
P1379 0.9372912645339966 1073.13 540.71 1489.58 293.48 1627.79 526.29 1211.34 773.52
P1379 0.90923672914505 170.93 292.33 406.77 176.70 588.44 547.21 352.60 662.85
P1379 0.9069989919662476 3073.20 2484.73 3379.32 2768.75 3195.62 2966.75 2889.50 2682.73
P1379 0.8585314750671387 3591.16 3455.03 3658.48 3497.66 3583.79 3615.64 3516.46 3573.02
P1379 0.8519060611724854 -39.64 423.66 150.51 320.87 343.02 677.01 152.87 779.79
P1379 0.8460115194320679 726.23 809.74 1095.29 539.47 1240.23 737.39 871.18 1007.67
P1379 0.7534089088439941 193.98 3262.98 599.69 3235.26 616.50 3481.21 210.79 3508.94
P1379 0.6560445427894592 2036.80 2417.46 2281.17 2587.88 2155.23 2768.46 1910.87 2598.04
P1379 0.5516533851623535 2313.32 1890.20 2619.67 2112.75 2440.27 2359.70 2133.92 2137.14
P1379 0.49567902088165283 3514.44 3408.96 3574.29 3446.94 3497.83 3567.41 3437.99 3529.43
P1379 0.38275739550590515 626.94 3949.42 783.59 4070.83 626.91 4272.99 470.26 4151.58
P1379 0.36850833892822266 963.77 2852.13 1067.62 2876.76 1021.69 3070.41 917.84 3045.78
P1379 0.3637208044528961 2687.19 2707.24 2996.49 2993.18 2807.79 3197.28 2498.50 2911.35
P1379 0.339778333902359 3006.13 1574.98 3144.07 1645.18 3007.14 1914.25 2869.20 1844.05
P1379 0.30679967999458313 3679.06 3136.94 3922.10 3293.32 3752.40 3557.07 3509.36 3400.69
P1379 0.23821693658828735 1836.83 3778.54 2019.81 3943.44 1767.95 4222.89 1584.98 4057.98
P1379 0.2325844019651413 1265.79 3285.98 1343.77 3363.84 1186.66 3521.18 1108.69 3443.32
P1379 0.2174845188856125 1531.42 587.42 1703.50 500.74 1760.22 613.34 1588.14 700.03
P1379 0.2085118293762207 226.08 3594.58 324.74 3523.46 451.92 3699.88 353.26 3771.01
P1379 0.09821256250143051 665.29 850.92 758.84 781.45 886.66 953.57 793.11 1023.04
P1379 0.06286601722240448 1881.26 3697.44 2109.03 3621.28 2176.23 3822.25 1948.46 3898.41
P1379 0.05773734301328659 927.55 3528.16 1085.22 3656.17 1015.61 3741.92 857.94 3613.91
P1379 0.05500391125679016 4351.92 3604.18 4550.34 3673.39 4391.62 4128.39 4193.21 4059.18
P2498 0.41236811876296997 435.87 1928.63 542.18 1900.52 578.56 2038.09 472.25 2066.20
P1544 0.15121117234230042 1389.18 1730.98 1494.92 1686.01 1564.66 1850.00 1458.92 1894.97
P0125 0.9998739957809448 201.12 1277.31 629.56 1353.45 576.52 1651.91 148.08 1575.77
P0125 0.9995059967041016 1052.53 382.67 1489.24 490.17 1414.07 795.54 977.36 688.05
P0125 0.9229016304016113 807.09 805.03 1446.20 950.27 1372.00 1276.78 732.88 1131.53
P0125 0.3638160824775696 622.88 462.72 762.53 580.09 637.49 728.86 497.84 611.49
P0125 0.20232611894607544 1642.05 768.89 1732.42 772.60 1723.74 983.84 1633.37 980.13
P1592 0.9868198037147522 2553.36 -24.94 2695.49 -13.95 2687.61 87.88 2545.49 76.89
P1592 0.9457190036773682 1184.35 806.81 1253.51 776.32 1310.70 906.07 1241.55 936.56
P1592 0.617452085018158 2584.66 180.86 2696.24 182.37 2693.58 379.35 2581.99 377.84
P1592 0.2669488787651062 2383.11 -45.58 2490.51 -35.89 2477.80 105.14 2370.39 95.46
P1592 0.07118362188339233 3579.61 829.31 3629.45 795.57 3668.50 853.25 3618.65 886.99
P2738 0.9964767098426819 887.96 827.51 903.06 826.35 905.08 852.76 889.99 853.91
P2738 0.9964622855186462 1214.26 183.07 1229.67 181.22 1233.07 209.48 1217.65 211.33
P2738 0.9815613627433777 1223.48 1059.00 1230.24 1063.98 1219.50 1078.55 1212.74 1073.57
P2738 0.9783945083618164 1292.25 322.46 1316.33 330.11 1312.44 342.34 1288.37 334.69
P2738 0.9685348272323608 1668.43 941.99 1677.82 943.17 1675.31 963.17 1665.92 962.00
P2738 0.8822739720344543 1446.63 441.56 1460.76 448.20 1451.13 468.67 1437.00 462.02
P2738 0.7789462804794312 2140.98 463.93 2152.44 462.27 2155.21 481.37 2143.76 483.03
P2738 0.6633671522140503 1141.11 992.54 1148.26 992.15 1149.04 1006.38 1141.89 1006.77
P2738 0.6596279740333557 2026.61 162.90 2036.05 169.08 2024.88 186.13 2015.44 179.95
P2738 0.5230869650840759 728.29 1272.85 738.32 1267.98 746.51 1284.85 736.48 1289.72
P2738 0.4826112687587738 2017.23 1235.39 2025.50 1230.36 2037.64 1250.31 2029.37 1255.35
P2738 0.3471270203590393 2166.07 1266.80 2178.42 1267.00 2178.03 1291.71 2165.67 1291.51
P2738 0.06612199544906616 1469.61 841.80 1476.59 841.65 1476.91 856.72 1469.93 856.87
P2738 0.06379896402359009 1043.05 849.13 1060.28 848.52 1060.58 857.16 1043.35 857.77
P1728 0.9250488877296448 2433.51 1831.32 2525.36 1914.69 2472.29 1973.16 2380.45 1889.79
P1728 0.5865954160690308 2994.20 3057.29 3039.84 3019.44 3115.91 3111.14 3070.27 3149.00
P1728 0.40475526452064514 2521.23 1908.79 2616.36 1977.46 2559.50 2056.22 2464.38 1987.56
P1728 0.15568315982818604 976.36 3113.44 999.73 3090.81 1028.15 3120.17 1004.78 3142.80
P1728 0.13745719194412231 3087.17 2905.04 3151.25 2963.76 3080.44 3041.04 3016.36 2982.32
P1728 0.09281768649816513 3573.33 198.63 3663.29 285.37 3615.04 335.41 3525.08 248.68
P1630 0.07225700467824936 1620.85 3940.33 1710.20 3919.90 1728.03 3997.88 1638.68 4018.31
P1630 0.0683407112956047 1281.15 1781.52 1345.98 1735.82 1375.37 1777.51 1310.53 1823.21
P1630 0.05065524950623512 4235.50 1962.76 4305.52 1941.36 4318.54 1983.92 4248.52 2005.32
P1731 0.7749024629592896 3915.54 2169.89 3961.67 2127.96 4036.07 2209.84 3989.94 2251.76
P1731 0.6847193837165833 -17.28 2834.02 76.25 2803.45 96.36 2864.96 2.83 2895.53
P1731 0.5196515321731567 2105.09 2743.43 2166.47 2730.00 2178.70 2785.90 2117.32 2799.33
P1731 0.27924132347106934 137.76 2579.78 207.69 2623.28 156.67 2705.31 86.74 2661.80
P1731 0.13074952363967896 1485.19 2921.96 1554.83 2896.17 1587.09 2983.30 1517.45 3009.08
P1731 0.08313480764627457 2211.55 2807.03 2281.16 2791.48 2294.47 2851.06 2224.86 2866.61
P1731 0.07018136978149414 3867.09 1950.92 3943.55 2027.16 3879.56 2091.33 3803.11 2015.09
P1731 0.05226939171552658 1.55 2183.33 55.89 2219.16 16.49 2278.92 -37.85 2243.09
P1671 0.14378634095191956 3924.02 1629.95 4082.69 1718.61 3997.93 1870.28 3839.27 1781.62
P2500 0.9260537624359131 1254.34 1758.85 1333.67 1721.75 1381.36 1823.75 1302.04 1860.84
P2500 0.7657589912414551 1186.18 1119.10 1262.68 1083.14 1289.28 1139.72 1212.78 1175.69
P2500 0.7013031244277954 1175.10 1787.46 1237.74 1756.14 1293.45 1867.59 1230.82 1898.90
P2500 0.5852411985397339 88.84 388.79 181.93 402.84 162.37 532.43 69.28 518.38
P2500 0.5055783987045288 1082.22 1875.62 1162.18 1837.72 1211.32 1941.39 1131.36 1979.29
P2500 0.3167162537574768 1323.45 1864.24 1348.60 1850.86 1364.88 1881.45 1339.73 1894.83
P2500 0.15434379875659943 1263.06 1888.92 1290.21 1874.34 1309.53 1910.32 1282.38 1924.90
P2500 0.13444501161575317 1358.55 1844.62 1380.25 1835.76 1392.53 1865.85 1370.83 1874.71
P2500 0.10790672153234482 502.18 556.63 623.65 540.98 645.79 712.91 524.33 728.56
P2500 0.05625966563820839 573.48 734.03 597.44 736.82 593.51 770.59 569.55 767.80
P2511 0.9965835809707642 839.83 2276.83 895.53 2329.48 821.11 2408.23 765.40 2355.59
P1548 0.9304695129394531 3378.49 1968.26 3637.03 1922.16 3662.00 2062.20 3403.46 2108.30
P1548 0.30093973875045776 1897.57 3270.56 1976.67 3254.23 2008.53 3408.54 1929.43 3424.87
P2573 0.9999818801879883 807.14 529.20 1249.40 388.09 1353.81 715.35 911.55 856.46
P2573 0.9998461008071899 881.77 877.56 1343.42 737.13 1433.43 1033.03 971.78 1173.46
P2573 0.9962365031242371 1654.19 152.38 1963.26 82.04 2080.62 597.69 1771.55 668.04
P2573 0.8765111565589905 1840.73 852.18 2158.07 790.13 2190.07 953.77 1872.73 1015.81
P2573 0.28863129019737244 132.09 50.46 694.55 -113.87 833.34 361.17 270.88 525.50
P2573 0.11890886723995209 1363.27 792.69 1448.37 765.70 1507.90 953.37 1422.80 980.36
P2573 0.054947927594184875 1391.78 323.39 1579.18 277.95 1614.95 425.48 1427.55 470.92
P0773 0.37502601742744446 571.18 812.50 1016.62 764.71 1054.93 1121.78 609.48 1169.57
P0773 0.05472373589873314 229.46 680.88 628.19 568.61 748.41 995.59 349.69 1107.86
P1774 0.9819554686546326 3804.14 1829.23 4742.72 2096.03 4565.27 2720.29 3626.69 2453.49
P2486 0.9800859689712524 1207.90 746.07 1279.48 745.81 1279.91 860.92 1208.32 861.19
P2486 0.9722961187362671 896.23 2033.87 941.50 2047.47 921.88 2112.78 876.61 2099.19
P1206 0.9204251766204834 2892.98 880.32 2936.25 863.74 2962.47 932.15 2919.20 948.73
P2406 0.11205906420946121 412.56 1646.17 595.08 1798.38 373.54 2064.06 191.01 1911.86
P0135 0.5259657502174377 1600.78 2105.27 1892.77 2349.27 1718.87 2557.37 1426.88 2313.37
P2782 0.9952945113182068 2657.32 930.58 3098.95 885.78 3120.49 1098.11 2678.86 1142.91
P2782 0.9032929539680481 2666.02 1101.33 3113.56 1048.08 3157.93 1421.00 2710.39 1474.25
P2782 0.08057498186826706 1834.24 77.50 1991.18 65.37 2009.04 296.54 1852.10 308.67
P2782 0.05696750432252884 1426.88 1008.13 2346.85 908.98 2410.60 1500.49 1490.63 1599.63
P1320 0.16369788348674774 1162.15 1138.81 1168.00 1143.44 1158.72 1155.18 1152.87 1150.55
P2398 0.9984875917434692 1214.73 196.34 1284.23 223.42 1242.92 329.43 1173.42 302.35
P2398 0.9972566962242126 1366.66 90.71 1428.39 128.12 1372.89 219.71 1311.16 182.30
P2398 0.44623517990112305 1317.65 188.73 1365.75 220.01 1343.16 254.75 1295.06 223.48
P1549 0.06362453103065491 329.45 3731.53 588.37 3672.76 657.57 3977.62 398.64 4036.39
P2489 0.9857524037361145 1031.78 603.47 1100.15 565.86 1156.00 667.37 1087.63 704.98
P2489 0.7946481108665466 1202.68 1912.67 1257.84 1907.26 1266.34 1994.04 1211.18 1999.44
P2489 0.06778654456138611 1017.62 534.33 1118.23 493.59 1141.48 550.99 1040.87 591.73
P2489 0.05447904020547867 1130.67 614.96 1164.24 595.73 1194.36 648.29 1160.79 667.53
P2414 0.26901477575302124 -76.43 927.15 102.43 797.65 185.70 912.65 6.84 1042.15
P2254 0.05481309816241264 1280.20 992.79 1529.88 743.11 1870.78 1084.02 1621.10 1333.70
P2540 0.999472439289093 748.44 1286.07 829.75 1299.90 809.72 1417.66 728.41 1403.83
P2540 0.9981313347816467 916.81 1106.92 993.00 1101.30 1001.93 1222.37 925.75 1227.99
P2540 0.9900604486465454 841.65 1319.52 905.50 1328.71 891.13 1428.47 827.29 1419.28
P2540 0.9477444887161255 909.86 1343.35 1033.67 1351.94 1028.93 1420.28 905.12 1411.70
P2361 0.6325172185897827 173.70 432.56 199.52 408.13 254.93 466.70 229.11 491.13
P2760 0.9966899156570435 2005.64 3215.61 2047.30 3182.72 2113.96 3267.14 2072.31 3300.03
P2760 0.9407089948654175 1895.72 3024.77 1934.44 2989.90 1956.32 3014.19 1917.60 3049.06
P2760 0.8739935159683228 1765.19 2770.21 1816.02 2729.62 1853.63 2776.72 1802.80 2817.31
P2760 0.6676022410392761 1809.07 2823.77 1854.88 2782.30 1947.09 2884.18 1901.28 2925.65
P2760 0.11617594212293625 3366.11 1831.69 3395.89 1822.00 3408.55 1860.89 3378.77 1870.58
P2760 0.07378757745027542 3313.97 1857.80 3368.12 1836.96 3380.66 1869.54 3326.51 1890.39
P1381 0.9961913824081421 1272.94 3763.09 1358.30 3717.83 1390.41 3778.39 1305.05 3823.65
P1381 0.9912447333335876 2143.62 4353.19 2362.79 4244.14 2498.13 4516.15 2278.96 4625.20
P1381 0.9879574179649353 1577.77 2891.42 1922.18 2681.66 2053.47 2897.20 1709.06 3106.97
P1381 0.9265211820602417 1567.05 2624.99 1851.73 2453.78 1954.93 2625.37 1670.25 2796.59
P1381 0.9103686213493347 2371.51 4184.54 2532.74 4096.25 2705.57 4411.86 2544.33 4500.15
P1381 0.8112230896949768 499.05 110.33 613.68 86.22 651.61 266.58 536.98 290.69
P1381 0.7123955488204956 1727.62 3112.03 2049.84 2931.69 2150.77 3112.02 1828.54 3292.37
P1381 0.6084303259849548 1595.38 1624.42 1825.72 1487.10 1979.43 1744.91 1749.09 1882.24
P1381 0.5897944569587708 1396.79 1420.58 1694.42 1252.97 1815.53 1468.01 1517.90 1635.63
P1381 0.5724284648895264 2774.24 3454.65 2983.84 3549.19 2804.30 3947.23 2594.70 3852.70
P1381 0.4278722107410431 564.25 1023.73 607.65 1003.03 644.19 1079.63 600.79 1100.33
P1381 0.34275946021080017 1969.96 4071.84 2087.53 4001.67 2209.72 4206.40 2092.15 4276.57
P1381 0.21032138168811798 2010.23 2425.85 2184.51 2386.90 2228.38 2583.16 2054.10 2622.12
P1381 0.19084049761295319 2183.99 3561.52 2279.58 3493.95 2406.57 3673.61 2310.98 3741.18
P1381 0.18550173938274384 1518.91 1078.84 1699.37 1042.67 1735.22 1221.50 1554.75 1257.67
P1381 0.09284158051013947 1826.48 1942.61 2027.45 1805.37 2220.15 2087.56 2019.18 2224.80
P1381 0.082606740295887 837.91 1278.61 963.01 1198.52 1127.57 1455.54 1002.48 1535.64
P1381 0.07122078537940979 1917.37 3506.79 2168.43 3365.75 2250.27 3511.43 1999.21 3652.47
P1381 0.05771290138363838 1373.91 854.23 1711.32 831.21 1725.34 1036.80 1387.93 1059.82
P2441 0.4986145794391632 588.46 1701.94 877.07 1694.49 889.16 2162.94 600.55 2170.39
P2441 0.2348138988018036 433.32 1735.90 499.93 1728.42 508.63 1805.97 442.03 1813.44
P2441 0.0592450313270092 283.61 1693.92 569.60 1728.51 519.09 2146.00 233.11 2111.40
P0048 0.9970971345901489 838.79 1744.65 1049.81 1620.01 1247.28 1954.33 1036.26 2078.97
P0048 0.4773472249507904 569.82 1271.36 809.36 1167.49 950.63 1493.28 711.09 1597.15
P0048 0.05798280984163284 368.52 668.02 472.00 763.19 347.24 898.84 243.75 803.67
P0585 0.06646382808685303 154.48 836.32 531.48 1102.32 364.39 1339.14 -12.61 1073.14
P2535 0.05399951711297035 730.38 1070.94 1064.33 987.57 1135.30 1271.88 801.34 1355.24
P2434 0.7962605953216553 803.39 808.67 885.01 867.53 819.40 958.51 737.78 899.65
P2434 0.4787350296974182 780.46 1668.28 935.55 1719.12 909.95 1797.22 754.86 1746.38
P2340 0.6906805634498596 1184.63 2014.99 1203.19 2007.67 1217.54 2044.03 1198.99 2051.35
P2451 0.4076472520828247 1740.17 1325.92 1810.14 1332.83 1797.76 1458.24 1727.79 1451.33
P2386 0.7751657962799072 2113.90 1766.51 2132.02 1774.67 2117.00 1808.00 2098.88 1799.83
P2386 0.6158140301704407 2094.03 1757.97 2112.21 1765.00 2098.10 1801.49 2079.93 1794.47
P2386 0.050386738032102585 2245.96 1953.74 2273.68 1973.95 2251.42 2004.48 2223.70 1984.27
P1737 0.948567271232605 2702.99 471.35 2814.55 438.88 2876.93 653.14 2765.37 685.61
P1737 0.7773111462593079 2911.38 3610.16 2973.24 3592.78 3007.70 3715.48 2945.85 3732.85
P1737 0.100444495677948 630.79 3378.84 641.00 3383.57 637.65 3390.81 627.43 3386.07
P1737 0.057163555175065994 824.21 3868.28 832.99 3874.18 829.21 3879.79 820.44 3873.88
P2119 0.9975304007530212 1374.75 1291.54 1800.47 1258.88 1817.91 1486.21 1392.19 1518.87
P2119 0.9718859195709229 1190.54 276.58 1422.96 236.10 1446.14 369.20 1213.72 409.68
P2119 0.7954252362251282 1344.55 421.12 1417.90 412.61 1432.46 538.11 1359.12 546.62
P2119 0.730241060256958 1251.34 427.37 1323.91 415.65 1344.95 545.91 1272.38 557.63
P2119 0.5821552276611328 -68.47 473.94 78.76 459.32 106.72 740.95 -40.51 755.57
P2119 0.45911499857902527 330.16 -58.27 579.16 -110.54 632.60 144.05 383.60 196.32
P2119 0.15832340717315674 120.05 418.16 462.98 398.56 483.64 759.92 140.70 779.52
P2772 0.8353411555290222 3518.04 2071.65 3565.04 2061.26 3580.63 2131.75 3533.63 2142.14
P2772 0.337568461894989 3434.85 504.76 3541.91 476.24 3560.58 546.33 3453.52 574.85
P2772 0.266098290681839 3540.24 383.19 3647.03 402.29 3629.07 502.64 3522.29 483.53
P2772 0.10716422647237778 3343.85 1299.23 3464.93 1275.42 3485.71 1381.11 3364.63 1404.91
P2772 0.09919053316116333 3414.58 351.88 3535.99 363.44 3524.63 482.74 3403.22 471.18
P2772 0.06359248608350754 2388.73 1415.62 2620.88 1373.84 2697.24 1798.07 2465.09 1839.86
P2410 0.9218013286590576 301.19 411.56 426.09 410.99 426.97 606.93 302.08 607.49
P2515 0.9994984865188599 499.53 627.21 575.27 626.15 576.83 737.84 501.09 738.90
P2515 0.999128520488739 411.96 738.60 485.43 737.91 486.49 850.86 413.02 851.55
P2515 0.9956220984458923 502.77 759.37 582.80 755.93 588.10 879.35 508.07 882.79
P2515 0.9888697862625122 578.97 621.07 655.15 619.34 658.03 745.75 581.85 747.49
P2515 0.9816741943359375 1607.85 281.22 1691.07 306.96 1651.26 435.63 1568.04 409.89
P2515 0.33578014373779297 1603.91 208.60 1709.47 236.58 1693.00 298.73 1587.44 270.75
P2515 0.23777680099010468 387.68 654.09 429.40 650.06 432.01 676.99 390.29 681.03
P2515 0.10847620666027069 1805.84 1039.78 2168.21 811.05 2304.75 1027.37 1942.38 1256.10
P2515 0.09708338975906372 618.12 1279.73 663.06 1238.12 695.07 1272.68 650.14 1314.30
P2515 0.08414243906736374 1956.71 245.77 2093.10 303.47 2052.79 398.77 1916.40 341.07
P2515 0.06542255729436874 668.17 1244.17 684.09 1233.08 705.24 1263.46 689.32 1274.55
P2649 0.9996170997619629 168.73 512.76 723.87 505.54 734.39 1314.76 179.25 1321.98
P2649 0.12689568102359772 169.59 534.08 394.31 537.88 391.07 729.30 166.35 725.50
P2649 0.08355085551738739 465.76 534.79 713.19 519.78 723.15 684.06 475.73 699.07
P1169 0.37865331768989563 401.31 3001.23 948.68 3014.35 935.85 3549.41 388.49 3536.29
P1169 0.15421895682811737 2442.46 2437.42 2474.15 2409.04 2538.98 2481.44 2507.28 2509.82
P2544 0.9900499582290649 572.46 845.05 644.56 810.69 692.63 911.54 620.53 945.91
P2544 0.5436485409736633 520.63 714.34 586.55 678.29 644.03 783.42 578.11 819.47
P2544 0.05769368261098862 1495.85 868.87 1529.81 864.62 1534.52 902.22 1500.56 906.47
P1813 0.9998142123222351 240.54 1456.60 646.24 1147.30 1115.94 1763.41 710.24 2072.71
P1813 0.999782145023346 737.98 1150.65 1148.99 842.82 1610.11 1458.48 1199.10 1766.31
P2447 0.4209240674972534 180.27 412.86 214.46 410.85 217.60 464.19 183.41 466.20
P2524 0.9962632060050964 642.72 1210.89 728.04 1194.79 750.65 1314.53 665.32 1330.64
P1855 0.9999233484268188 2281.31 1045.35 2720.72 788.35 2884.75 1068.79 2445.33 1325.79
P1855 0.9991220831871033 892.50 1427.76 1410.27 1137.83 1583.23 1446.71 1065.46 1736.64
P1855 0.9981446266174316 846.22 632.89 1544.89 313.96 1725.86 710.41 1027.20 1029.34
P1855 0.9388023018836975 -120.67 1558.07 626.16 1255.70 771.59 1614.91 24.76 1917.27
P1855 0.8691803216934204 1217.59 1938.55 2060.41 1530.06 2179.18 1775.12 1336.36 2183.62
P1855 0.8230951428413391 541.68 880.66 931.70 720.77 1168.00 1297.12 777.98 1457.02
P1855 0.787066638469696 1062.33 1013.07 1673.60 847.87 1740.67 1096.04 1129.40 1261.24
P1855 0.7679214477539062 1990.94 579.58 2589.05 291.30 2831.16 793.62 2233.05 1081.90
P1855 0.6989490985870361 1373.59 1202.48 1721.32 993.45 1927.76 1336.88 1580.04 1545.91
P1855 0.5124244093894958 127.80 1809.52 455.43 1583.11 826.24 2119.70 498.60 2346.11
P1855 0.40802013874053955 1274.77 2228.77 1591.01 2068.38 1701.98 2287.17 1385.73 2447.55
P1855 0.3052639961242676 869.95 1801.98 1195.02 2107.86 839.91 2485.26 514.83 2179.39
P1855 0.2737782299518585 1768.45 1461.38 2106.35 1213.78 2249.75 1409.48 1911.85 1657.08
P1855 0.19571056962013245 573.14 1402.37 897.62 1292.98 1094.62 1877.29 770.14 1986.68
P1855 0.1219620555639267 1412.49 2479.29 1559.31 2413.34 1673.79 2668.20 1526.97 2734.15
P2568 0.9558395147323608 425.02 483.94 954.19 305.22 1275.99 1258.08 746.82 1436.80
P2568 0.9210303425788879 771.90 1356.91 1220.72 1215.10 1329.09 1558.10 880.27 1699.91
P0148 0.9995105266571045 367.72 203.89 502.10 207.35 496.86 411.35 362.47 407.90
P0148 0.9938384890556335 1087.08 444.97 1217.69 519.12 1106.32 715.30 975.71 641.16
P0148 0.9856619238853455 350.81 489.62 452.63 492.16 447.85 683.67 346.03 681.13
P0148 0.15318851172924042 1402.06 439.58 1496.46 500.04 1395.64 657.44 1301.24 596.97
P0148 0.0881248489022255 1012.72 1387.27 1053.48 1407.58 1025.54 1463.63 984.79 1443.32
P0148 0.08384386450052261 1165.82 803.33 1202.41 808.86 1196.02 851.17 1159.43 845.64
P0148 0.08227386325597763 766.39 880.90 849.85 900.98 814.67 1047.14 731.22 1027.06
P2212 0.9994767308235168 1086.94 701.01 1291.66 715.94 1283.56 826.92 1078.85 811.99
P2212 0.9992411136627197 1080.69 811.84 1281.31 823.05 1275.66 924.11 1075.04 912.89
P2212 0.9822057485580444 869.09 648.84 976.93 653.10 968.15 875.15 860.31 870.89
P2212 0.7519579529762268 1651.78 646.85 1702.27 648.83 1700.90 683.63 1650.40 681.65
P2212 0.12497985363006592 1093.64 575.37 1298.27 596.34 1283.75 738.02 1079.12 717.05
P2212 0.06949704140424728 421.20 730.13 464.20 732.22 462.79 761.12 419.79 759.03
P1442 0.9998036026954651 662.79 493.30 1028.94 481.88 1036.18 713.88 670.03 725.30
P1442 0.9997482895851135 218.22 241.59 465.54 242.59 464.04 610.85 216.72 609.84
P1442 0.9862287044525146 526.01 2343.11 763.49 2346.80 757.03 2761.42 519.55 2757.72
P1442 0.9851057529449463 99.07 1211.55 194.51 1211.21 195.25 1424.56 99.81 1424.89
P1442 0.9562307596206665 1044.39 497.25 1166.18 494.58 1167.70 563.94 1045.91 566.61
P1442 0.5009517669677734 1036.34 644.89 1171.28 643.94 1171.83 722.44 1036.89 723.39
P1442 0.48494553565979004 1022.51 568.89 1172.15 564.32 1174.57 643.44 1024.93 648.01
P2567 0.9999527931213379 111.29 657.85 541.01 469.57 664.93 752.41 235.21 940.69
P2567 0.6660085320472717 806.84 464.75 1098.90 337.85 1275.13 743.47 983.07 870.37
P1595 0.9978578686714172 658.47 34.29 751.31 125.09 689.98 187.80 597.15 97.00
P1595 0.9961391091346741 1271.29 1760.85 1332.23 1768.15 1319.44 1874.81 1258.51 1867.50
P1595 0.9893440008163452 660.99 2532.98 735.81 2549.23 704.45 2693.64 629.63 2677.39
P1595 0.9806339740753174 1749.82 606.09 1801.85 571.92 1876.03 684.88 1824.00 719.05
P1595 0.8859787583351135 3956.64 3623.81 4017.42 3608.29 4045.19 3717.03 3984.41 3732.55
P1595 0.8229551315307617 2362.24 2029.06 2443.49 2013.41 2474.88 2176.43 2393.63 2192.07
P1595 0.6971392631530762 2364.69 119.56 2417.49 78.19 2486.47 166.24 2433.67 207.61
P1595 0.6524901390075684 358.19 670.18 419.93 654.41 437.46 723.01 375.72 738.78
P1595 0.5241526961326599 61.80 2949.89 151.52 2907.84 169.98 2947.24 80.27 2989.28
P1595 0.42592278122901917 958.87 161.95 1037.25 167.59 1029.12 280.48 950.74 274.83
P1595 0.117881640791893 3303.12 277.62 3335.18 302.66 3300.31 347.30 3268.25 322.27
P1595 0.08225803077220917 1589.61 3947.63 1675.27 3944.03 1678.39 4017.94 1592.72 4021.55
P2425 0.9982854723930359 120.39 1074.18 201.78 1077.61 196.59 1200.73 115.20 1197.30
P2425 0.9948552846908569 264.24 1083.35 387.71 1091.12 382.79 1169.23 259.32 1161.46
P0092 0.09845338761806488 1976.71 389.15 2111.11 393.14 2105.37 586.50 1970.98 582.51
P0092 0.0810515359044075 2535.44 989.56 2976.77 955.64 3017.24 1482.30 2575.91 1516.22
P2440 0.9848270416259766 27.93 1619.91 158.53 1594.39 174.08 1673.95 43.47 1699.47
P2440 0.8326228857040405 -9.84 1738.77 81.73 1718.26 96.22 1783.00 4.66 1803.50
P0506 0.999933123588562 640.27 1108.97 1544.25 1319.03 1428.29 1818.05 524.31 1607.98
P0506 0.8529922962188721 1901.86 1522.12 2026.16 1549.75 1979.45 1759.92 1855.15 1732.30
P0506 0.28394079208374023 829.78 567.20 1144.87 658.93 1002.80 1146.91 687.72 1055.18
P0506 0.17799745500087738 1305.50 334.35 1770.05 522.50 1645.34 830.42 1180.79 642.28
P2658 0.9997385144233704 1175.57 728.26 1689.62 770.56 1626.16 1541.78 1112.11 1499.49
P2658 0.9374609589576721 1164.09 228.67 1870.60 286.99 1853.97 488.47 1147.46 430.14
P2195 0.9997095465660095 84.44 1759.90 230.65 1760.59 229.67 1964.28 83.47 1963.59
P2195 0.2945479452610016 769.13 1597.24 864.53 1603.21 854.18 1768.65 758.78 1762.68
P2195 0.13167642056941986 590.32 2087.42 744.08 2094.84 741.26 2153.38 587.50 2145.96
P2195 0.12633280456066132 998.09 1038.45 1127.02 1054.26 1103.13 1249.12 974.20 1233.31
P2195 0.06694851070642471 175.40 994.80 435.35 1010.78 421.63 1233.89 161.69 1217.91
P2195 0.05891529843211174 69.77 1967.52 255.05 1952.37 271.89 2158.35 86.61 2173.50
P0880 0.9992330074310303 1170.38 1309.35 1862.14 1049.84 2029.71 1496.51 1337.94 1756.02
P0880 0.056473806500434875 680.76 401.04 789.67 396.04 799.41 608.45 690.50 613.44
P2407 0.999833345413208 1521.67 1496.97 1595.11 1468.81 1638.46 1581.87 1565.02 1610.03
P2407 0.3898026943206787 1044.12 710.02 1404.24 689.56 1437.45 1274.08 1077.32 1294.53
P2407 0.12846696376800537 1124.00 1218.34 1329.84 1260.90 1301.99 1395.58 1096.16 1353.02
P2407 0.05084957554936409 1242.87 401.10 1433.48 409.77 1423.87 621.24 1233.25 612.57
P2272 0.9456372261047363 504.81 754.97 583.26 760.47 575.72 867.98 497.28 862.48
P2272 0.6736010909080505 2741.16 274.85 2821.93 253.46 2840.46 323.44 2759.69 344.82
P2272 0.5551193952560425 406.93 993.76 478.42 939.77 511.44 983.51 439.95 1037.49
P2272 0.40699002146720886 2989.89 341.63 3046.11 336.42 3050.70 386.05 2994.49 391.26
P2272 0.3260192573070526 2998.19 478.54 3048.78 472.98 3058.01 556.90 3007.41 562.46
P2272 0.17246979475021362 755.49 957.46 914.27 965.68 896.13 1316.10 737.35 1307.88
P2526 0.9974512457847595 599.30 1782.99 668.79 1800.07 643.20 1904.11 573.72 1887.02
P2526 0.0823739618062973 1985.48 2153.42 2084.81 2238.89 2037.31 2294.09 1937.98 2208.62
P2461 0.9993733763694763 646.71 933.91 718.80 931.46 722.59 1042.86 650.50 1045.31
P2461 0.9976111650466919 545.55 1013.19 615.64 1011.88 617.57 1115.47 547.49 1116.78
P2461 0.9876052141189575 721.27 704.33 804.83 702.33 807.84 827.98 724.28 829.98
P2461 0.7293079495429993 733.42 1103.77 943.70 1139.89 889.82 1453.60 679.54 1417.48
P2461 0.49591708183288574 618.18 731.93 689.86 726.93 697.59 837.60 625.91 842.60
P2461 0.3407895565032959 246.80 -107.54 510.49 -158.43 628.30 452.06 364.61 502.95
P2461 0.135654479265213 1036.08 1064.19 1313.17 1078.42 1295.60 1420.42 1018.52 1406.19
P2461 0.12472828477621078 518.51 744.62 596.82 739.82 602.27 828.79 523.96 833.59
P2461 0.11016101390123367 463.85 1546.96 810.34 1676.05 726.90 1900.02 380.41 1770.94
P2461 0.09203554689884186 725.30 881.22 943.47 868.17 958.89 1125.95 740.71 1139.00
P2461 0.059324588626623154 1024.02 613.91 1370.10 600.81 1383.23 947.83 1037.15 960.92
P2521 0.5992058515548706 1045.81 2091.63 1126.99 2041.46 1159.93 2094.75 1078.75 2144.92
P2521 0.06623304635286331 876.86 2124.05 1001.74 2038.98 1040.48 2095.85 915.60 2180.93
P2583 0.9999463558197021 1113.73 307.69 1401.88 362.21 1314.41 824.44 1026.27 769.92
P2583 0.8685895204544067 650.10 536.96 984.01 594.12 899.62 1087.04 565.72 1029.88
P2583 0.4500229060649872 960.49 944.88 1147.51 961.97 1132.87 1122.19 945.85 1105.10
P2583 0.2114238291978836 908.67 193.37 1082.78 227.31 1025.05 523.44 850.95 489.51
P2383 0.9994416832923889 480.94 275.53 540.61 315.03 483.42 401.40 423.76 361.89
P2383 0.09631263464689255 339.86 513.22 393.18 508.75 398.38 570.89 345.06 575.36
P2136 0.9995664954185486 190.42 358.07 423.17 324.15 485.83 754.05 253.07 787.97
P2136 0.07264793664216995 428.29 327.26 714.88 283.03 781.98 717.72 495.39 761.95
P2333 0.9880616664886475 1059.46 467.90 1119.40 471.98 1113.36 560.65 1053.42 556.57
P2333 0.34419313073158264 1399.55 2506.03 1732.26 2375.92 1916.69 2847.55 1583.98 2977.66
P2333 0.0879775658249855 1966.04 1004.34 2071.00 1055.46 2031.82 1135.92 1926.85 1084.79
P2333 0.0788433626294136 1696.78 1433.97 1991.95 1702.35 1707.90 2014.75 1412.73 1746.37
P0694 0.9046726822853088 759.63 876.57 1098.93 626.68 1252.14 834.69 912.84 1084.59
P1197 0.9997307658195496 1003.43 401.49 1249.42 508.96 1180.78 666.10 934.78 558.64
P1197 0.9919635057449341 249.44 435.72 473.39 536.79 404.10 690.33 180.14 589.25
P1197 0.9487124085426331 691.63 253.64 1046.09 413.49 970.04 582.11 615.59 422.27
P1197 0.9383798241615295 616.06 424.85 794.36 503.61 665.92 794.38 487.62 715.62
P1197 0.9247035980224609 168.14 418.23 244.84 454.10 183.01 586.33 106.31 550.46
P2698 0.34128737449645996 532.40 755.06 607.66 704.47 655.83 776.13 580.57 826.72
P0121 0.07751088589429855 129.64 176.21 556.56 350.64 314.30 943.54 -112.62 769.10
P0121 0.055747974663972855 14.84 1079.82 383.35 1220.64 317.07 1394.07 -51.43 1253.25
P0399 0.7642623782157898 -227.69 1033.87 60.17 749.54 457.26 1151.57 169.39 1435.90
P2223 0.2025454044342041 496.02 1059.59 765.22 1113.88 700.21 1436.20 431.00 1381.90
P2209 0.4938587546348572 28.91 56.43 47.87 56.16 48.22 80.96 29.27 81.23
P2120 0.3523232042789459 797.62 178.47 1177.75 558.58 954.15 782.19 574.03 402.08
P1952 0.5377992391586304 867.63 156.23 1359.10 -158.42 1718.85 403.49 1227.39 718.15
P0877 0.1856635957956314 622.12 1315.49 960.28 1406.41 861.97 1772.05 523.81 1681.13
P0877 0.09812314063310623 274.52 889.68 380.34 922.53 341.36 1048.11 235.54 1015.27
P2041 0.990939736366272 1054.18 796.89 1318.39 1001.36 1192.45 1164.10 928.24 959.62
P2041 0.6169046759605408 811.86 1155.98 1029.49 1344.42 759.26 1656.51 541.63 1468.07
P2146 0.15497389435768127 120.84 372.96 505.48 604.12 362.95 841.29 -21.69 610.13
P2146 0.09452904760837555 940.26 529.29 1063.39 571.17 1023.71 687.81 900.58 645.92
P2391 0.999514102935791 2063.19 1382.80 2140.24 1382.42 2140.75 1486.73 2063.70 1487.11
P2391 0.6205577254295349 2219.63 1392.00 2246.16 1389.98 2249.56 1434.39 2223.02 1436.42
P2391 0.3413429856300354 2286.26 1375.49 2391.16 1381.35 2383.23 1523.44 2278.32 1517.58
P2391 0.09515291452407837 2141.64 1278.37 2170.09 1263.74 2183.22 1289.26 2154.76 1303.90
P2391 0.07899938523769379 2064.70 1283.89 2103.36 1259.91 2119.18 1285.43 2080.51 1309.40
P2780 0.14476533234119415 505.96 2675.31 1234.61 2500.90 1305.05 2795.19 576.41 2969.60
P2588 0.08017760515213013 783.29 1068.15 958.61 1234.51 721.53 1484.34 546.21 1317.98
P2431 0.9887853860855103 936.55 624.05 1000.15 608.25 1022.19 696.94 958.58 712.74
P2574 0.999940037727356 1159.69 837.22 1404.77 1051.86 1078.46 1424.43 833.38 1209.78
P2574 0.999936580657959 104.59 1136.68 583.11 1030.58 656.79 1362.86 178.27 1468.97
P2574 0.9500789642333984 546.51 389.19 924.48 731.60 690.88 989.45 312.92 647.04
P2562 0.9945781230926514 244.29 1174.03 480.77 1054.93 689.83 1470.05 453.36 1589.14
P2562 0.19241665303707123 408.06 570.11 708.62 451.63 799.69 682.68 499.14 801.16
P2562 0.15373924374580383 513.68 1008.37 775.65 846.02 980.64 1176.81 718.67 1339.16
P2510 0.06378232687711716 82.89 1690.13 158.26 1698.02 146.23 1813.00 70.86 1805.11
P2752 0.9532209038734436 2176.17 720.44 2523.50 696.27 2534.83 858.99 2187.49 883.16
P2752 0.6879059076309204 390.85 1055.19 722.30 1074.78 711.45 1258.28 380.01 1238.69
P2752 0.42286431789398193 2284.59 935.63 2343.91 934.90 2345.01 1023.76 2285.70 1024.50
P2752 0.17196933925151825 2206.32 940.91 2267.22 937.63 2271.96 1025.49 2211.06 1028.77
P0046 0.9996227025985718 175.14 1224.76 542.94 1091.62 622.73 1312.03 254.93 1445.18
P0046 0.9744333028793335 477.69 383.19 716.41 330.87 797.06 698.90 558.34 751.22
P0046 0.15192978084087372 858.42 1432.15 1180.39 1364.46 1266.36 1773.38 944.39 1841.07
P1800 0.9995604157447815 352.72 735.75 646.86 807.33 538.34 1253.32 244.20 1181.74
P1800 0.9984341263771057 871.88 775.03 1238.30 848.62 1131.40 1380.90 764.98 1307.31
P1800 0.9953609108924866 303.29 1203.15 1085.70 1407.20 976.02 1827.79 193.60 1623.73
P1800 0.8126022219657898 654.37 858.59 851.93 907.81 768.95 1240.94 571.38 1191.73
P1800 0.06563712656497955 587.04 474.07 817.05 659.48 628.48 893.41 398.47 708.00
P2165 0.968539834022522 1176.67 329.20 1302.20 328.42 1303.39 518.02 1177.85 518.80
P2165 0.47209784388542175 1342.94 361.16 1529.29 355.94 1535.30 570.31 1348.94 575.53
P2508 0.9996936321258545 1578.63 1289.68 1656.60 1292.01 1653.05 1410.52 1575.08 1408.18
P2508 0.9933385252952576 1442.92 1248.24 1520.66 1249.51 1518.62 1374.42 1440.88 1373.14
P2508 0.2395615428686142 1246.40 1245.27 1373.31 1236.34 1379.37 1322.49 1252.46 1331.42
P2508 0.16454754769802094 1253.89 1333.25 1345.86 1332.52 1346.96 1470.83 1254.99 1471.56
P2172 0.9977781176567078 612.08 964.21 721.68 966.11 720.04 1061.19 610.43 1059.30
P2172 0.9722636342048645 454.99 956.72 574.34 961.85 569.02 1085.49 449.67 1080.36
P2170 0.1750510036945343 594.08 294.43 676.98 295.43 676.33 349.74 593.43 348.74
P2369 0.9707685112953186 2236.87 1162.18 2252.84 1154.69 2267.61 1186.17 2251.64 1193.66
P0155 0.22833307087421417 748.29 582.88 804.82 557.27 841.94 639.20 785.42 664.81
P0500 0.9925740957260132 983.49 215.62 1272.75 472.46 833.13 967.58 543.87 710.74
P0500 0.2465226799249649 1272.51 1093.68 1526.53 1067.93 1565.64 1453.70 1311.62 1479.45
P0500 0.24283312261104584 678.48 1205.41 1124.63 1110.70 1243.41 1670.23 797.26 1764.95
P0500 0.1833542436361313 249.37 154.84 577.67 373.54 310.97 773.89 -17.33 555.20
P0500 0.13489915430545807 1299.85 -157.51 1639.66 84.63 1422.19 389.82 1082.38 147.69
P0500 0.08354281634092331 626.93 76.01 908.18 310.43 711.69 546.17 430.44 311.74
P1188 0.09983246773481369 192.62 976.17 566.22 937.59 599.15 1256.50 225.55 1295.08
P2660 0.14570775628089905 1083.87 1123.08 1323.51 922.88 1586.52 1237.71 1346.89 1437.91
P2139 0.9930250644683838 119.11 241.24 311.91 244.16 305.61 659.74 112.81 656.82
P2274 0.12600086629390717 630.27 140.86 684.66 134.80 696.45 240.62 642.06 246.68
P2402 0.995754599571228 353.89 -50.76 502.11 -34.33 480.60 159.73 332.38 143.30
P2161 0.9947634935379028 1335.34 1229.97 1452.91 1258.78 1410.98 1429.85 1293.42 1401.04
P2161 0.5132771134376526 759.57 1377.39 821.73 1363.01 849.58 1483.36 787.42 1497.74
P2161 0.10207797586917877 353.10 526.94 567.53 646.12 469.08 823.24 254.66 704.07
P0090 0.7746838927268982 670.08 670.52 1013.78 718.61 939.76 1247.64 596.06 1199.55
P0090 0.4294603168964386 345.69 338.43 822.39 438.61 723.69 908.29 246.98 808.11
P0106 0.17998376488685608 888.42 919.45 1174.44 1005.53 1077.75 1326.78 791.73 1240.69
P2277 0.8933515548706055 518.53 407.08 742.15 504.16 570.81 898.87 347.19 801.80
P2806 0.9991683959960938 563.85 355.08 1137.87 411.14 1058.43 1224.52 484.41 1168.46
P2806 0.9910147786140442 484.28 1149.19 791.70 1180.64 776.55 1328.69 469.13 1297.24
P2806 0.989274799823761 348.69 715.67 507.34 730.61 479.18 1029.68 320.53 1014.75
P2806 0.2138693630695343 400.22 324.00 514.52 321.11 518.82 491.49 404.53 494.37
P0197 0.22096188366413116 727.28 213.74 835.99 213.12 837.17 420.77 728.46 421.39
P0820 0.322009801864624 624.24 -142.99 1030.81 -81.77 969.80 323.38 563.23 262.16
P0230 0.9333446621894836 297.82 186.16 978.49 97.78 1017.53 398.48 336.87 486.86
P0509 0.5138378739356995 145.50 811.47 528.87 556.50 735.79 867.62 352.43 1122.60
P0640 0.16607409715652466 113.43 587.96 433.54 898.96 66.57 1276.68 -253.54 965.68
P2575 0.9998278617858887 568.97 836.07 849.05 822.53 868.15 1217.85 588.08 1231.39
P2575 0.8610028624534607 889.26 770.94 1175.61 748.58 1209.42 1181.46 923.06 1203.82
P0115 0.28072288632392883 -140.77 1095.70 350.40 879.74 525.43 1277.80 34.26 1493.76
P0115 0.1414577066898346 367.62 868.72 637.64 683.35 723.78 808.82 453.75 994.19
P0102 0.1927168220281601 565.34 977.74 926.77 1003.54 909.33 1247.99 547.89 1222.20
P0394 0.998995840549469 1110.97 260.13 1318.32 174.40 1443.74 477.73 1236.40 563.47
P0394 0.9910174608230591 857.46 356.64 1083.83 249.29 1226.66 550.48 1000.30 657.83
P0394 0.9849884510040283 644.50 31.73 830.53 -55.19 976.30 256.79 790.27 343.71
P0394 0.3176541328430176 582.12 429.62 795.06 339.48 875.11 528.59 662.18 618.73
P0394 0.08040782809257507 1312.21 547.92 1548.95 459.59 1668.67 780.48 1431.93 868.80
P0394 0.07039545476436615 324.39 533.34 557.44 462.38 658.18 793.19 425.13 864.16
P1039 0.0952095165848732 309.97 73.34 526.65 -1.76 563.47 104.45 346.78 179.55
P2174 0.9998688697814941 644.44 274.70 767.96 281.99 762.65 371.84 639.13 364.55
P2174 0.9998000264167786 642.31 165.95 766.59 168.33 764.82 261.00 640.53 258.62
P2174 0.9993566870689392 330.39 415.37 454.40 421.75 445.02 604.31 321.00 597.94
P2174 0.9993102550506592 474.07 153.94 602.51 156.30 598.62 367.70 470.17 365.34
P2174 0.999285876750946 471.62 408.62 598.88 412.86 592.03 618.09 464.77 613.85
P2174 0.9991762042045593 776.89 516.73 871.06 518.87 869.47 588.86 775.30 586.71
P2174 0.9988961219787598 777.78 449.18 874.19 450.37 873.37 516.93 776.96 515.74
P2174 0.9984492063522339 775.83 595.61 867.17 593.03 868.97 656.93 777.64 659.50
P2174 0.9672548770904541 551.74 844.59 670.73 847.24 669.20 915.60 550.22 912.95
P2174 0.939395546913147 550.47 735.22 667.24 738.56 665.38 803.20 548.62 799.85
P2174 0.90901118516922 730.50 706.78 838.20 761.78 797.14 842.18 689.44 787.18
P2174 0.7884766459465027 682.27 812.33 806.09 823.93 798.34 906.73 674.52 895.14
P2174 0.571738600730896 870.09 522.70 911.29 519.92 915.82 587.05 874.62 589.83
P2174 0.5449467897415161 874.78 448.85 917.12 450.93 913.65 521.33 871.32 519.24
P2174 0.09001190960407257 549.65 800.15 675.33 800.88 675.01 856.27 549.32 855.54
P2174 0.06959890574216843 134.75 433.78 189.20 429.18 193.02 474.37 138.57 478.97
P1914 0.9749412536621094 50.96 200.99 177.42 146.62 262.05 343.46 135.58 397.83
P1050 0.05415903776884079 859.73 963.81 1060.27 1096.69 880.60 1367.84 680.06 1234.95
P0774 0.40229737758636475 387.56 205.05 1148.37 141.01 1179.82 514.67 419.01 578.71
P2276 0.9996284246444702 616.88 316.43 685.95 250.96 728.08 295.40 659.00 360.87
P2276 0.9643418192863464 162.04 310.54 201.42 305.88 209.66 375.43 170.28 380.09
P0513 0.27620041370391846 651.72 524.75 984.20 824.29 734.51 1101.43 402.03 801.89
P1889 0.08381131291389465 851.31 167.39 1012.78 189.44 971.14 494.35 809.67 472.30
