P2345 0.16 473.67 1293.08 641.96 1293.08 641.96 1473.95 473.67 1473.95
P2345 0.04 655.00 1752.36 680.44 1752.36 680.44 1800.53 655.00 1800.53
P1687 0.85 530.24 1963.29 529.91 2006.45 485.09 2006.10 485.42 1962.94
P1687 0.07 1705.93 322.81 1754.67 322.81 1754.67 368.11 1705.93 368.11
P1687 0.06 286.02 2018.51 245.72 2019.26 244.90 1975.46 285.21 1974.71
P1687 0.04 903.51 1820.60 903.63 1841.65 882.57 1841.77 882.44 1820.73
P1687 0.03 2934.17 -27.00 2942.39 46.78 2832.98 58.97 2824.75 -14.81
P1687 0.03 4213.50 168.71 4213.57 185.94 4192.71 186.03 4192.64 168.80
P0165 0.87 977.76 2610.99 1040.81 2610.99 1040.81 2670.85 977.76 2670.85
P0165 0.86 374.41 701.04 330.45 701.65 329.84 657.42 373.80 656.81
P0165 0.86 975.87 2865.93 1025.67 2865.93 1025.67 2916.64 975.87 2916.64
P0165 0.86 3416.42 2398.44 3416.48 2452.91 3358.49 2452.98 3358.43 2398.51
P0165 0.86 1722.65 2841.57 1723.41 2933.20 1627.18 2934.00 1626.42 2842.37
P0165 0.86 627.61 2592.99 627.12 2656.20 563.20 2655.70 563.69 2592.49
P0165 0.85 251.19 2641.50 187.07 2641.99 186.56 2576.78 250.68 2576.28
P0165 0.84 205.01 2253.83 253.87 2253.83 253.87 2301.02 205.01 2301.02
P0165 0.83 204.62 2359.54 247.97 2359.54 247.97 2404.34 204.62 2404.34
P0165 0.83 1011.34 3045.22 1011.33 3092.45 959.88 3092.44 959.90 3045.21
P0165 0.83 622.86 664.82 623.39 709.90 577.00 710.45 576.47 665.37
P0165 0.82 361.72 970.61 361.74 1011.37 319.43 1011.39 319.42 970.63
P0165 0.8 1722.82 3091.35 1722.07 3155.40 1648.36 3154.55 1649.11 3090.50
P0165 0.76 1648.00 1382.79 1681.37 1382.79 1681.37 1424.31 1648.00 1424.31
P0165 0.75 1856.98 3194.56 1828.20 3195.46 1827.29 3166.46 1856.07 3165.56
P0165 0.72 193.12 1432.50 242.84 1432.50 242.84 1478.70 193.12 1478.70
P0165 0.69 177.36 1932.10 220.70 1932.10 220.70 1972.46 177.36 1972.46
P0165 0.65 2920.48 2485.19 2955.42 2485.19 2955.42 2520.93 2920.48 2520.93
P0165 0.64 1232.95 2902.74 1269.83 2903.41 1269.13 2942.10 1232.25 2941.44
P0165 0.32 1406.17 2747.66 1448.91 2747.66 1448.91 2788.33 1406.17 2788.33
P0165 0.32 567.12 2775.85 609.52 2775.85 609.52 2817.21 567.12 2817.21
P0165 0.13 1809.05 2778.74 1849.39 2778.74 1849.39 2817.78 1809.05 2817.78
P0165 0.1 798.97 2725.14 831.09 2725.14 831.09 2756.33 798.97 2756.33
P0165 0.03 1703.67 2933.89 1693.37 3004.07 1603.12 2990.83 1613.41 2920.65
P2172 0.84 573.72 823.77 527.32 824.03 527.04 775.13 573.44 774.87
P2172 0.81 294.04 89.73 293.27 138.01 241.49 137.18 242.27 88.90
P2172 0.03 358.06 588.98 388.23 588.98 388.23 619.29 358.06 619.29
P2773 0.11 3097.72 700.27 3141.07 700.27 3141.07 740.03 3097.72 740.03
P2773 0.07 3133.71 923.36 3161.27 923.36 3161.27 949.20 3133.71 949.20
P0084 0.85 1609.53 824.00 2175.78 824.00 2175.78 1342.66 1609.53 1342.66
P0084 0.5 332.48 1182.00 561.79 1182.00 561.79 1375.99 332.48 1375.99
P0084 0.1 2248.62 1201.33 2282.10 1678.61 1786.75 1713.36 1753.27 1236.08
P0084 0.03 1547.98 647.57 2163.07 647.57 2163.07 1024.00 1547.98 1024.00
P0084 0.03 1647.75 840.23 1848.00 840.23 1848.00 1296.78 1647.75 1296.78
P0084 0.03 2162.12 866.46 2370.66 866.46 2370.66 1024.00 2162.12 1024.00
P0231 0.25 337.99 1042.33 347.39 1421.28 -44.08 1431.00 -53.48 1052.04
P1644 0.09 1221.77 786.70 1181.34 790.38 1177.45 747.74 1217.89 744.06
P1644 0.03 3797.06 412.48 3847.87 412.48 3847.87 462.80 3797.06 462.80
P1855 0.04 2092.98 458.44 2092.56 577.37 1964.19 576.92 1964.61 457.99
P1855 0.03 1864.34 397.81 2121.15 397.81 2121.15 619.76 1864.34 619.76
P2212 0.03 427.59 400.42 691.39 400.42 691.39 671.39 427.59 671.39
P1722 0.08 1667.81 483.25 1698.18 483.25 1698.18 509.07 1667.81 509.07
P1379 0.56 2547.43 2817.58 2331.45 2832.33 2315.87 2604.10 2531.84 2589.35
P1379 0.17 2303.03 2848.14 2397.60 2848.14 2397.60 2946.55 2303.03 2946.55
P1379 0.08 2472.00 2626.06 2523.65 2626.06 2523.65 2802.75 2472.00 2802.75
P1379 0.06 1088.14 3428.24 1200.02 3428.24 1200.02 3531.71 1088.14 3531.71
P1379 0.04 645.74 3146.69 647.57 3207.86 580.89 3209.86 579.06 3148.69
P2136 0.06 0.00 1157.83 85.29 1157.83 85.29 1269.24 0.00 1269.24
P1723 0.21 3193.14 1828.39 3217.39 1828.39 3217.39 1848.00 3193.14 1848.00
P1723 0.04 3324.62 3214.04 3384.79 3214.04 3384.79 3276.21 3324.62 3276.21
P1723 0.03 3519.78 3743.96 3550.91 3743.96 3550.91 3776.00 3519.78 3776.00
P1721 0.03 3537.64 3497.13 3663.92 3497.13 3663.92 3606.40 3537.64 3606.40
P2277 0.03 623.64 356.38 834.86 660.66 508.46 887.24 297.23 582.95
P2041 0.11 1341.02 2096.88 1374.22 2096.88 1374.22 2130.20 1341.02 2130.20
P0710 0.58 321.02 236.23 401.65 236.23 401.65 315.29 321.02 315.29
P1372 0.25 3823.64 2249.62 3874.96 2249.62 3874.96 2296.08 3823.64 2296.08
P1372 0.03 2380.23 3085.24 2384.42 3166.23 2302.58 3170.47 2298.39 3089.47
P1372 0.03 2116.92 2843.17 2084.78 2846.71 2080.73 2809.89 2112.87 2806.35
P1097 0.04 254.44 2305.02 299.37 2305.02 299.37 2348.11 254.44 2348.11
P2402 0.11 1008.91 851.05 821.50 876.49 793.78 672.26 981.20 646.82
P2402 0.04 692.74 980.43 911.57 980.43 911.57 1222.98 692.74 1222.98
P0097 0.86 857.25 785.01 280.08 804.83 259.02 191.21 836.18 171.39
P1630 0.25 629.19 324.32 630.49 355.10 596.79 356.52 595.49 325.74
P1630 0.04 4009.40 3892.93 4047.64 3892.93 4047.64 3931.72 4009.40 3931.72
P2051 0.62 337.39 412.79 373.11 412.79 373.11 448.14 337.39 448.14
P1690 0.86 3530.12 3944.01 3585.95 3944.01 3585.95 4000.00 3530.12 4000.00
P1690 0.79 3259.08 3486.63 3295.27 3486.63 3295.27 3523.95 3259.08 3523.95
P1690 0.74 3378.03 3458.34 3413.79 3458.34 3413.79 3492.07 3378.03 3492.07
P1690 0.35 545.91 993.06 575.56 993.06 575.56 1024.00 545.91 1024.00
P2795 0.07 2825.52 3510.55 2997.80 3510.55 2997.80 3630.95 2825.52 3630.95
P2694 0.06 186.79 1345.25 210.49 1345.25 210.49 1370.49 186.79 1370.49
P1712 0.67 1394.63 1460.30 1394.65 1494.11 1359.40 1494.12 1359.38 1460.32
P1712 0.6 402.11 1229.24 470.45 1229.24 470.45 1295.07 402.11 1295.07
P1712 0.56 1223.55 368.21 1223.03 411.13 1177.19 410.57 1177.70 367.65
P1712 0.47 730.54 2255.11 813.31 2255.11 813.31 2335.80 730.54 2335.80
P1712 0.11 384.06 1517.96 441.44 1517.96 441.44 1576.86 384.06 1576.86
P1712 0.07 2011.88 989.50 2011.42 1018.88 1978.46 1018.36 1978.92 988.98
P1712 0.05 3140.53 423.68 3140.08 446.07 3112.27 445.51 3112.72 423.12
P1448 0.66 2658.30 2327.29 2844.32 2331.52 2840.06 2518.53 2654.04 2514.30
P1448 0.59 4730.24 1962.48 5003.40 1962.48 5003.40 2294.24 4730.24 2294.24
P1448 0.49 1057.43 3733.79 1055.57 3848.24 920.64 3846.06 922.50 3731.61
P1448 0.49 1617.52 4313.16 1429.86 4346.01 1395.80 4151.45 1583.47 4118.60
P1448 0.25 4788.48 1722.88 4812.78 1883.00 4649.47 1907.78 4625.17 1747.66
P1448 0.25 3658.98 664.51 3738.18 666.30 3736.40 745.52 3657.19 743.73
P1448 0.25 2472.00 2019.47 2763.06 2019.47 2763.06 2354.02 2472.00 2354.02
P1448 0.04 4285.64 471.08 4288.77 550.00 4205.76 553.29 4202.63 474.37
P1448 0.03 4234.87 1433.14 4232.94 1486.55 4176.50 1484.52 4178.43 1431.11
P1448 0.03 851.85 3264.35 918.40 3264.35 918.40 3326.84 851.85 3326.84
P1448 0.03 2909.04 3824.43 2960.56 3825.45 2959.51 3878.89 2907.99 3877.87
P1461 0.27 606.12 1901.51 672.46 1901.51 672.46 1970.58 606.12 1970.58
P1461 0.25 5894.36 4941.06 5895.19 4987.71 5838.24 4988.73 5837.41 4942.07
P1461 0.09 1457.11 2371.48 1457.14 2422.65 1405.34 2422.67 1405.32 2371.50
P2713 0.03 509.43 664.81 453.13 666.35 451.50 606.76 507.80 605.22
P2713 0.03 592.82 791.74 591.70 846.59 534.27 845.42 535.38 790.57
P1503 0.03 2011.41 1610.21 2074.74 1924.24 1746.35 1990.46 1683.03 1676.43
P1667 0.78 561.69 3901.87 562.37 3941.34 520.97 3942.05 520.29 3902.58
P1667 0.58 3158.91 3189.19 3303.10 3189.19 3303.10 3329.70 3158.91 3329.70
P1667 0.5 3901.15 60.94 3921.24 60.94 3921.24 83.32 3901.15 83.32
P1667 0.03 3265.36 3188.90 3288.79 3188.90 3288.79 3213.11 3265.36 3213.11
P1667 0.03 857.36 1806.70 842.05 1809.05 838.73 1787.45 854.04 1785.10
P2684 0.0 1282.78 969.45 1204.73 970.08 1204.09 891.05 1282.15 890.42
P0515 0.11 202.04 97.68 321.45 97.68 321.45 218.14 202.04 218.14
P0515 0.05 86.17 0.00 265.76 0.00 265.76 157.05 86.17 157.05
P2441 0.83 567.14 948.83 566.64 986.99 525.09 986.45 525.59 948.28
P2441 0.81 388.17 850.08 348.63 850.68 347.99 808.73 387.53 808.14
P2441 0.03 426.06 622.95 457.82 623.19 457.51 664.39 425.74 664.14
P1677 0.35 3866.53 2978.96 3959.23 2978.96 3959.23 3073.62 3866.53 3073.62
P1677 0.25 365.56 1264.99 367.78 1300.13 332.08 1302.38 329.86 1267.24
P1677 0.1 830.88 3333.48 867.07 3333.48 867.07 3366.71 830.88 3366.71
P1677 0.09 3800.51 1938.24 3698.77 1944.61 3692.24 1840.21 3793.98 1833.85
P1677 0.06 587.12 1125.47 564.92 1129.78 559.47 1101.68 581.66 1097.37
P1677 0.06 3395.75 1117.56 3458.52 1117.56 3458.52 1183.94 3395.75 1183.94
P1677 0.06 3640.77 824.00 3676.91 824.00 3676.91 853.37 3640.77 853.37
P1677 0.04 2102.78 393.17 2127.19 393.17 2127.19 415.86 2102.78 415.86
P1677 0.03 858.00 3935.08 887.10 3935.08 887.10 3961.46 858.00 3961.46
P2530 0.79 197.88 2115.32 232.27 2115.32 232.27 2150.64 197.88 2150.64
P2530 0.49 980.30 374.70 949.32 374.93 949.08 343.53 980.06 343.30
P2530 0.21 965.45 1871.37 995.38 1871.37 995.38 1899.06 965.45 1899.06
P2530 0.06 1352.79 2257.82 1390.93 2257.82 1390.93 2290.66 1352.79 2290.66
P2530 0.04 1356.93 2273.42 1355.34 2388.92 1233.35 2387.24 1234.94 2271.74
P2530 0.03 1491.22 2288.50 1534.25 2288.50 1534.25 2337.65 1491.22 2337.65
P2530 0.02 103.83 913.52 128.80 913.52 128.80 937.71 103.83 937.71
P2652 0.14 403.21 296.13 402.31 530.24 150.60 529.26 151.50 295.16
P1729 0.49 3103.57 3504.16 3081.58 3505.97 3079.55 3481.24 3101.55 3479.43
P1729 0.14 3076.85 3167.73 3113.32 3167.73 3113.32 3204.17 3076.85 3204.17
P1729 0.07 359.52 3475.56 328.04 3476.19 327.38 3443.65 358.87 3443.02
P1729 0.03 3209.07 2075.38 3241.44 2075.38 3241.44 2109.47 3209.07 2109.47
P1729 0.03 421.54 1563.22 397.34 1564.29 396.10 1536.13 420.30 1535.07
P1729 0.03 3178.38 2639.45 3212.16 2640.13 3211.36 2679.82 3177.57 2679.13
P1729 0.03 290.38 2425.49 290.71 2442.01 261.78 2442.59 261.45 2426.07
P2208 0.64 5035.22 2810.20 4969.82 2813.34 4966.53 2744.99 5031.94 2741.85
P2208 0.03 4684.92 2256.79 4683.33 2294.44 4645.64 2292.85 4647.22 2255.21
P0017 0.05 1888.26 2487.21 1831.03 2488.63 1829.56 2429.41 1886.79 2427.99
P0017 0.05 1831.09 2583.25 1777.15 2583.70 1776.67 2525.97 1830.61 2525.51
P0017 0.04 1989.22 2335.38 1990.55 2386.38 1937.62 2387.76 1936.29 2336.76
P0017 0.03 1808.02 2402.75 1931.45 2402.75 1931.45 2517.14 1808.02 2517.14
P0017 0.03 1916.72 2867.33 1973.54 2867.87 1973.00 2925.46 1916.17 2924.93
P0017 0.03 2110.60 2172.36 2159.92 2172.63 2159.60 2230.26 2110.28 2229.98
P0017 0.03 2132.95 3097.14 2078.95 3097.64 2078.41 3039.00 2132.40 3038.50
P0678 0.44 627.56 1119.05 835.44 1139.17 813.12 1369.77 605.25 1349.65
P2679 0.64 275.07 955.31 187.14 956.04 186.35 860.90 274.28 860.17
P2679 0.04 556.90 566.32 553.49 663.50 453.88 660.01 457.29 562.82
P2679 0.03 1255.98 226.38 1306.48 226.65 1306.19 281.14 1255.68 280.86
P1326 0.03 131.21 1584.53 184.85 1584.53 184.85 1638.64 131.21 1638.64
P2424 0.85 1480.28 1429.00 1481.14 1470.01 1439.61 1470.88 1438.75 1429.87
P2424 0.82 572.77 776.04 571.74 819.49 527.32 818.43 528.36 774.98
P2424 0.05 1020.80 1798.79 1133.88 1798.79 1133.88 1916.40 1020.80 1916.40
P2424 0.04 1085.76 1943.75 1195.94 1943.75 1195.94 2049.60 1085.76 2049.60
P2424 0.03 457.80 782.30 535.97 782.30 535.97 826.50 457.80 826.50
P1536 0.03 3591.90 3347.57 3630.18 3347.57 3630.18 3386.70 3591.90 3386.70
P1385 0.11 740.97 25.90 731.88 234.49 491.54 224.02 500.63 15.43
P0784 0.16 2302.99 908.07 2469.05 908.07 2469.05 1024.00 2302.99 1024.00
P0784 0.06 2325.69 677.81 2405.38 677.81 2405.38 757.54 2325.69 757.54
P0784 0.03 580.69 822.82 646.55 822.82 646.55 887.57 580.69 887.57
P0784 0.03 3206.12 615.42 3276.14 615.42 3276.14 685.61 3206.12 685.61
P0784 0.03 555.42 907.01 695.97 907.01 695.97 1046.18 555.42 1046.18
P0125 0.03 809.51 339.33 1024.00 339.33 1024.00 736.59 809.51 736.59
P1559 0.86 2936.52 1992.39 2936.97 2060.12 2866.46 2060.59 2866.01 1992.86
P1559 0.86 3594.80 1805.77 3642.10 1806.87 3640.97 1855.35 3593.67 1854.25
P1559 0.14 460.33 1722.47 514.35 1722.47 514.35 1779.86 460.33 1779.86
P1559 0.06 2058.99 1658.84 2078.62 1658.84 2078.62 1683.98 2058.99 1683.98
P1612 0.66 3158.02 2669.19 3123.23 2670.94 3121.13 2629.23 3155.93 2627.48
P1612 0.04 3230.81 2584.00 3255.90 2584.00 3255.90 2616.12 3230.81 2616.12
P1612 0.02 3595.42 2141.59 3625.01 2141.59 3625.01 2164.44 3595.42 2164.44
P2398 0.78 343.59 622.21 311.77 622.79 311.16 589.81 342.98 589.22
P2398 0.03 540.84 751.69 460.71 753.84 458.44 669.28 538.58 667.13
P2412 0.85 637.80 1019.83 633.49 1118.00 532.52 1113.56 536.84 1015.39
P2412 0.83 941.72 742.22 868.16 743.98 866.34 667.94 939.90 666.19
P2412 0.8 1074.83 809.17 1072.29 889.68 986.65 886.98 989.19 806.47
P2412 0.8 607.06 685.36 608.24 777.28 511.05 778.53 509.87 686.61
P2412 0.41 815.14 1410.38 816.51 1475.12 746.43 1476.61 745.06 1411.87
P2412 0.04 758.58 1434.00 801.16 1434.00 801.16 1467.51 758.58 1467.51
P1320 0.53 3576.88 3517.62 3602.55 3517.62 3602.55 3542.47 3576.88 3542.47
P1320 0.21 146.64 3868.84 178.35 3868.84 178.35 3899.90 146.64 3899.90
P1320 0.21 3636.31 3658.03 3683.15 3658.03 3683.15 3702.62 3636.31 3702.62
P0077 0.53 340.04 163.72 339.13 392.19 77.17 391.14 78.08 162.67
P0077 0.24 176.22 232.56 247.64 234.23 245.75 315.28 174.33 313.62
P2602 0.1 857.41 1805.78 1163.80 1808.59 1160.80 2135.61 854.41 2132.81
P2602 0.05 919.11 1846.39 1064.84 1846.39 1064.84 2054.28 919.11 2054.28
P2661 0.25 1514.66 892.17 1470.75 894.84 1467.79 846.06 1511.69 843.40
P2451 0.86 1266.38 992.26 1219.96 992.42 1219.79 944.40 1266.21 944.24
P2451 0.83 1074.15 2078.26 1111.06 2078.26 1111.06 2117.00 1074.15 2117.00
P2451 0.71 1519.20 2153.27 1485.70 2153.73 1485.24 2119.60 1518.73 2119.14
P2451 0.06 1492.12 938.57 1521.65 938.57 1521.65 966.70 1492.12 966.70
P2451 0.04 1851.39 1548.83 1856.47 1568.72 1825.90 1576.54 1820.82 1556.65
P1916 0.03 1438.66 1516.95 1436.55 1557.56 1391.76 1555.23 1393.88 1514.62
P2537 0.86 2525.84 230.21 2526.33 267.80 2488.22 268.29 2487.74 230.71
P2537 0.25 1621.87 507.20 1658.95 507.20 1658.95 542.04 1621.87 542.04
P2537 0.07 2245.48 922.46 2347.16 928.95 2340.38 1034.98 2238.71 1028.49
P2537 0.06 1861.44 848.77 1890.29 848.77 1890.29 881.03 1861.44 881.03
P2537 0.04 514.31 1784.91 599.69 1785.18 599.40 1874.61 514.02 1874.33
P2526 0.07 962.13 2152.09 994.37 2152.09 994.37 2185.43 962.13 2185.43
P2526 0.04 1594.79 1678.36 1619.27 1678.36 1619.27 1703.07 1594.79 1703.07
P1755 0.05 2637.61 117.87 2672.00 117.87 2672.00 151.08 2637.61 151.08
P1578 0.05 3919.81 937.55 3853.22 937.65 3853.12 869.97 3919.71 869.87
P1578 0.04 2529.49 3929.01 2533.20 3991.74 2465.92 3995.73 2462.21 3933.00
P1578 0.04 3997.63 652.67 4004.28 722.22 3931.49 729.18 3924.83 659.64
P0135 0.34 1599.02 993.48 1747.18 993.48 1747.18 1128.31 1599.02 1128.31
P2274 0.03 337.67 620.28 421.95 620.28 421.95 730.82 337.67 730.82
P1423 0.56 1439.37 2304.36 1581.72 2316.65 1567.46 2481.84 1425.11 2469.55
P1423 0.34 1483.48 2277.77 1345.56 2288.46 1333.66 2134.94 1471.58 2124.26
P1423 0.32 1451.62 1548.35 1449.14 1641.50 1352.65 1638.93 1355.14 1545.78
P1423 0.17 1511.42 1683.36 1523.68 1840.19 1361.30 1852.88 1349.04 1696.06
P1423 0.11 1699.30 2062.86 1711.77 2241.95 1524.03 2255.02 1511.56 2075.93
P1423 0.09 1307.22 1530.50 1311.74 1661.43 1177.39 1666.07 1172.87 1535.14
P1423 0.07 1769.66 2301.39 1782.97 2445.49 1635.73 2459.09 1622.41 2314.99
P1423 0.06 608.49 800.60 513.06 803.67 509.64 697.57 605.07 694.49
P1423 0.04 403.39 792.17 507.33 792.17 507.33 892.21 403.39 892.21
P2493 0.87 744.94 1812.86 698.35 1813.04 698.16 1765.93 744.75 1765.74
P2493 0.86 1120.48 1625.75 1076.07 1626.01 1075.80 1580.60 1120.21 1580.34
P2425 0.86 1063.00 863.13 1105.42 863.13 1105.42 908.86 1063.00 908.86
P2425 0.71 525.85 639.11 525.65 663.52 501.07 663.33 501.26 638.91
P2425 0.04 506.72 666.52 491.00 667.99 489.13 647.88 504.85 646.42
P2425 0.03 1065.63 850.60 1090.29 850.60 1090.29 869.08 1065.63 869.08
P1447 0.85 1512.39 1752.59 1512.82 1838.84 1421.25 1839.28 1420.83 1753.04
P1447 0.68 1420.84 2006.53 1507.96 2006.53 1507.96 2110.61 1420.84 2110.61
P1447 0.25 1670.36 1074.58 1669.68 1121.96 1619.98 1121.25 1620.66 1073.87
P1447 0.03 1180.14 705.58 777.82 741.74 736.79 285.20 1139.10 249.04
P0072 0.74 208.14 259.54 637.19 264.69 631.49 739.65 202.44 734.50
P0072 0.08 369.30 436.75 451.87 436.75 451.87 518.84 369.30 518.84
P0072 0.03 538.73 583.15 837.06 583.15 837.06 1003.88 538.73 1003.88
P1381 0.85 2959.96 4692.70 3030.71 4693.78 3029.57 4768.22 2958.82 4767.13
P1381 0.85 2484.66 3770.52 2413.89 3770.65 2413.75 3697.47 2484.51 3697.33
P1381 0.82 1858.19 2338.04 1926.54 2338.04 1926.54 2409.83 1858.19 2409.83
P1381 0.76 1304.26 1401.19 1379.69 1401.19 1379.69 1481.27 1304.26 1481.27
P1381 0.65 1314.20 937.81 1382.08 937.81 1382.08 996.30 1314.20 996.30
P1381 0.47 882.37 253.23 943.42 253.23 943.42 320.26 882.37 320.26
P1381 0.44 1619.68 4152.59 1620.48 4208.36 1558.22 4209.25 1557.43 4153.48
P1381 0.25 1390.67 1970.92 1291.34 1971.18 1291.05 1858.00 1390.37 1857.75
P1381 0.03 1099.96 2429.93 1136.25 2429.93 1136.25 2466.14 1099.96 2466.14
P1820 0.14 453.91 1025.39 393.33 1025.63 393.06 959.73 453.64 959.49
P1820 0.05 408.07 918.55 406.25 976.72 345.46 974.82 347.28 916.65
P1820 0.04 1730.23 397.59 1728.98 448.51 1670.55 447.08 1671.80 396.15
P1820 0.03 1748.04 341.57 1746.46 398.28 1688.51 396.67 1690.09 339.95
P2559 0.05 6.03 250.24 37.64 250.24 37.64 283.45 6.03 283.45
P1694 0.86 1024.07 1913.04 1024.07 1992.94 940.78 1992.94 940.78 1913.04
P1694 0.64 1418.37 1952.65 1418.08 1985.16 1384.07 1984.86 1384.36 1952.35
P1694 0.56 2810.15 1586.93 2810.19 1635.84 2755.81 1635.90 2755.77 1586.99
P1694 0.29 78.21 1655.57 122.15 1655.57 122.15 1696.54 78.21 1696.54
P1694 0.13 26.40 1648.00 57.22 1648.00 57.22 1670.96 26.40 1670.96
P1694 0.09 3425.84 2847.49 3430.93 2902.76 3369.51 2908.42 3364.41 2853.15
P1694 0.04 1064.99 700.11 1036.77 700.53 1036.34 671.43 1064.55 671.01
P1694 0.03 3445.67 2419.04 3471.59 2419.04 3471.59 2445.48 3445.67 2445.48
P1694 0.03 1647.78 1466.28 1676.36 1466.28 1676.36 1494.99 1647.78 1494.99
P1694 0.03 1213.05 1858.27 1249.97 1858.27 1249.97 1898.42 1213.05 1898.42
P0854 0.12 729.64 1113.06 828.42 1113.06 828.42 1219.29 729.64 1219.29
P0854 0.04 796.45 1146.62 796.51 1186.62 754.89 1186.68 754.83 1146.69
P2521 0.81 1076.27 1507.40 1076.66 1544.51 1039.22 1544.90 1038.84 1507.79
P2521 0.72 910.57 155.17 944.61 155.17 944.61 190.37 910.57 190.37
P1002 0.39 4617.51 96.27 4803.52 109.69 4787.88 326.54 4601.87 313.12
P1611 0.14 4000.98 3328.61 3956.94 3328.74 3956.81 3282.17 4000.85 3282.04
P1611 0.06 1407.36 3019.65 1430.62 3019.65 1430.62 3040.34 1407.36 3040.34
P2546 0.86 763.93 1857.40 763.40 1896.85 723.63 1896.31 724.16 1856.86
P2546 0.86 586.02 1955.58 587.02 1997.69 544.09 1998.71 543.08 1956.61
P2546 0.44 1076.09 870.01 1075.76 961.45 978.24 961.11 978.56 869.67
P2546 0.29 824.00 846.64 916.98 846.64 916.98 946.59 824.00 946.59
P2546 0.04 736.11 1843.28 758.01 1843.28 758.01 1858.77 736.11 1858.77
P2546 0.03 1746.73 1872.83 1764.32 1872.83 1764.32 1894.96 1746.73 1894.96
P0372 0.27 519.39 122.98 579.69 122.98 579.69 182.06 519.39 182.06
P0372 0.27 287.81 771.38 356.02 771.38 356.02 839.22 287.81 839.22
P0372 0.04 446.45 0.00 640.47 0.00 640.47 287.31 446.45 287.31
P2489 0.78 1128.02 768.88 1090.04 769.10 1089.81 731.10 1127.80 730.88
P2489 0.03 1084.36 1547.26 1112.14 1547.26 1112.14 1579.22 1084.36 1579.22
P2254 0.29 388.31 554.99 484.73 554.99 484.73 665.44 388.31 665.44
P2254 0.17 516.16 821.89 420.80 825.28 416.74 710.97 512.09 707.58
P1568 0.49 1239.89 1171.62 1240.23 1208.87 1198.52 1209.24 1198.18 1172.00
P1568 0.04 2857.13 2627.03 2892.31 2627.06 2892.29 2663.42 2857.11 2663.39
P1568 0.03 308.24 1563.91 450.70 1563.91 450.70 1697.90 308.24 1697.90
P1568 0.03 605.08 3076.96 625.54 3076.96 625.54 3095.96 605.08 3095.96
P1637 0.56 2908.15 121.85 2906.43 174.53 2849.62 172.67 2851.34 119.99
P1637 0.25 2247.50 3457.84 2281.18 3457.84 2281.18 3488.85 2247.50 3488.85
P1637 0.17 3767.87 868.76 3793.41 868.76 3793.41 897.39 3767.87 897.39
P1637 0.03 1744.37 3275.73 1848.00 3275.73 1848.00 3397.59 1744.37 3397.59
P1637 0.03 1642.39 3250.85 1673.34 3252.79 1670.87 3292.20 1639.92 3290.26
P1516 0.12 759.96 3317.31 799.46 3317.31 799.46 3361.45 759.96 3361.45
P1516 0.03 284.28 1134.37 307.09 1134.51 306.92 1160.90 284.11 1160.76
P1083 0.03 510.31 2108.40 613.04 2108.40 613.04 2216.27 510.31 2216.27
P2329 0.25 1787.05 312.45 1813.45 312.45 1813.45 338.88 1787.05 338.88
P0177 0.58 1361.88 5074.26 1424.15 5074.26 1424.15 5146.75 1361.88 5146.75
P0177 0.04 960.49 5118.93 908.50 5119.21 908.18 5059.73 960.17 5059.45
P0177 0.03 1643.16 1646.64 1602.40 1647.56 1601.29 1598.10 1642.06 1597.19
P2445 0.86 800.52 840.08 836.39 840.53 835.93 877.04 800.06 876.59
P2445 0.08 627.01 1094.63 671.10 1094.63 671.10 1139.71 627.01 1139.71
P2445 0.03 629.69 1152.97 651.01 1152.97 651.01 1181.20 629.69 1181.20
P1544 0.1 3242.55 3877.75 3242.24 3911.29 3204.51 3910.94 3204.82 3877.39
P1544 0.03 3103.37 3849.60 3130.27 3850.46 3129.38 3878.30 3102.49 3877.45
P2763 0.53 4705.34 87.43 4703.09 227.20 4562.59 224.93 4564.84 85.17
P2763 0.44 6010.77 4004.99 6009.63 4103.18 5908.62 4102.01 5909.76 4003.82
P2763 0.36 3007.75 1667.57 3005.60 1805.53 2863.79 1803.32 2865.94 1665.35
P2763 0.34 3170.67 1666.24 3171.26 1811.95 3022.99 1812.55 3022.41 1666.84
P2763 0.25 3697.34 4226.08 3697.81 4310.33 3604.91 4310.85 3604.44 4226.60
P2763 0.19 3035.00 563.37 3041.62 741.28 2854.18 748.26 2847.55 570.36
P2763 0.19 4544.45 445.56 4545.65 517.49 4461.45 518.89 4460.26 446.96
P2763 0.19 3207.11 942.12 3078.90 943.23 3077.79 814.46 3206.00 813.36
P2763 0.17 5515.40 1599.75 5425.35 1601.30 5423.76 1509.08 5513.81 1507.53
P2763 0.11 3015.23 811.30 3017.60 939.08 2879.85 941.63 2877.48 813.85
P2763 0.1 361.53 2258.09 363.59 2394.49 218.30 2396.69 216.23 2260.29
P2763 0.1 3016.42 1015.48 3016.72 1152.68 2873.04 1152.98 2872.75 1015.79
P2763 0.09 3013.20 170.10 3015.02 297.57 2881.63 299.48 2879.80 172.01
P2763 0.09 1801.99 2002.10 1724.91 2002.65 1724.36 1925.30 1801.44 1924.76
P2763 0.09 3035.69 354.07 3036.25 535.79 2853.00 536.35 2852.44 354.63
P2763 0.07 3573.19 2223.23 3573.25 2407.13 3373.60 2407.20 3373.54 2223.30
P2763 0.07 5260.40 70.97 5338.76 71.17 5338.53 161.16 5260.17 160.96
P2763 0.06 3542.98 4279.32 3590.86 4279.32 3590.86 4320.00 3542.98 4320.00
P2763 0.05 3207.30 384.58 3209.16 515.55 3075.86 517.45 3074.00 386.48
P2763 0.05 4417.16 1890.96 4527.81 1894.05 4524.69 2005.84 4414.04 2002.75
P2763 0.05 5125.70 189.92 5126.55 270.19 5040.50 271.10 5039.65 190.83
P2763 0.05 3703.47 4122.92 3703.25 4209.27 3606.21 4209.02 3606.43 4122.67
P2763 0.04 3223.62 153.60 3224.79 313.71 3048.53 314.99 3047.37 154.88
P2763 0.04 4262.92 1441.62 4260.24 1558.17 4129.58 1555.17 4132.25 1438.62
P2763 0.04 1793.41 2979.31 1721.36 2980.70 1719.91 2905.88 1791.96 2904.49
P2763 0.04 3074.33 1020.25 3206.10 1020.40 3205.95 1154.20 3074.18 1154.04
P2763 0.04 154.46 4124.13 174.80 4124.70 174.21 4146.00 153.87 4145.44
P2763 0.04 3208.01 727.43 3076.58 729.44 3074.52 594.98 3205.94 592.96
P2763 0.04 6023.73 4003.27 6114.41 4007.18 6110.09 4107.43 6019.40 4103.52
P2763 0.03 4223.13 1894.11 4320.76 1894.98 4319.87 1995.37 4222.24 1994.51
P2763 0.03 4090.93 1897.72 4091.87 1997.15 3987.27 1998.14 3986.33 1898.71
P2763 0.03 3006.76 2330.89 3005.62 2416.03 2910.71 2414.75 2911.86 2329.61
P2763 0.03 3197.50 2334.74 3196.46 2420.50 3103.26 2419.37 3104.30 2333.60
P2763 0.03 329.74 2157.33 465.70 2160.62 462.16 2307.00 326.20 2303.71
P2763 0.03 1525.04 2800.39 1451.76 2800.56 1451.60 2727.13 1524.87 2726.96
P2763 0.03 5839.06 1645.02 5838.71 1681.90 5801.43 1681.55 5801.77 1644.68
P2763 0.03 1792.32 2726.62 1792.14 2799.67 1717.98 2799.50 1718.15 2726.45
P2763 0.03 1790.74 2616.73 1789.98 2692.05 1712.19 2691.26 1712.95 2615.94
P2763 0.03 4135.77 1569.15 4259.03 1571.97 4256.07 1701.31 4132.81 1698.49
P2763 0.03 3905.65 1432.22 3903.66 1525.17 3807.92 1523.12 3809.91 1430.17
P2763 0.03 5342.72 191.30 5340.54 269.34 5261.27 267.13 5263.45 189.09
P2763 0.03 4167.54 607.34 4237.20 609.14 4235.22 685.86 4165.55 684.05
P2524 0.76 365.84 506.56 395.32 506.56 395.32 540.27 365.84 540.27
P2524 0.47 869.53 558.25 901.05 558.25 901.05 588.25 869.53 588.25
P1042 0.03 477.08 1294.80 500.24 1294.80 500.24 1320.30 477.08 1320.30
P2487 0.86 755.24 1214.14 713.17 1214.47 712.84 1171.96 754.91 1171.63
P2487 0.86 900.98 1080.05 942.85 1080.53 942.35 1123.70 900.49 1123.22
P2487 0.76 434.11 474.71 474.62 474.71 474.62 517.37 434.11 517.37
P2487 0.17 1062.03 1722.37 1095.59 1722.37 1095.59 1757.67 1062.03 1757.67
P0069 0.74 618.73 455.20 611.54 791.61 231.47 783.48 238.67 447.07
P1048 0.04 1668.08 599.99 1700.29 600.30 1699.94 635.80 1667.74 635.49
P1549 0.03 1772.19 2670.38 1799.33 2691.63 1775.70 2721.81 1748.56 2700.56
P0307 0.44 623.57 1493.72 697.47 1495.43 695.63 1574.79 621.74 1573.07
P2484 0.87 1171.62 1220.74 1122.70 1220.75 1122.70 1170.50 1171.62 1170.50
P2484 0.86 843.59 1000.08 843.89 1043.70 800.17 1044.01 799.86 1000.38
P0051 0.02 1833.56 3892.31 2119.41 3892.31 2119.41 4129.48 1833.56 4129.48
P1271 0.56 3446.92 1343.22 3446.75 1364.51 3425.38 1364.35 3425.54 1343.05
P1271 0.08 2619.60 1769.31 2672.00 1769.31 2672.00 1824.73 2619.60 1824.73
P1271 0.06 353.50 463.49 373.88 463.49 373.88 483.91 353.50 483.91
P2737 0.03 2495.29 2557.28 2518.85 2557.28 2518.85 2583.06 2495.29 2583.06
P1716 0.85 3894.22 1572.36 3853.49 1572.56 3853.28 1530.75 3894.01 1530.54
P1716 0.79 3228.88 457.46 3227.86 556.01 3123.76 554.93 3124.78 456.38
P1716 0.78 3612.80 192.23 3703.03 194.57 3700.48 292.64 3610.25 290.29
P1716 0.7 3364.40 1058.85 3301.80 1060.06 3300.52 993.64 3363.11 992.44
P1716 0.69 3458.34 1264.33 3516.82 1264.33 3516.82 1320.55 3458.34 1320.55
P1716 0.34 4211.21 2935.66 4213.40 2970.06 4167.17 2973.00 4164.98 2938.60
P1716 0.34 3280.84 1556.12 3253.46 1556.55 3252.99 1526.42 3280.37 1525.99
P1716 0.25 1427.08 1503.74 1452.39 1503.74 1452.39 1528.00 1427.08 1528.00
P1716 0.03 988.55 3967.50 986.89 4007.61 944.46 4005.85 946.13 3965.74
P1716 0.03 3361.76 538.61 3390.42 538.61 3390.42 565.45 3361.76 565.45
P0106 0.66 842.58 479.21 835.34 834.06 459.87 826.40 467.11 471.54
P0106 0.64 720.79 742.50 561.77 748.65 555.03 574.46 714.04 568.30
P1624 0.08 1455.04 328.43 1476.26 328.43 1476.26 351.81 1455.04 351.81
P1334 0.06 136.65 2472.00 160.14 2472.00 160.14 2493.46 136.65 2493.46
P1496 0.05 39.87 1698.14 107.90 1698.14 107.90 1772.34 39.87 1772.34
P1496 0.04 1559.50 1326.06 1269.78 1465.56 1099.25 1111.40 1388.98 971.90
P2161 0.06 457.18 1030.77 696.98 1030.77 696.98 1251.57 457.18 1251.57
P1553 0.07 2516.99 3354.26 2490.95 3358.41 2485.88 3326.59 2511.92 3322.44
P1553 0.06 2474.32 3266.38 2473.36 3482.82 2228.91 3481.74 2229.86 3265.31
P1378 0.27 569.52 4280.23 606.88 4280.23 606.88 4318.08 569.52 4318.08
P1378 0.17 1612.49 4404.31 1642.59 4405.00 1641.86 4437.20 1611.76 4436.51
P1378 0.17 1007.72 3707.31 1078.50 3707.31 1078.50 3781.48 1007.72 3781.48
P1378 0.14 4912.32 4062.52 5318.70 4062.52 5318.70 4320.00 4912.32 4320.00
P1378 0.1 1475.72 4302.40 1510.01 4302.40 1510.01 4334.32 1475.72 4334.32
P1378 0.1 1033.93 3617.28 1106.25 3617.28 1106.25 3690.54 1033.93 3690.54
P1378 0.09 3853.17 3698.75 3929.53 3700.32 3927.70 3788.46 3851.34 3786.88
P1378 0.08 1419.91 3631.03 1482.99 3631.03 1482.99 3697.82 1419.91 3697.82
P1378 0.08 182.57 1335.57 220.75 1335.57 220.75 1374.71 182.57 1374.71
P1378 0.04 4430.23 3625.43 4729.34 3625.43 4729.34 3943.41 4430.23 3943.41
P1378 0.04 4028.47 3450.04 4165.95 3450.63 4165.35 3592.00 4027.86 3591.41
P1378 0.04 3678.52 4051.97 3680.03 4104.26 3621.01 4105.96 3619.50 4053.67
P1378 0.03 498.81 3395.75 608.86 3395.75 608.86 3483.15 498.81 3483.15
P1378 0.03 4709.14 3929.59 4761.87 3929.59 4761.87 3977.81 4709.14 3977.81
P1378 0.03 2491.66 3296.00 2739.08 3296.00 2739.08 3530.03 2491.66 3530.03
P1378 0.03 3634.62 4192.47 3581.72 4193.13 3581.04 4138.13 3633.94 4137.47
P1378 0.03 1454.55 4099.92 1012.19 4146.76 959.28 3647.18 1401.64 3600.33
P1129 0.05 1805.83 824.00 2348.14 824.00 2348.14 1327.26 1805.83 1327.26
P1129 0.04 1513.88 2914.68 1798.36 2914.68 1798.36 3230.63 1513.88 3230.63
P1993 0.04 1051.44 1362.34 1112.46 1362.34 1112.46 1416.00 1051.44 1416.00
P1857 0.25 29.52 3202.16 83.95 3202.16 83.95 3263.15 29.52 3263.15
P2699 0.06 212.44 1725.82 255.58 1725.82 255.58 1762.04 212.44 1762.04
P2699 0.04 486.26 2004.34 517.53 2004.34 517.53 2033.33 486.26 2033.33
P1112 0.32 9154.35 3579.52 9152.35 3878.24 8816.55 3875.99 8818.55 3577.28
P1112 0.16 5897.34 924.84 6069.66 924.84 6069.66 1024.00 5897.34 1024.00
P1112 0.03 6069.97 831.64 6002.00 835.57 5997.45 757.03 6065.42 753.10
P1415 0.03 73.74 3130.78 282.92 3130.78 282.92 3327.62 73.74 3327.62
P1654 0.14 149.79 3551.44 149.66 3576.25 123.89 3576.11 124.03 3551.30
P1654 0.05 898.09 1395.21 868.39 1395.86 867.68 1363.49 897.38 1362.84
P1654 0.05 2161.64 3903.89 2160.57 3938.54 2122.87 3937.38 2123.94 3902.73
P1654 0.04 623.13 1710.83 646.51 1711.00 646.33 1737.17 622.95 1737.00
P1654 0.03 31.91 3317.90 58.89 3317.90 58.89 3342.98 31.91 3342.98
P0682 0.68 1351.84 420.71 1300.79 420.94 1300.55 368.66 1351.60 368.42
P1655 0.72 672.96 4855.73 715.55 4855.73 715.55 4899.03 672.96 4899.03
P1655 0.71 143.63 2472.00 196.57 2472.00 196.57 2518.43 143.63 2518.43
P1655 0.27 161.49 4070.40 203.86 4070.40 203.86 4109.15 161.49 4109.15
P1655 0.19 285.52 1671.12 284.82 1701.42 252.60 1700.66 253.31 1670.37
P1655 0.08 3959.11 933.70 4000.00 933.70 4000.00 978.14 3959.11 978.14
P1655 0.06 1391.58 4750.75 1394.58 4794.37 1333.70 4798.55 1330.70 4754.94
P1655 0.06 824.00 4318.43 841.06 4318.43 841.06 4336.83 824.00 4336.83
P1655 0.04 1339.83 2472.00 1404.20 2472.00 1404.20 2523.83 1339.83 2523.83
P1655 0.03 1238.53 1045.71 1303.94 1045.71 1303.94 1108.43 1238.53 1108.43
P1655 0.03 3222.08 4510.38 3252.03 4510.38 3252.03 4533.78 3222.08 4533.78
P1175 0.25 2172.75 2955.44 2202.54 2956.00 2201.94 2988.27 2172.14 2987.71
P1175 0.11 2140.16 3193.05 2169.54 3193.05 2169.54 3225.15 2140.16 3225.15
P1175 0.11 2049.98 3560.29 2088.10 3560.67 2087.71 3599.15 2049.59 3598.76
P1175 0.04 369.84 4370.74 370.94 4431.07 308.92 4432.20 307.82 4371.88
P2799 0.03 230.36 2092.43 505.05 2092.43 505.05 2353.09 230.36 2353.09
P2648 0.34 645.74 419.40 707.02 419.47 706.95 487.05 645.67 486.98
P1290 0.07 1252.77 1193.15 1280.40 1193.15 1280.40 1219.08 1252.77 1219.08
P1290 0.04 2004.37 2642.89 2035.67 2642.89 2035.67 2672.09 2004.37 2672.09
P0473 0.11 122.37 745.76 123.68 820.64 33.64 822.21 32.33 747.33
P1590 0.87 1818.82 1161.26 1891.17 1161.36 1891.08 1234.96 1818.72 1234.86
P1590 0.87 3361.38 3772.31 3360.89 3813.11 3317.83 3812.58 3318.33 3771.78
P1590 0.86 615.99 2000.22 616.37 2036.27 578.51 2036.68 578.12 2000.62
P1590 0.86 1661.62 3174.87 1609.70 3175.35 1609.18 3118.54 1661.09 3118.06
P1590 0.86 378.99 2001.57 418.48 2001.93 418.11 2042.32 378.62 2041.96
P1590 0.86 688.96 3700.15 688.87 3732.96 655.40 3732.87 655.50 3700.06
P1590 0.85 762.85 2685.07 763.53 2713.93 732.78 2714.66 732.09 2685.80
P1590 0.83 1183.83 1964.32 1148.06 1964.96 1147.35 1924.90 1183.11 1924.26
P1590 0.83 3472.81 3482.72 3504.92 3482.77 3504.87 3516.29 3472.76 3516.24
P1590 0.82 2330.35 1728.11 2330.32 1756.43 2300.78 1756.40 2300.81 1728.08
P1590 0.78 442.73 1374.69 468.65 1374.80 468.54 1401.55 442.62 1401.44
P1590 0.75 2762.46 3474.62 2764.61 3504.39 2732.29 3506.72 2730.14 3476.95
P1590 0.74 22.72 1021.46 48.17 1021.97 47.62 1049.04 22.17 1048.53
P1590 0.67 2731.47 1977.36 2731.99 2000.54 2708.17 2001.08 2707.65 1977.89
P1590 0.64 2287.90 2095.42 2262.42 2098.30 2259.17 2069.49 2284.65 2066.61
P1590 0.58 984.64 2277.24 1025.29 2277.29 1025.24 2320.70 984.58 2320.64
P1590 0.57 1919.25 3047.74 1941.78 3047.96 1941.56 3071.45 1919.03 3071.24
P1590 0.56 1679.00 466.77 1640.80 467.21 1640.35 428.89 1678.56 428.45
P1590 0.49 1879.96 2099.24 1839.75 2100.32 1838.60 2057.87 1878.82 2056.79
P1590 0.41 1123.19 1086.21 1146.27 1094.71 1130.90 1136.47 1107.81 1127.98
P1590 0.39 1671.42 2029.43 1730.76 2055.47 1673.84 2185.16 1614.50 2159.11
P1590 0.34 846.71 1295.99 846.65 1321.97 820.58 1321.92 820.64 1295.94
P1590 0.25 2652.44 749.64 2653.63 786.63 2615.48 787.85 2614.29 750.87
P1590 0.25 680.88 2005.26 711.70 2005.26 711.70 2032.07 680.88 2032.07
P1590 0.2 3210.81 2075.71 3243.12 2075.71 3243.12 2110.96 3210.81 2110.96
P1590 0.17 1649.82 3161.32 1679.29 3161.32 1679.29 3182.44 1649.82 3182.44
P1590 0.15 1064.25 217.70 1118.30 217.70 1118.30 257.95 1064.25 257.95
P1590 0.14 1579.83 3161.65 1625.10 3161.65 1625.10 3200.57 1579.83 3200.57
P1590 0.13 2195.12 1773.26 2235.67 1773.26 2235.67 1798.84 2195.12 1798.84
P1590 0.09 484.81 1383.56 462.69 1384.54 461.67 1361.57 483.79 1360.59
P1590 0.08 657.98 510.47 681.46 510.47 681.46 537.82 657.98 537.82
P1590 0.06 2213.80 763.39 2184.52 764.60 2182.97 727.23 2212.25 726.02
P1590 0.05 530.63 815.67 568.30 815.67 568.30 875.21 530.63 875.21
P1590 0.05 1455.51 2808.74 1526.14 2808.74 1526.14 2882.13 1455.51 2882.13
P1590 0.04 1785.62 824.00 1821.45 824.00 1821.45 835.48 1785.62 835.48
P1590 0.04 3893.98 3372.08 3921.72 3373.05 3920.67 3403.04 3892.94 3402.08
P1590 0.03 1891.13 1648.00 2000.88 1648.00 2000.88 1755.25 1891.13 1755.25
P1590 0.03 2684.30 1931.08 2730.54 1931.08 2730.54 1976.09 2684.30 1976.09
P1590 0.03 2226.03 2883.23 2247.30 2883.23 2247.30 2908.87 2226.03 2908.87
P1590 0.03 3450.94 3302.04 3453.59 3323.45 3430.60 3326.30 3427.94 3304.89
P1590 0.03 3344.32 0.64 3344.37 21.94 3322.67 22.00 3322.61 0.69
P1331 0.01 2659.36 2081.78 2703.02 2081.78 2703.02 2127.35 2659.36 2127.35
P2760 0.03 2139.60 3324.40 2117.87 3324.49 2117.77 3300.28 2139.51 3300.19
P2667 0.09 3726.83 329.06 3975.23 343.72 3960.27 597.27 3711.87 582.61
P1203 0.03 214.88 172.12 235.89 172.12 235.89 195.25 214.88 195.25
P0132 0.2 2699.30 361.83 3086.33 361.83 3086.33 790.33 2699.30 790.33
P0132 0.11 2628.44 1235.54 3079.37 1235.54 3079.37 1691.72 2628.44 1691.72
P1603 0.86 2614.72 595.91 2615.08 636.79 2573.04 637.16 2572.68 596.28
P1603 0.68 479.60 1685.64 437.49 1686.35 436.76 1642.71 478.86 1642.00
P1603 0.17 3071.97 2343.00 3037.09 2343.48 3036.58 2306.19 3071.45 2305.71
P1603 0.1 660.04 1917.00 691.58 1917.00 691.58 1947.24 660.04 1947.24
P1603 0.06 1531.83 856.90 1759.03 856.90 1759.03 1112.18 1531.83 1112.18
P1603 0.03 1369.16 912.33 1443.02 912.33 1443.02 978.31 1369.16 978.31
P1603 0.03 880.35 1958.32 912.33 1958.32 912.33 1993.73 880.35 1993.73
P2360 0.05 637.14 323.12 724.85 324.44 723.43 419.14 635.71 417.82
P1695 0.64 228.91 1940.77 228.81 1975.01 194.45 1974.91 194.54 1940.67
P1695 0.06 1437.93 2553.20 1646.38 2553.20 1646.38 2764.40 1437.93 2764.40
P1695 0.03 513.41 2941.21 542.95 2941.21 542.95 2970.70 513.41 2970.70
P1543 0.05 2586.57 3000.34 2585.80 3021.94 2562.41 3021.11 2563.18 2999.51
P2431 0.16 1225.25 1853.19 1140.37 1866.96 1122.47 1756.62 1207.35 1742.86
P2431 0.08 1239.19 1414.12 1269.97 1414.12 1269.97 1434.72 1239.19 1434.72
P2431 0.06 1212.59 340.89 1247.87 340.89 1247.87 375.43 1212.59 375.43
P2431 0.02 1354.61 374.32 1373.98 374.32 1373.98 391.55 1354.61 391.55
P1731 0.66 635.10 2253.46 612.13 2253.50 612.08 2227.58 635.05 2227.53
P1731 0.09 1582.25 955.45 1535.13 958.18 1532.12 906.27 1579.24 903.54
P1731 0.05 720.60 487.01 754.70 487.01 754.70 526.31 720.60 526.31
P2688 0.04 1289.29 654.47 1313.84 654.47 1313.84 679.47 1289.29 679.47
P1169 0.86 2463.66 257.92 2419.13 258.13 2418.90 211.45 2463.43 211.24
P1169 0.64 1996.64 296.74 1996.57 341.51 1949.85 341.44 1949.91 296.67
P1169 0.47 2121.83 322.46 2178.87 322.46 2178.87 379.99 2121.83 379.99
P1169 0.1 2216.19 728.80 2238.33 728.80 2238.33 755.33 2216.19 755.33
P0105 0.74 545.53 116.65 543.41 499.48 123.86 497.16 125.98 114.33
P2499 0.86 1295.76 837.38 1255.49 837.76 1255.11 797.26 1295.38 796.88
P2499 0.1 1218.62 1345.31 1485.43 1345.31 1485.43 1599.20 1218.62 1599.20
P2499 0.09 1366.24 1580.76 1531.15 1585.55 1526.21 1755.67 1361.30 1750.89
P2499 0.06 1924.68 1161.05 1960.48 1161.41 1960.07 1202.42 1924.27 1202.06
P2499 0.06 1259.46 824.00 1291.67 824.00 1291.67 837.25 1259.46 837.25
P2499 0.03 1350.83 968.36 1387.86 968.36 1387.86 994.68 1350.83 994.68
P1229 0.08 3308.46 3307.01 3336.72 3307.01 3336.72 3332.86 3308.46 3332.86
P1229 0.03 3472.19 998.30 3479.12 1083.70 3412.63 1091.97 3405.75 1020.31
P1229 0.03 2510.87 2747.34 2551.49 2747.34 2551.49 2787.03 2510.87 2787.03
P1229 0.03 2950.72 2421.28 2969.85 2421.28 2969.85 2438.97 2950.72 2438.97
P1835 0.02 1452.30 761.78 1526.07 761.78 1526.07 856.26 1452.30 856.26
P0427 0.17 1222.77 225.69 1223.64 277.35 1168.34 278.28 1167.48 226.61
P1873 0.04 1734.02 3882.03 1800.72 3882.03 1800.72 3945.56 1734.02 3945.56
P1873 0.03 1228.16 3445.75 1268.15 3446.03 1267.85 3489.64 1227.85 3489.36
P1873 0.02 1340.56 642.23 1398.82 642.23 1398.82 726.05 1340.56 726.05
P1282 0.25 380.45 2668.57 402.75 2668.57 402.75 2689.20 380.45 2689.20
P1282 0.1 378.19 1848.96 458.83 1848.96 458.83 1923.89 378.19 1923.89
P1282 0.06 990.31 1548.73 1016.14 1548.73 1016.14 1571.06 990.31 1571.06
P1282 0.03 275.60 2391.91 316.18 2391.91 316.18 2429.89 275.60 2429.89
P1767 0.68 1946.31 3019.44 2062.14 3019.44 2062.14 3132.01 1946.31 3132.01
P1767 0.53 2706.20 3621.40 2775.87 3625.39 2771.61 3699.62 2701.95 3695.63
P1767 0.47 1991.50 3127.27 2017.31 3127.27 2017.31 3159.46 1991.50 3159.46
P1767 0.17 2567.85 3120.72 2568.00 3149.64 2537.91 3149.79 2537.77 3120.87
P1767 0.13 1987.62 2995.61 2007.87 2995.61 2007.87 3017.66 1987.62 3017.66
P1767 0.04 2080.44 3062.60 2104.29 3062.60 2104.29 3082.24 2080.44 3082.24
P0102 0.86 599.43 430.49 629.81 875.47 167.80 907.01 137.42 462.03
P1527 0.32 3419.91 1668.82 3458.24 1668.82 3458.24 1707.86 3419.91 1707.86
P1527 0.03 3945.39 1365.84 3974.02 1366.28 3973.54 1398.00 3944.90 1397.56
P1527 0.03 979.30 2865.75 979.78 2884.07 960.62 2884.57 960.15 2866.25
P1769 0.86 2946.35 2897.61 2947.24 2956.87 2882.91 2957.83 2882.02 2898.56
P1769 0.58 3516.48 2705.40 3636.20 2705.40 3636.20 2807.89 3516.48 2807.89
P1769 0.16 3817.38 4513.04 3878.89 4513.04 3878.89 4566.73 3817.38 4566.73
P1769 0.08 2212.31 4083.43 2245.97 4083.43 2245.97 4115.73 2212.31 4115.73
P1769 0.04 2024.93 1655.54 2054.32 1655.54 2054.32 1681.69 2024.93 1681.69
P1769 0.03 2478.76 1648.00 2507.42 1648.00 2507.42 1665.00 2478.76 1665.00
P1769 0.03 3207.12 1412.09 3272.27 1412.09 3272.27 1467.58 3207.12 1467.58
P1769 0.03 1947.44 3294.36 1947.55 3317.82 1923.98 3317.93 1923.87 3294.47
P2202 0.08 1237.88 940.76 1162.36 942.66 1160.35 862.72 1235.87 860.82
P2447 0.85 1512.40 2023.13 1556.24 2023.54 1555.83 2067.54 1511.99 2067.13
P2447 0.83 53.07 1251.97 53.38 1284.62 19.53 1284.94 19.22 1252.29
P2447 0.05 937.52 1487.77 1024.00 1487.77 1024.00 1590.91 937.52 1590.91
P0043 0.64 877.17 1234.62 1254.24 1241.75 1246.89 1630.85 869.82 1623.73
P0043 0.04 1648.41 1891.31 2087.99 1891.31 2087.99 2537.44 1648.41 2537.44
P0043 0.04 468.45 1417.02 1024.00 1417.02 1024.00 1848.00 468.45 1848.00
P0043 0.04 1726.51 2912.56 2355.68 2912.56 2355.68 3447.95 1726.51 3447.95
P1404 0.56 2122.25 2297.66 2198.21 2298.55 2197.29 2377.84 2121.33 2376.96
P1593 0.86 2968.43 2440.86 2968.79 2483.73 2922.88 2484.11 2922.53 2441.24
P1593 0.8 434.74 1039.17 434.94 1065.68 407.40 1065.89 407.20 1039.38
P1593 0.78 1464.67 1998.49 1425.96 2036.76 1360.48 1970.53 1399.20 1932.26
P1593 0.66 1901.10 2927.08 1901.41 2959.11 1864.79 2959.47 1864.47 2927.44
P1593 0.59 2499.23 2439.48 2569.12 2439.48 2569.12 2489.94 2499.23 2489.94
P1593 0.58 2031.09 2342.56 2031.18 2364.93 2007.88 2365.02 2007.79 2342.65
P1593 0.47 616.47 1239.66 656.80 1239.66 656.80 1282.77 616.47 1282.77
P1593 0.47 2521.45 2692.95 2540.99 2692.95 2540.99 2718.25 2521.45 2718.25
P1593 0.35 1667.17 2442.77 1688.79 2442.77 1688.79 2463.81 1667.17 2463.81
P1593 0.19 922.04 193.88 892.99 194.87 891.96 164.53 921.01 163.54
P1593 0.14 793.70 31.43 794.01 54.96 770.16 55.27 769.86 31.74
P1593 0.12 1151.74 3333.88 1175.58 3333.88 1175.58 3363.32 1151.74 3363.32
P1593 0.1 1471.41 2037.93 1449.05 2038.03 1448.88 2000.37 1471.24 2000.27
P1593 0.08 1137.77 3238.82 1164.57 3238.82 1164.57 3271.15 1137.77 3271.15
P1593 0.07 1016.53 52.08 1018.45 76.93 981.83 79.76 979.91 54.90
P1593 0.06 2449.41 3260.05 2491.70 3260.05 2491.70 3303.65 2449.41 3303.65
P1593 0.04 1560.50 398.35 1589.56 398.35 1589.56 426.06 1560.50 426.06
P1593 0.03 2923.12 2472.00 2963.37 2472.00 2963.37 2483.88 2923.12 2483.88
P1593 0.03 497.33 785.68 523.97 785.87 523.70 822.90 497.07 822.71
P1593 0.03 1872.12 2673.17 1892.14 2673.62 1891.58 2698.46 1871.56 2698.01
P1183 0.06 2782.85 3188.95 3070.35 3188.95 3070.35 3514.92 2782.85 3514.92
P0073 0.5 385.14 508.03 459.23 508.03 459.23 585.00 385.14 585.00
P0073 0.25 293.45 416.84 548.86 427.10 538.54 683.90 283.13 673.64
P1760 0.86 2246.30 2465.85 2296.98 2465.93 2296.89 2518.49 2246.21 2518.41
P1760 0.85 2168.18 3354.90 2168.63 3395.48 2127.41 3395.94 2126.96 3355.35
P1760 0.8 980.87 1437.34 981.10 1468.64 949.60 1468.88 949.37 1437.57
P1760 0.8 2424.41 2383.28 2361.33 2383.33 2361.27 2316.36 2424.35 2316.30
P1760 0.8 1625.38 1838.06 1625.84 1891.00 1571.88 1891.48 1571.42 1838.53
P1760 0.78 830.34 1486.56 797.75 1486.93 797.37 1453.79 829.96 1453.42
P1760 0.75 1295.18 3871.73 1323.10 3871.77 1323.06 3901.57 1295.14 3901.53
P1760 0.7 1513.16 1992.10 1457.99 1992.82 1457.25 1937.01 1512.42 1936.28
P1760 0.66 2028.50 3243.13 2028.76 3273.72 1997.55 3273.99 1997.29 3243.40
P1760 0.44 522.58 3853.00 522.79 3876.05 498.71 3876.27 498.49 3853.22
P1760 0.36 990.72 3059.02 1015.87 3059.16 1015.70 3088.75 990.55 3088.60
P1760 0.32 1014.21 3787.47 1037.82 3787.47 1037.82 3813.24 1014.21 3813.24
P1760 0.09 812.49 1373.61 773.24 1374.49 772.31 1332.61 811.55 1331.74
P1760 0.03 1980.66 3245.47 2002.15 3246.44 2001.01 3271.42 1979.52 3270.44
P1760 0.03 1625.32 140.58 1659.15 140.99 1658.60 186.39 1624.77 185.98
P2525 0.83 2098.86 356.65 2134.69 357.09 2134.23 394.67 2098.40 394.23
P2525 0.47 2518.74 1045.22 2548.95 1045.22 2548.95 1076.00 2518.74 1076.00
P2525 0.19 2483.85 1035.54 2518.84 1037.96 2516.37 1073.61 2481.38 1071.19
P2525 0.1 831.41 875.36 859.64 875.36 859.64 904.06 831.41 904.06
P2525 0.03 2484.09 1338.80 2504.91 1338.80 2504.91 1360.17 2484.09 1360.17
P1363 0.86 898.49 660.44 899.09 752.21 802.83 752.84 802.23 661.07
P1363 0.86 4054.42 2485.88 4053.01 2547.35 3989.22 2545.88 3990.64 2484.41
P1363 0.83 3076.08 2637.36 3136.40 2637.36 3136.40 2693.37 3076.08 2693.37
P1363 0.82 2589.12 2414.46 2589.34 2477.13 2519.44 2477.37 2519.22 2414.70
P1363 0.79 4262.44 2298.12 4262.84 2355.74 4199.67 2356.19 4199.26 2298.57
P1363 0.79 1753.14 146.18 1797.72 146.18 1797.72 190.89 1753.14 190.89
P1363 0.71 2541.41 1616.35 2578.02 1616.35 2578.02 1653.78 2541.41 1653.78
P1363 0.64 4440.89 1700.77 4440.28 1741.83 4395.85 1741.17 4396.46 1700.11
P1363 0.64 2105.67 540.86 2210.35 541.24 2209.96 648.69 2105.28 648.31
P1363 0.62 269.62 1344.33 300.74 1344.33 300.74 1374.13 269.62 1374.13
P1363 0.6 621.46 2845.94 653.82 2845.94 653.82 2874.83 621.46 2874.83
P1363 0.58 76.71 2077.90 104.41 2077.90 104.41 2104.99 76.71 2104.99
P1363 0.49 4295.75 3899.29 4274.84 3900.88 4273.18 3878.98 4294.08 3877.39
P1363 0.47 2114.59 3322.23 2196.10 3322.23 2196.10 3415.40 2114.59 3415.40
P1363 0.44 738.79 291.87 765.93 291.88 765.92 319.97 738.77 319.96
P1363 0.4 2718.40 1060.63 2742.34 1060.63 2742.34 1084.45 2718.40 1084.45
P1363 0.35 4869.41 3489.20 4901.89 3489.20 4901.89 3519.68 4869.41 3519.68
P1363 0.34 3913.77 2930.88 3931.63 2930.88 3931.63 2948.62 3913.77 2948.62
P1363 0.27 1912.52 1384.18 1936.60 1384.18 1936.60 1407.55 1912.52 1407.55
P1363 0.17 488.91 2200.64 514.19 2200.88 513.91 2230.88 488.62 2230.64
P1363 0.14 3045.10 1775.79 3065.17 1775.79 3065.17 1796.97 3045.10 1796.97
P1363 0.09 870.59 813.25 869.15 872.17 808.37 870.68 809.82 811.76
P1363 0.07 4481.33 1444.13 4502.98 1444.13 4502.98 1464.81 4481.33 1464.81
P1363 0.07 3066.47 2008.26 3110.46 2008.26 3110.46 2053.08 3066.47 2053.08
P1363 0.06 569.44 2717.86 651.35 2717.86 651.35 2791.70 569.44 2791.70
P1363 0.03 2672.69 764.74 2693.56 764.74 2693.56 785.14 2672.69 785.14
P1363 0.03 944.98 2906.27 1024.00 2906.27 1024.00 2980.32 944.98 2980.32
P2463 0.86 1294.52 621.47 1220.50 622.37 1219.56 544.93 1293.58 544.03
P2463 0.86 2022.17 1191.80 2080.53 1192.34 2079.99 1251.32 2021.63 1250.79
P2463 0.84 1369.54 2104.93 1316.40 2105.87 1315.45 2052.10 1368.59 2051.16
P2463 0.65 191.33 2146.64 240.37 2146.64 240.37 2196.43 191.33 2196.43
P2463 0.47 388.22 1697.43 433.85 1697.43 433.85 1740.80 388.22 1740.80
P2463 0.06 462.87 298.29 696.79 298.29 696.79 569.37 462.87 569.37
P1405 0.06 435.03 478.35 483.68 478.35 483.68 525.21 435.03 525.21
P2340 0.35 863.89 955.84 893.77 955.84 893.77 988.51 863.89 988.51
P2340 0.1 887.85 914.67 911.70 914.67 911.70 939.87 887.85 939.87
P2440 0.06 2510.68 546.98 2592.84 546.98 2592.84 622.81 2510.68 622.81
P2440 0.05 2567.73 576.70 2568.23 600.63 2538.78 601.24 2538.28 577.31
P2440 0.04 1565.58 566.94 1567.52 678.12 1447.18 680.23 1445.23 569.05
P1125 0.03 7221.28 2321.12 7287.87 2321.12 7287.87 2397.82 7221.28 2397.82
P2772 0.03 2967.53 852.81 3081.98 852.81 3081.98 983.85 2967.53 983.85
P1528 0.03 2714.61 561.65 2747.29 561.65 2747.29 593.57 2714.61 593.57
P1525 0.16 70.72 976.44 225.76 976.44 225.76 1130.64 70.72 1130.64
P1525 0.03 229.86 943.32 375.31 943.32 375.31 1099.46 229.86 1099.46
P1525 0.03 2666.93 1328.80 2675.58 1344.78 2647.15 1360.18 2638.50 1344.19
P1525 0.02 3197.00 20.08 3221.75 20.08 3221.75 42.90 3197.00 42.90
P2535 0.86 1607.70 2059.09 1607.68 2095.14 1570.24 2095.12 1570.26 2059.07
P2535 0.86 1697.59 1628.05 1697.45 1674.72 1650.59 1674.59 1650.72 1627.92
P2535 0.06 1687.38 1623.99 1712.87 1623.99 1712.87 1649.92 1687.38 1649.92
P2535 0.04 558.93 1766.19 641.58 1767.21 640.43 1860.19 557.79 1859.17
P2535 0.03 0.00 1850.90 15.11 1850.90 15.11 1876.84 0.00 1876.84
P2535 0.03 502.91 1746.56 416.78 1749.81 413.23 1655.77 499.36 1652.52
P1937 0.2 654.22 2558.06 706.37 2558.06 706.37 2609.51 654.22 2609.51
P2508 0.03 469.19 355.84 498.81 355.84 498.81 388.41 469.19 388.41
P1441 0.35 763.09 2365.67 1024.00 2365.67 1024.00 2672.00 763.09 2672.00
P2473 0.04 824.00 729.53 1042.98 729.53 1042.98 1024.00 824.00 1024.00
P1538 0.16 3168.58 1839.68 3170.22 1876.60 3132.09 1878.29 3130.45 1841.37
P1538 0.11 2187.91 4371.01 2211.68 4371.01 2211.68 4400.08 2187.91 4400.08
P1538 0.06 3834.27 1601.24 3865.01 1601.24 3865.01 1629.87 3834.27 1629.87
P1538 0.03 3264.75 1752.59 3286.63 1752.59 3286.63 1776.56 3264.75 1776.56
P1538 0.03 4189.37 582.82 4190.13 608.92 4163.96 609.69 4163.20 583.58
P1692 0.86 971.79 1096.10 1021.98 1096.49 1021.58 1148.29 971.39 1147.90
P1692 0.83 197.41 1328.73 248.55 1328.73 248.55 1380.57 197.41 1380.57
P1692 0.64 414.32 420.21 384.56 420.47 384.26 387.52 414.02 387.26
P1692 0.32 3886.09 1254.40 3851.94 1254.70 3851.62 1218.85 3885.77 1218.54
P1692 0.05 1825.68 1607.29 1863.66 1607.29 1863.66 1641.97 1825.68 1641.97
P1692 0.04 4078.81 1159.80 4108.58 1159.80 4108.58 1189.33 4078.81 1189.33
P1692 0.03 2497.01 1573.40 2545.80 1573.40 2545.80 1621.06 2497.01 1621.06
P1692 0.03 1711.11 1340.70 1711.16 1363.88 1682.31 1363.94 1682.26 1340.77
P2410 0.25 1451.52 1455.79 1264.23 1458.36 1261.40 1251.83 1448.69 1249.26
P2410 0.09 516.16 1163.77 515.35 1215.79 454.40 1214.84 455.22 1162.82
P2410 0.03 2051.45 1899.72 2150.45 1899.72 2150.45 2008.10 2051.45 2008.10
P1270 0.1 2202.80 1935.78 2224.17 1935.78 2224.17 1957.46 2202.80 1957.46
P1422 0.19 4531.37 708.83 4348.22 728.10 4328.54 541.05 4511.69 521.78
P1422 0.08 4220.28 2440.74 4213.96 2531.90 4120.93 2525.44 4127.25 2434.29
P1422 0.06 1674.67 425.64 1753.41 425.64 1753.41 505.03 1674.67 505.03
P1422 0.04 4332.82 384.80 4414.61 384.80 4414.61 486.83 4332.82 486.83
P1575 0.03 3651.58 3632.33 3711.12 3632.33 3711.12 3685.71 3651.58 3685.71
P1728 0.05 2492.14 2133.56 2568.60 2133.56 2568.60 2242.75 2492.14 2242.75
P1728 0.03 667.04 1839.78 735.92 1839.78 735.92 1936.68 667.04 1936.68
P1728 0.02 659.67 1996.04 725.95 1996.04 725.95 2086.85 659.67 2086.85
P1436 0.25 2528.91 1779.53 2598.09 1779.53 2598.09 1848.00 2528.91 1848.00
P1436 0.06 2310.77 2944.98 2343.97 2944.98 2343.97 2974.97 2310.77 2974.97
P1436 0.04 2359.44 3388.54 2405.22 3388.54 2405.22 3429.75 2359.44 3429.75
P1436 0.04 3469.63 1985.00 3296.34 2008.92 3271.91 1831.90 3445.19 1807.98
P1436 0.02 1574.32 4583.55 1613.83 4583.55 1613.83 4620.65 1574.32 4620.65
P1777 0.17 730.74 1601.06 710.25 1801.69 505.13 1780.74 525.62 1580.10
P1870 0.85 4819.03 380.03 4736.41 380.39 4736.04 295.37 4818.66 295.01
P1870 0.8 4219.23 647.36 4132.51 648.72 4131.13 561.40 4217.85 560.04
P1870 0.7 1430.38 1106.95 1430.65 1169.78 1364.92 1170.06 1364.65 1107.24
P1870 0.69 1369.57 4839.41 1433.72 4839.41 1433.72 4903.28 1369.57 4903.28
P1870 0.66 3825.99 229.26 3753.80 229.96 3753.08 155.10 3825.27 154.40
P1870 0.64 888.93 1761.55 890.88 1926.39 716.81 1928.44 714.87 1763.60
P1870 0.59 971.01 2289.65 1048.95 2289.65 1048.95 2358.72 971.01 2358.72
P1870 0.52 5335.95 145.75 5269.72 146.36 5268.98 65.60 5335.21 64.99
P1870 0.5 1678.79 1745.87 1719.86 1745.87 1719.86 1788.41 1678.79 1788.41
P1870 0.41 676.33 2275.94 673.96 2356.31 585.37 2353.70 587.74 2273.33
P1870 0.37 1169.07 2737.72 1224.66 2737.72 1224.66 2790.54 1169.07 2790.54
P1870 0.34 1809.36 2007.90 1874.44 2007.90 1874.44 2069.13 1809.36 2069.13
P1870 0.26 1270.72 2098.38 1325.03 2098.38 1325.03 2152.01 1270.72 2152.01
P1870 0.15 2656.29 1802.02 2693.76 1802.02 2693.76 1841.36 2656.29 1841.36
P1870 0.12 1504.71 2004.23 1548.08 2004.23 1548.08 2045.39 1504.71 2045.39
P1870 0.08 3045.25 1710.58 2999.58 1711.82 2998.34 1665.78 3044.01 1664.54
P1870 0.07 1526.53 1476.91 1596.71 1476.91 1596.71 1555.31 1526.53 1555.31
P1870 0.07 1690.83 1927.18 1731.50 1927.18 1731.50 1964.01 1690.83 1964.01
P1870 0.03 829.71 1799.19 853.22 1799.19 853.22 1816.67 829.71 1816.67
P1870 0.03 786.67 2629.06 861.45 2629.06 861.45 2712.01 786.67 2712.01
P1635 0.17 1573.35 3103.43 1632.98 3103.43 1632.98 3168.97 1573.35 3168.97
P1635 0.14 1648.00 191.28 1673.57 191.28 1673.57 219.38 1648.00 219.38
P1635 0.04 1079.07 3934.19 1079.34 3955.44 1054.76 3955.76 1054.49 3934.51
P1635 0.03 406.29 1648.43 438.49 1648.43 438.49 1675.64 406.29 1675.64
P2540 0.41 1519.62 113.28 1538.66 113.87 1537.93 137.18 1518.89 136.59
P2540 0.17 1859.74 1499.79 1859.52 1526.55 1830.23 1526.32 1830.45 1499.56
P2540 0.13 1384.53 490.91 1412.82 490.91 1412.82 518.91 1384.53 518.91
P2540 0.08 1710.51 1519.20 1737.27 1519.20 1737.27 1544.24 1710.51 1544.24
P1572 0.49 595.41 172.70 636.47 173.29 635.77 221.79 594.72 221.20
P1572 0.08 631.55 890.26 632.87 911.64 610.96 912.99 609.64 891.61
P1572 0.05 1540.47 2031.92 1694.65 2031.92 1694.65 2179.26 1540.47 2179.26
P1572 0.04 3697.72 1432.70 3841.46 1432.70 3841.46 1585.25 3697.72 1585.25
P1572 0.04 691.05 1626.80 715.94 1627.53 715.07 1657.10 690.18 1656.37
P1572 0.03 1486.76 1811.20 1637.67 1811.20 1637.67 1963.65 1486.76 1963.65
P1572 0.03 3140.30 3778.89 3173.41 3778.89 3173.41 3810.10 3140.30 3810.10
P1572 0.02 206.95 913.53 247.65 913.53 247.65 954.81 206.95 954.81
P2767 0.04 2955.55 1324.10 3019.10 1324.10 3019.10 1389.81 2955.55 1389.81
P0107 0.7 544.63 308.78 572.50 666.23 196.60 695.54 168.73 338.08
P0107 0.04 311.74 446.59 413.42 446.59 413.42 547.79 311.74 547.79
P2556 0.25 2503.52 3233.96 2502.24 3304.35 2423.63 3302.92 2424.91 3232.53
P2556 0.17 1822.84 506.46 1913.91 506.46 1913.91 595.01 1822.84 595.01
P1348 0.08 2632.64 1060.63 2664.41 1060.63 2664.41 1091.26 2632.64 1091.26
P1146 0.06 2735.47 966.17 2791.03 966.17 2791.03 1022.70 2735.47 1022.70
P1146 0.05 3367.69 978.08 3301.06 980.90 3297.78 903.62 3364.41 900.79
P2405 0.47 1512.27 695.56 1551.43 695.56 1551.43 739.61 1512.27 739.61
P2785 0.66 851.30 1949.81 1057.79 1949.81 1057.79 2150.58 851.30 2150.58
P1595 0.87 129.81 992.70 206.49 993.23 205.94 1072.65 129.26 1072.12
P1595 0.87 928.00 792.88 928.51 854.07 866.25 854.58 865.75 793.39
P1595 0.86 2124.91 1086.75 2124.76 1118.91 2091.99 1118.76 2092.13 1086.61
P1595 0.86 750.14 2420.13 681.30 2421.41 679.97 2349.66 748.81 2348.38
P1595 0.86 2779.67 1401.71 2724.21 1404.15 2721.37 1339.63 2776.83 1337.18
P1595 0.86 1223.74 1081.11 1223.47 1115.79 1187.60 1115.51 1187.87 1080.83
P1595 0.86 3400.95 3373.46 3401.43 3407.31 3358.83 3407.92 3358.34 3374.08
P1595 0.86 864.81 566.93 894.41 567.23 894.10 598.35 864.50 598.05
P1595 0.82 2702.68 1012.33 2702.36 1048.69 2663.98 1048.36 2664.30 1012.00
P1595 0.82 2244.35 969.39 2217.91 969.47 2217.83 941.78 2244.27 941.71
P1595 0.8 1872.40 1155.00 1846.23 1155.45 1845.75 1128.03 1871.93 1127.58
P1595 0.75 2910.13 43.14 2940.06 43.45 2939.70 77.57 2909.78 77.26
P1595 0.7 3495.10 2472.25 3435.66 2474.68 3432.82 2404.98 3492.25 2402.55
P1595 0.65 2024.11 440.19 2055.05 440.19 2055.05 471.47 2024.11 471.47
P1595 0.47 3790.42 701.43 3812.12 701.43 3812.12 723.30 3790.42 723.30
P1595 0.32 3508.77 2564.62 3476.94 2565.32 3476.00 2522.60 3507.83 2521.90
P1595 0.25 3420.50 2683.94 3420.28 2723.02 3381.03 2722.81 3381.24 2683.73
P1595 0.25 1695.80 2976.00 1785.21 2976.00 1785.21 3068.01 1695.80 3068.01
P1595 0.2 563.95 2572.96 589.07 2572.96 589.07 2599.08 563.95 2599.08
P1595 0.16 1274.70 2346.18 1301.41 2346.18 1301.41 2366.82 1274.70 2366.82
P1595 0.11 336.50 1311.32 371.80 1311.32 371.80 1336.29 336.50 1336.29
P1595 0.07 3269.00 2543.23 3292.39 2543.23 3292.39 2569.35 3269.00 2569.35
P1595 0.06 3819.52 4.47 3853.28 4.47 3853.28 28.87 3819.52 28.87
P1595 0.06 1214.81 1383.07 1239.07 1383.07 1239.07 1406.80 1214.81 1406.80
P1595 0.05 2535.62 562.69 2562.55 562.69 2562.55 597.71 2535.62 597.71
P1595 0.04 135.53 993.29 198.86 993.29 198.86 1024.00 135.53 1024.00
P1595 0.04 4176.55 3526.43 4212.25 3526.43 4212.25 3555.72 4176.55 3555.72
P1595 0.04 277.03 3180.96 312.57 3180.96 312.57 3219.90 277.03 3219.90
P1595 0.04 3611.04 3481.26 3584.71 3488.44 3577.00 3460.19 3603.32 3453.00
P1595 0.03 672.29 2294.60 729.35 2294.60 729.35 2350.89 672.29 2350.89
P1595 0.03 2575.58 1826.57 2598.48 1826.57 2598.48 1848.00 2575.58 1848.00
P1595 0.03 1469.10 2411.55 1498.85 2411.55 1498.85 2439.97 1469.10 2439.97
P1595 0.02 2501.89 3248.23 2527.76 3248.23 2527.76 3277.91 2501.89 3277.91
P1330 0.66 209.56 3551.19 208.91 3578.07 178.82 3577.34 179.47 3550.46
P1330 0.24 933.26 2570.45 931.70 2592.54 908.84 2590.93 910.40 2568.84
P1330 0.1 596.84 3664.48 596.70 3701.84 556.47 3701.68 556.61 3664.32
P1330 0.04 1112.93 982.21 1136.96 982.21 1136.96 1004.89 1112.93 1004.89
P1330 0.04 972.25 2566.11 987.18 2566.11 987.18 2581.39 972.25 2581.39
P1330 0.04 370.93 3574.98 371.03 3613.82 328.04 3613.93 327.94 3575.09
P2762 0.07 2048.15 3487.07 2080.52 3487.23 2080.32 3528.95 2047.95 3528.79
P2762 0.06 2399.38 2384.09 2462.80 2384.09 2462.80 2453.41 2399.38 2453.41
P1383 0.59 2352.49 3445.85 2407.80 3445.85 2407.80 3493.68 2352.49 3493.68
P1383 0.29 1125.84 4099.38 1055.92 4100.52 1054.70 4025.96 1124.63 4024.81
P1383 0.07 2209.09 1978.02 2248.89 1978.02 2248.89 2024.19 2209.09 2024.19
P1383 0.04 2467.36 3540.86 2310.64 3569.88 2280.41 3406.60 2437.13 3377.59
P1383 0.03 1330.97 886.04 1395.93 886.04 1395.93 952.86 1330.97 952.86
P1197 0.03 899.15 574.27 899.58 597.24 875.89 597.68 875.46 574.71
P1735 0.04 3178.87 14.10 3178.35 37.00 3153.03 36.43 3153.55 13.52
P1735 0.03 1811.60 3500.26 1785.84 3500.39 1785.68 3468.12 1811.44 3468.00
P1735 0.03 1739.44 1491.41 1760.00 1491.77 1759.60 1514.51 1739.04 1514.15
P2366 0.11 975.65 751.75 907.48 753.96 904.75 669.77 972.92 667.56
P2366 0.04 999.99 626.87 1069.92 626.87 1069.92 699.95 999.99 699.95
P2366 0.03 967.21 512.79 1024.00 512.79 1024.00 573.60 967.21 573.60
P2366 0.03 940.10 586.93 939.18 641.66 881.58 640.69 882.51 585.96
P2486 0.12 1215.56 1517.91 1244.29 1517.91 1244.29 1552.24 1215.56 1552.24
P1718 0.69 3146.65 824.00 3187.27 824.00 3187.27 856.43 3146.65 856.43
P1718 0.07 191.03 1606.52 256.21 1606.52 256.21 1677.17 191.03 1677.17
P1718 0.03 194.84 3092.61 179.10 3100.93 170.72 3085.08 186.46 3076.76
P1407 0.17 4910.79 1124.07 4910.87 1155.92 4877.75 1156.00 4877.67 1124.16
P1407 0.14 819.74 8.48 818.56 191.81 611.57 190.47 612.75 7.14
P1407 0.11 4855.91 1109.12 4931.92 1109.12 4931.92 1176.57 4855.91 1176.57
P1407 0.03 5052.72 824.00 5134.56 824.00 5134.56 896.78 5052.72 896.78
P1407 0.03 1053.99 100.55 1076.59 100.85 1076.29 123.53 1053.68 123.23
P0080 0.64 492.74 574.19 146.71 588.10 131.88 219.48 477.91 205.56
P2544 0.82 986.85 1163.33 1018.81 1163.56 1018.58 1195.54 986.62 1195.31
P2544 0.76 752.04 980.64 782.24 980.99 781.88 1011.96 751.68 1011.61
P2544 0.05 454.95 2224.79 479.19 2224.79 479.19 2239.00 454.95 2239.00
P2544 0.02 1367.21 1557.80 1391.55 1557.80 1391.55 1580.89 1367.21 1580.89
P1865 0.03 206.30 4950.59 295.43 4959.72 285.58 5055.96 196.45 5046.84
P2407 0.86 1715.97 1367.28 1763.79 1367.28 1763.79 1412.90 1715.97 1412.90
P2272 0.86 1734.71 1280.68 1781.90 1280.68 1781.90 1329.85 1734.71 1329.85
P2272 0.86 545.69 1691.22 596.64 1691.22 596.64 1738.05 545.69 1738.05
P2272 0.83 2705.88 1014.35 2662.55 1015.21 2661.60 967.03 2704.93 966.17
P2272 0.64 1807.67 1453.79 1894.77 1454.38 1894.17 1543.15 1807.07 1542.56
P2272 0.41 2767.53 1336.60 2797.88 1336.95 2797.50 1369.65 2767.15 1369.30
P2272 0.32 2124.51 1732.35 2174.08 1732.35 2174.08 1780.32 2124.51 1780.32
P2272 0.08 746.53 1762.86 810.90 1762.86 810.90 1828.89 746.53 1828.89
P2272 0.06 2008.51 1599.02 2057.39 1599.02 2057.39 1653.81 2008.51 1653.81
P2272 0.05 342.47 836.11 359.84 836.11 359.84 853.28 342.47 853.28
P2336 0.04 1298.68 1448.45 1562.06 1448.45 1562.06 1706.19 1298.68 1706.19
P2117 0.03 27.08 305.24 279.23 305.24 279.23 544.85 27.08 544.85
P2350 0.34 1400.58 963.02 1401.23 992.65 1371.28 993.30 1370.63 963.67
P2350 0.14 1727.86 1729.56 1725.71 1809.06 1636.64 1806.66 1638.78 1727.16
P2350 0.06 925.96 867.14 1133.23 867.14 1133.23 1082.53 925.96 1082.53
P2350 0.04 501.02 1978.89 475.21 1979.70 474.32 1951.16 500.14 1950.35
P2350 0.03 1110.98 1127.11 1136.02 1127.11 1136.02 1151.85 1110.98 1151.85
P1706 0.86 1652.14 547.29 1690.74 547.39 1690.63 588.11 1652.04 588.01
P1706 0.86 1610.10 356.63 1551.15 358.15 1549.48 293.39 1608.43 291.87
P1706 0.8 233.35 3096.09 199.56 3096.19 199.46 3061.04 233.25 3060.94
P0108 0.64 526.40 290.20 517.92 672.28 100.56 663.02 109.03 280.94
P1335 0.53 1718.80 2240.74 1758.31 2240.74 1758.31 2281.42 1718.80 2281.42
P1335 0.06 2320.02 1376.45 2344.95 1376.45 2344.95 1400.76 2320.02 1400.76
P1335 0.05 365.26 3491.18 384.37 3491.18 384.37 3509.59 365.26 3509.59
P1335 0.04 2509.68 3734.25 2487.19 3734.87 2486.52 3710.75 2509.01 3710.12
P1335 0.03 2328.85 3076.48 2311.11 3076.79 2310.79 3057.81 2328.52 3057.51
P1024 0.03 2905.40 192.89 2907.19 224.21 2864.43 226.66 2862.64 195.34
P1024 0.03 1668.05 216.88 1705.26 216.88 1705.26 244.46 1668.05 244.46
P1668 0.07 2359.05 3464.14 2386.03 3464.14 2386.03 3490.81 2359.05 3490.81
P1668 0.07 1917.25 3009.18 1943.83 3009.18 1943.83 3033.01 1917.25 3033.01
P1668 0.04 2688.62 2845.94 2662.84 2846.00 2662.76 2815.63 2688.54 2815.56
P1715 0.76 4197.24 1564.32 4197.76 1595.01 4160.47 1595.64 4159.96 1564.95
P1715 0.64 3921.50 1509.09 3921.53 1546.94 3882.80 1546.98 3882.76 1509.12
P1715 0.59 4117.53 1909.32 4157.67 1909.32 4157.67 1953.39 4117.53 1953.39
P1715 0.41 2613.22 4699.35 2621.76 4814.45 2501.64 4823.36 2493.10 4708.26
P1715 0.27 2519.99 4726.66 2587.74 4726.66 2587.74 4789.14 2519.99 4789.14
P1715 0.2 3159.83 2558.11 3160.93 2601.03 3116.48 2602.16 3115.38 2559.25
P1715 0.03 2822.87 790.17 2859.65 790.17 2859.65 823.97 2822.87 823.97
P1715 0.03 2814.28 2225.92 2825.89 2290.83 2739.13 2306.36 2727.51 2241.45
P2603 0.06 539.46 1445.25 776.36 1445.25 776.36 1684.32 539.46 1684.32
P2229 0.04 2764.49 635.22 2765.09 680.84 2718.25 681.46 2717.64 635.84
P2229 0.03 36.19 308.48 94.45 308.48 94.45 367.95 36.19 367.95
P1248 0.19 2578.10 142.86 2559.13 143.43 2558.55 124.38 2577.52 123.80
P1248 0.14 3140.97 833.98 3162.78 833.98 3162.78 855.48 3140.97 855.48
P1248 0.1 3124.04 2163.03 3146.23 2163.03 3146.23 2182.96 3124.04 2182.96
P1106 0.25 1435.86 227.14 1440.02 315.33 1332.98 320.38 1328.82 232.19
P1106 0.13 1279.00 172.35 1517.03 172.35 1517.03 400.07 1279.00 400.07
P1106 0.03 1942.52 1140.56 2220.14 1140.56 2220.14 1408.57 1942.52 1408.57
P0157 0.27 1100.76 956.68 1081.57 956.96 1081.27 936.81 1100.46 936.52
P1490 0.03 2007.87 2506.07 2254.09 2506.07 2254.09 2796.89 2007.87 2796.89
P1576 0.04 3148.57 3967.47 3175.33 3967.47 3175.33 4000.00 3148.57 4000.00
P1576 0.03 3964.03 401.87 4000.00 401.87 4000.00 442.79 3964.03 442.79
P1576 0.03 838.63 1439.05 838.54 1463.46 813.89 1463.36 813.98 1438.96
P2406 0.86 739.49 931.20 799.01 931.63 798.58 991.92 739.05 991.49
P2406 0.86 541.35 1084.33 592.46 1084.36 592.43 1137.22 541.32 1137.19
P2414 0.86 828.49 900.35 828.34 975.36 751.91 975.21 752.07 900.20
P2414 0.86 1576.99 1315.07 1534.78 1315.81 1534.04 1273.56 1576.25 1272.82
P2414 0.86 893.13 700.98 844.13 701.53 843.53 647.68 892.52 647.13
P2414 0.08 285.82 1336.95 407.66 1336.95 407.66 1459.15 285.82 1459.15
P1766 0.75 64.99 3041.37 38.33 3041.50 38.20 3014.03 64.85 3013.89
P1766 0.56 916.13 3343.92 916.58 3372.09 885.77 3372.57 885.32 3344.40
P1766 0.25 1556.52 2894.70 1518.39 2896.13 1516.92 2857.06 1555.05 2855.63
P2024 0.07 108.36 2378.45 256.64 2378.45 256.64 2502.35 108.36 2502.35
P1592 0.87 2047.76 913.44 2106.39 914.69 2105.05 977.81 2046.41 976.56
P1592 0.87 2893.62 1793.72 2948.59 1793.98 2948.34 1849.12 2893.36 1848.86
P1592 0.86 3759.44 427.65 3817.03 428.40 3816.27 486.29 3758.69 485.54
P1592 0.86 1606.69 888.39 1665.30 888.51 1665.18 947.38 1606.56 947.26
P1592 0.78 1385.56 1982.97 1360.85 1982.99 1360.83 1957.17 1385.54 1957.14
P1592 0.76 2826.79 275.79 2856.45 275.79 2856.45 305.33 2826.79 305.33
P1592 0.6 342.82 2242.57 435.23 2242.57 435.23 2331.71 342.82 2331.71
P1592 0.06 1117.26 824.00 1154.87 824.00 1154.87 835.98 1117.26 835.98
P1592 0.04 437.54 2314.04 470.09 2314.04 470.09 2343.04 437.54 2343.04
P1592 0.04 1604.46 877.85 1626.40 877.85 1626.40 900.27 1604.46 900.27
P1592 0.04 3786.94 433.02 3753.96 434.43 3752.38 397.52 3785.36 396.11
P1592 0.03 457.18 2296.45 459.75 2314.57 440.02 2317.37 437.45 2299.24
P1592 0.03 2336.85 88.03 2313.53 89.64 2311.52 60.65 2334.84 59.04
P2643 0.85 4707.43 5190.21 4774.06 5191.25 4772.99 5259.78 4706.36 5258.74
P2643 0.49 7027.08 1900.11 7028.31 1923.23 7003.87 1924.54 7002.64 1901.41
P2643 0.17 6308.86 789.54 6309.94 870.92 6215.55 872.19 6214.46 790.81
P2643 0.08 5112.59 3845.33 5140.66 3845.33 5140.66 3873.30 5112.59 3873.30
P2643 0.04 4465.87 3794.92 4585.25 3794.92 4585.25 3917.09 4465.87 3917.09
P2643 0.04 4667.81 3690.34 4668.10 3783.99 4565.60 3784.30 4565.31 3690.66
P2643 0.03 4433.96 3580.76 4561.79 3580.76 4561.79 3713.23 4433.96 3713.23
P2643 0.03 4795.51 3864.21 4908.88 3864.21 4908.88 3977.05 4795.51 3977.05
P2643 0.03 4349.62 3706.41 4471.31 3706.41 4471.31 3816.78 4349.62 3816.78
P2643 0.03 3782.28 2044.43 4066.00 2044.43 4066.00 2294.82 3782.28 2294.82
P2643 0.03 4233.36 2898.27 4233.00 3172.11 3925.81 3171.71 3926.17 2897.88
P2643 0.03 4239.70 2296.33 4234.86 2573.16 3914.30 2567.56 3919.14 2290.73
P0033 0.24 1378.99 0.00 1580.88 0.00 1580.88 148.72 1378.99 148.72
P0033 0.09 1886.04 1797.84 2032.10 1802.41 2027.04 1964.15 1880.98 1959.58
P0033 0.06 1842.72 1516.19 1845.01 1657.17 1703.62 1659.47 1701.33 1518.48
P1500 0.04 233.18 693.40 301.15 693.40 301.15 757.57 233.18 757.57
P1500 0.03 2254.89 2912.64 2254.95 2972.17 2194.82 2972.22 2194.76 2912.69
P2391 0.06 442.32 438.86 560.75 438.86 560.75 550.89 442.32 550.89
P1711 0.74 1194.19 3334.34 1193.96 3379.25 1146.65 3379.02 1146.87 3334.11
P1711 0.04 178.13 2383.61 204.99 2383.61 204.99 2410.09 178.13 2410.09
P2744 0.07 1400.56 1709.30 1425.74 1709.30 1425.74 1729.12 1400.56 1729.12
P1936 0.1 79.89 808.68 107.53 808.68 107.53 838.91 79.89 838.91
P2511 0.11 976.30 441.61 1011.29 441.61 1011.29 474.10 976.30 474.10
P2511 0.1 831.67 261.54 855.14 261.54 855.14 286.30 831.67 286.30
P2511 0.09 858.76 544.10 878.53 544.10 878.53 563.90 858.76 563.90
P2511 0.04 929.19 1105.40 930.41 1126.50 898.77 1128.33 897.55 1107.22
P2511 0.04 634.54 863.70 610.69 863.99 610.27 829.64 634.13 829.35
P0965 0.06 3772.39 648.61 3897.96 648.61 3897.96 749.87 3772.39 749.87
P1406 0.04 111.15 3999.69 144.86 3999.69 144.86 4032.63 111.15 4032.63
P1406 0.04 3540.16 3886.29 3538.22 3952.48 3471.01 3950.52 3472.95 3884.32
P1681 0.64 2353.46 3229.55 2318.86 3230.99 2317.13 3189.52 2351.74 3188.08
P1681 0.59 3868.38 2332.52 3909.95 2332.52 3909.95 2374.50 3868.38 2374.50
P1681 0.07 3835.59 2378.98 4013.09 2378.98 4013.09 2584.81 3835.59 2584.81
P1681 0.04 2246.24 2022.18 2283.59 2022.18 2283.59 2061.32 2246.24 2061.32
P1681 0.04 94.46 2140.81 120.47 2140.81 120.47 2169.49 94.46 2169.49
P1681 0.03 3804.91 2499.33 3835.39 2499.33 3835.39 2536.00 3804.91 2536.00
P0320 0.17 1709.61 365.79 1799.35 365.79 1799.35 456.89 1709.61 456.89
P0320 0.11 1662.06 310.17 1872.72 321.97 1859.94 550.18 1649.27 538.37
P1546 0.17 907.37 335.18 865.85 335.46 865.56 292.43 907.08 292.15
P0954 0.64 2811.98 113.68 2881.61 115.08 2880.11 189.44 2810.48 188.04
P1532 0.03 411.33 3946.90 435.51 3946.90 435.51 3970.80 411.33 3970.80
P1532 0.03 2020.65 3845.71 2036.54 3845.71 2036.54 3862.76 2020.65 3862.76
P1262 0.03 1652.56 1912.78 1673.80 1912.78 1673.80 1933.71 1652.56 1933.71
P2515 0.86 1753.70 1519.50 1754.53 1557.43 1715.90 1558.28 1715.07 1520.35
P2515 0.86 940.52 1115.22 905.10 1115.29 905.02 1077.63 940.44 1077.56
P2515 0.86 1092.48 882.16 1126.75 882.73 1126.12 920.97 1091.85 920.40
P2515 0.85 441.66 1293.95 474.52 1294.80 473.66 1328.10 440.80 1327.25
P2515 0.84 1368.37 1012.74 1367.95 1050.11 1328.44 1049.67 1328.86 1012.29
P2515 0.81 1159.53 536.20 1180.27 536.35 1180.11 559.19 1159.36 559.04
P2515 0.37 926.14 1788.71 950.79 1788.71 950.79 1816.66 926.14 1816.66
P2515 0.34 1310.82 984.16 1338.50 984.16 1338.50 1011.27 1310.82 1011.27
P2698 0.14 1629.25 2022.21 1846.39 2022.21 1846.39 2229.55 1629.25 2229.55
P2698 0.12 1648.00 1794.92 1816.78 1794.92 1816.78 1962.55 1648.00 1962.55
P2698 0.1 1860.10 1902.55 2037.16 1902.55 2037.16 2084.03 1860.10 2084.03
P2698 0.09 2057.70 1794.67 2207.67 1797.16 2204.93 1962.30 2054.95 1959.81
P1678 0.59 886.07 3485.86 923.83 3485.86 923.83 3521.32 886.07 3521.32
P1678 0.08 161.07 3057.64 232.08 3057.64 232.08 3138.94 161.07 3138.94
P1678 0.07 559.01 1529.21 620.83 1529.21 620.83 1592.35 559.01 1592.35
P1678 0.07 1528.15 3025.75 1528.24 3057.03 1494.00 3057.13 1493.91 3025.85
P1678 0.05 1.14 2969.82 87.95 2969.82 87.95 3060.31 1.14 3060.31
P1678 0.04 641.96 3737.82 672.84 3737.82 672.84 3766.28 641.96 3766.28
P1678 0.03 487.54 1448.89 698.69 1448.89 698.69 1674.05 487.54 1674.05
P0923 0.06 440.95 1351.00 509.37 1351.00 509.37 1419.37 440.95 1419.37
P0166 0.86 3959.69 1157.26 3887.02 1157.33 3886.95 1084.12 3959.62 1084.05
P0166 0.86 2510.42 1293.63 2594.85 1293.63 2594.85 1371.23 2510.42 1371.23
P0166 0.79 1809.06 1871.16 1858.95 1871.16 1858.95 1922.73 1809.06 1922.73
P0166 0.27 2651.75 616.79 2804.47 616.79 2804.47 749.96 2651.75 749.96
P0166 0.19 3995.13 947.75 4026.39 949.78 4023.81 989.51 3992.55 987.48
P0166 0.17 301.65 841.86 520.17 841.86 520.17 1109.55 301.65 1109.55
P0166 0.11 2583.61 425.60 2731.89 425.60 2731.89 586.35 2583.61 586.35
P0166 0.03 2579.03 1307.35 2672.00 1307.35 2672.00 1383.72 2579.03 1383.72
P1684 0.11 3393.48 69.41 3415.71 69.41 3415.71 91.64 3393.48 91.64
P1684 0.1 2292.05 975.66 2256.92 975.98 2256.57 937.65 2291.70 937.33
P1684 0.04 3464.19 3601.43 3429.60 3601.59 3429.44 3564.63 3464.02 3564.47
P1684 0.03 3734.91 1613.81 3833.67 1613.81 3833.67 1703.84 3734.91 1703.84
P1684 0.03 2287.81 247.37 2287.46 278.25 2255.54 277.88 2255.89 247.01
P2174 0.21 665.09 498.54 718.41 498.54 718.41 554.12 665.09 554.12
P2174 0.07 473.90 686.37 503.27 686.37 503.27 714.16 473.90 714.16
P0145 0.34 296.33 856.34 221.93 856.80 221.44 778.91 295.85 778.45
P0705 0.03 883.70 1207.24 885.80 1267.62 825.09 1269.73 822.99 1209.35
P1472 0.79 1591.10 1415.93 1593.02 1874.64 1124.34 1876.59 1122.43 1417.88
P1472 0.05 1162.29 1648.00 1530.89 1648.00 1530.89 1822.98 1162.29 1822.98
P1472 0.04 1754.60 3350.67 1877.30 3350.67 1877.30 3466.34 1754.60 3466.34
P0208 0.03 1720.30 1503.59 1720.95 1581.24 1643.04 1581.89 1642.39 1504.24
P1530 0.17 96.55 3758.40 97.41 3782.38 70.91 3783.33 70.06 3759.35
P2195 0.03 888.93 1367.31 937.99 1367.31 937.99 1412.64 888.93 1412.64
P1172 0.04 2787.51 6395.07 2814.83 6395.07 2814.83 6419.07 2787.51 6419.07
P1172 0.03 297.44 4643.48 223.81 4646.50 220.63 4568.95 294.26 4565.94
P1172 0.03 1585.36 2245.10 1599.14 2310.04 1532.50 2324.18 1518.72 2259.24
P1172 0.03 361.46 3308.02 475.97 3373.00 380.23 3541.72 265.72 3476.73
P1772 0.17 2020.24 4954.46 2019.93 5008.33 1964.29 5008.01 1964.60 4954.14
P1772 0.03 5115.10 2114.01 5060.44 2120.11 5054.01 2062.52 5108.67 2056.42
P1477 0.04 2335.22 1290.98 2386.03 1290.98 2386.03 1346.96 2335.22 1346.96
P1477 0.03 1488.61 2985.32 1490.90 3056.23 1414.67 3058.69 1412.38 2987.78
P1477 0.03 2172.21 468.75 2242.05 468.75 2242.05 545.51 2172.21 545.51
P1564 0.87 3900.63 158.17 3853.47 158.60 3853.03 109.94 3900.19 109.51
P1564 0.35 1882.41 2536.36 1941.70 2536.36 1941.70 2597.23 1882.41 2597.23
P1564 0.29 2222.96 1823.26 2261.89 1823.26 2261.89 1848.00 2222.96 1848.00
P1564 0.25 1020.37 3531.61 1020.43 3559.89 989.00 3559.96 988.94 3531.68
P1564 0.25 3491.36 818.74 3424.50 824.14 3418.93 755.28 3485.80 749.88
P2749 0.08 676.66 706.60 737.44 706.60 737.44 765.52 676.66 765.52
P2749 0.08 377.35 925.35 444.57 925.35 444.57 985.66 377.35 985.66
P1628 0.08 3740.21 2919.10 3773.76 2919.10 3773.76 2953.74 3740.21 2953.74
P1628 0.03 1708.89 1006.13 1732.89 1006.13 1732.89 1024.00 1708.89 1024.00
P2555 0.19 437.34 3078.87 659.90 3079.53 659.23 3304.10 436.67 3303.44
P2555 0.06 2008.28 3483.03 1953.59 3484.84 1951.68 3426.97 2006.37 3425.16
P2555 0.03 2514.12 3475.27 2514.34 3491.05 2497.82 3491.28 2497.61 3475.49
P0877 0.03 205.81 1123.79 706.24 1123.79 706.24 1637.25 205.81 1637.25
P0101 0.83 575.29 131.45 572.56 535.61 157.01 532.80 159.74 128.64
P1588 0.86 3177.36 787.57 3176.37 833.65 3127.59 832.60 3128.58 786.53
P1588 0.86 2384.85 1229.79 2339.23 1230.19 2338.79 1180.97 2384.41 1180.57
P1588 0.83 1810.43 3094.54 1782.85 3131.68 1705.75 3074.44 1733.33 3037.29
P1588 0.56 3361.44 2029.70 3383.07 2029.71 3383.06 2054.10 3361.43 2054.09
P1588 0.47 3637.10 2637.19 3662.98 2637.19 3662.98 2664.58 3637.10 2664.58
P1588 0.11 3973.36 1862.82 4000.00 1862.82 4000.00 1924.70 3973.36 1924.70
P1588 0.1 3357.67 1965.33 3326.29 1966.77 3324.66 1931.12 3356.04 1929.69
P1588 0.09 3384.81 1357.37 3407.75 1357.87 3407.22 1381.96 3384.28 1381.46
P1588 0.03 3192.28 2609.30 3231.73 2609.30 3231.73 2633.43 3192.28 2633.43
P1588 0.03 3679.82 962.31 3608.37 964.30 3605.15 848.79 3676.60 846.80
P1764 0.86 3894.43 1863.28 3945.71 1863.91 3945.07 1916.49 3893.78 1915.86
P1764 0.86 2872.99 4879.72 2872.66 4926.09 2826.11 4925.75 2826.44 4879.38
P1764 0.84 3500.90 1777.19 3591.29 1778.74 3589.60 1876.88 3499.21 1875.32
P1764 0.83 3063.48 4212.22 3095.05 4212.29 3094.97 4247.40 3063.40 4247.32
P1764 0.78 2681.30 4507.61 2640.61 4508.48 2639.74 4467.49 2680.43 4466.62
P1764 0.78 3116.40 3910.98 3116.75 3938.49 3087.46 3938.86 3087.11 3911.35
P1764 0.76 2569.05 388.65 2568.94 417.14 2538.95 417.03 2539.06 388.54
P1764 0.64 3082.51 661.64 3082.24 691.22 3050.98 690.93 3051.25 661.35
P1764 0.64 3663.02 3592.05 3663.75 3616.63 3637.73 3617.41 3636.99 3592.83
P1764 0.64 3081.29 4482.96 3081.54 4509.19 3052.98 4509.47 3052.72 4483.24
P1764 0.58 3564.87 949.50 3539.59 949.66 3539.43 923.64 3564.71 923.48
P1764 0.5 2564.42 3936.53 2595.23 3936.53 2595.23 3969.08 2564.42 3969.08
P1764 0.34 3126.42 1590.31 3099.10 1590.40 3099.00 1558.99 3126.32 1558.90
P1764 0.23 3016.16 892.17 3034.45 892.20 3034.41 912.47 3016.12 912.44
P1764 0.11 3136.91 1249.18 3155.59 1249.18 3155.59 1269.55 3136.91 1269.55
P1764 0.11 3570.86 4001.31 3592.96 4001.31 3592.96 4022.91 3570.86 4022.91
P1764 0.11 475.69 1387.61 522.41 1387.61 522.41 1429.19 475.69 1429.19
P1764 0.1 3074.67 1052.64 3095.26 1052.64 3095.26 1074.14 3074.67 1074.14
P1764 0.09 3436.69 1245.20 3410.39 1249.56 3405.74 1221.57 3432.04 1217.21
P1764 0.07 3671.23 4536.75 3695.66 4538.67 3693.52 4565.90 3669.10 4563.98
P1764 0.07 2945.02 1716.85 2998.54 1716.85 2998.54 1756.70 2945.02 1756.70
P1764 0.03 2499.53 1707.18 2471.80 1707.35 2471.60 1674.05 2499.34 1673.88
P1764 0.03 1427.18 4525.58 1462.87 4525.58 1462.87 4560.38 1427.18 4560.38
P1764 0.03 2890.05 3896.37 2889.96 3916.65 2864.13 3916.53 2864.23 3896.25
P1764 0.03 3185.00 1417.73 3206.67 1418.47 3205.92 1440.19 3184.25 1439.45
P1764 0.03 1676.89 2047.93 1696.43 2048.73 1695.45 2072.69 1675.90 2071.89
P1237 0.07 23.02 1111.21 66.03 1111.21 66.03 1154.28 23.02 1154.28
P0059 0.1 3417.58 2017.15 3496.00 2017.15 3496.00 2119.18 3417.58 2119.18
P0059 0.03 223.43 72.71 322.04 72.71 322.04 174.57 223.43 174.57
P0059 0.03 3365.69 1769.24 3369.28 1863.99 3268.66 1867.80 3265.07 1773.05
P1852 0.07 2673.51 799.83 2746.93 799.83 2746.93 875.00 2673.51 875.00
P1852 0.04 1667.89 298.21 1812.80 298.21 1812.80 420.85 1667.89 420.85
P1852 0.03 1648.00 41.97 1896.99 41.97 1896.99 289.00 1648.00 289.00
P2723 0.19 1651.64 1291.95 1623.09 1293.92 1620.80 1260.69 1649.34 1258.71
P2723 0.08 777.99 568.38 842.69 568.38 842.69 644.50 777.99 644.50
P2723 0.04 3435.79 2504.28 3456.91 2504.28 3456.91 2526.08 3435.79 2526.08
P2723 0.03 1627.75 2064.67 1690.81 2066.86 1687.83 2152.90 1624.76 2150.71
P2723 0.03 2650.82 2637.92 2689.74 2639.77 2687.77 2681.35 2648.84 2679.50
P0214 0.04 55.28 1820.39 184.04 1820.39 184.04 1988.30 55.28 1988.30
P1180 0.12 699.68 1753.40 720.52 1753.40 720.52 1776.76 699.68 1776.76
P1180 0.05 2082.81 117.15 2133.88 117.15 2133.88 166.87 2082.81 166.87
P1180 0.03 2261.94 471.22 2227.82 471.43 2227.59 433.58 2261.71 433.37
P1968 0.25 1067.92 731.43 1152.82 731.43 1152.82 814.54 1067.92 814.54
P2448 0.87 1468.53 1853.11 1467.94 1903.37 1415.92 1902.76 1416.50 1852.50
P2448 0.37 1736.91 2015.47 1768.40 2015.47 1768.40 2044.36 1736.91 2044.36
P1157 0.26 4810.22 3255.09 4842.67 3255.09 4842.67 3286.38 4810.22 3286.38
P1157 0.05 3910.15 1475.55 3646.66 1645.00 3448.50 1336.87 3711.99 1167.42
P0185 0.11 2155.22 2485.66 2216.64 2485.66 2216.64 2556.00 2155.22 2556.00
P2193 0.06 1270.70 2067.04 905.32 2123.72 847.79 1752.82 1213.17 1696.14
P2193 0.03 1181.12 1337.62 1487.49 1337.62 1487.49 1713.80 1181.12 1713.80
P0028 0.14 276.34 11.92 319.20 11.92 319.20 56.10 276.34 56.10
P1701 0.86 3227.39 3830.70 3227.66 3896.35 3158.66 3896.64 3158.38 3830.99
P1701 0.47 1114.04 3940.08 1137.93 3940.08 1137.93 3964.30 1114.04 3964.30
P1701 0.06 3193.61 1059.50 3140.42 1064.84 3134.63 1007.17 3187.82 1001.83
P1468 0.34 3361.54 538.04 3245.53 543.38 3240.15 426.68 3356.17 421.34
P1468 0.19 3363.12 1036.64 3365.27 1148.32 3242.48 1150.67 3240.33 1039.00
P1468 0.19 3746.40 7372.03 3695.93 7372.89 3695.07 7322.40 3745.55 7321.55
P1468 0.19 3294.14 4671.80 3496.00 4671.80 3496.00 4904.50 3294.14 4904.50
P1468 0.14 375.40 3485.71 373.28 3551.57 306.66 3549.43 308.79 3483.56
P1468 0.07 724.73 6518.81 729.28 6599.89 647.93 6604.45 643.39 6523.36
P1468 0.04 3292.05 4120.00 3496.00 4120.00 3496.00 4341.86 3292.05 4341.86
P1468 0.04 357.22 3676.68 414.54 3676.68 414.54 3732.74 357.22 3732.74
P1468 0.04 3221.71 1058.10 3220.85 1116.70 3153.46 1115.72 3154.32 1057.11
P1468 0.04 3315.24 545.42 3316.19 599.70 3259.73 600.69 3258.78 546.41
P1468 0.03 2317.61 498.38 2395.46 498.38 2395.46 582.02 2317.61 582.02
P1468 0.03 252.71 720.34 214.05 721.98 212.34 681.40 251.00 679.76
P1468 0.03 208.26 296.69 252.27 296.69 252.27 337.40 208.26 337.40
P1468 0.03 2952.02 7180.16 3008.02 7180.34 3007.83 7239.53 2951.83 7239.36
P1362 0.25 3358.37 1203.66 3390.26 1203.66 3390.26 1230.36 3358.37 1230.36
P1362 0.24 1410.92 3033.94 1492.13 3033.94 1492.13 3126.30 1410.92 3126.30
P1362 0.1 3513.25 2611.67 3548.99 2611.67 3548.99 2643.19 3513.25 2643.19
P1627 0.02 59.71 3300.79 88.65 3300.79 88.65 3332.02 59.71 3332.02
P0709 0.1 936.19 214.46 1009.49 214.46 1009.49 297.19 936.19 297.19
P1025 0.06 1297.42 817.40 1238.36 819.42 1236.13 753.84 1295.18 751.82
P2498 0.88 1166.94 1842.26 1166.65 1902.99 1104.36 1902.69 1104.65 1841.96
P2498 0.85 1120.19 2131.38 1187.37 2131.94 1186.79 2200.85 1119.60 2200.28
P2498 0.07 1151.10 1679.77 1171.97 1679.77 1171.97 1700.11 1151.10 1700.11
P2498 0.06 669.78 1098.50 695.07 1098.50 695.07 1120.80 669.78 1120.80
P2498 0.04 719.57 1889.90 819.24 1889.90 819.24 1996.97 719.57 1996.97
P2498 0.03 741.71 2080.48 764.19 2080.48 764.19 2105.84 741.71 2105.84
P0492 0.75 2288.19 478.58 2287.39 940.50 1755.32 939.57 1756.12 477.66
P0492 0.32 22.40 0.00 791.07 0.00 791.07 515.35 22.40 515.35
P0492 0.03 69.12 366.49 303.05 366.49 303.05 652.48 69.12 652.48
P1485 0.03 1650.42 390.24 1690.71 391.44 1689.45 433.78 1649.16 432.58
P2765 0.1 1586.98 3630.82 1658.61 3630.82 1658.61 3700.38 1586.98 3700.38
P2765 0.04 1194.21 3706.19 1188.20 3788.61 1103.74 3782.45 1109.75 3700.03
P0112 0.11 3424.16 3253.33 3498.84 3256.66 3495.04 3341.96 3420.35 3338.63
P2510 0.83 131.08 415.79 130.86 457.01 86.51 456.77 86.74 415.55
P2510 0.06 1108.27 1348.75 1140.22 1348.75 1140.22 1378.40 1108.27 1378.40
P2654 0.34 787.47 1725.27 789.12 1826.55 669.01 1828.51 667.36 1727.23
P2654 0.04 361.27 1773.92 353.06 1887.03 218.05 1877.23 226.26 1764.12
P1548 0.69 2254.35 772.63 2283.44 772.63 2283.44 802.23 2254.35 802.23
P1548 0.19 1855.21 1840.26 1855.77 1877.06 1818.16 1877.63 1817.60 1840.83
P1548 0.11 1967.40 1782.08 2008.58 1782.08 2008.58 1820.04 1967.40 1820.04
P1548 0.11 1961.84 3443.23 1987.46 3443.23 1987.46 3468.76 1961.84 3468.76
P1548 0.09 1159.31 908.44 1159.50 956.85 1105.53 957.07 1105.34 908.65
P1548 0.06 3197.87 2561.24 3241.64 2561.24 3241.64 2600.12 3197.87 2600.12
P1548 0.03 2313.89 1118.80 2339.86 1118.80 2339.86 1145.75 2313.89 1145.75
P1548 0.03 1985.36 588.53 2010.43 588.53 2010.43 612.65 1985.36 612.65
P1548 0.03 2290.11 542.65 2316.31 542.65 2316.31 576.08 2290.11 576.08
P1548 0.02 3293.10 3338.13 3361.41 3338.13 3361.41 3409.17 3293.10 3409.17
P1782 0.14 793.26 559.11 836.51 559.11 836.51 604.63 793.26 604.63
P1858 0.39 179.09 415.73 178.35 496.65 94.75 495.89 95.50 414.97
P1858 0.23 1279.15 2386.11 1417.47 2391.16 1412.14 2537.08 1273.82 2532.03
P1858 0.08 24.22 333.25 275.55 333.25 275.55 574.16 24.22 574.16
P1858 0.03 1075.80 2264.00 1630.84 2264.00 1630.84 2726.07 1075.80 2726.07
P1523 0.86 1428.94 2538.32 1474.73 2539.19 1473.84 2586.24 1428.04 2585.36
P1523 0.8 710.71 2870.08 745.40 2870.25 745.20 2912.48 710.50 2912.31
P1523 0.05 3375.68 1086.20 3347.73 1086.44 3347.47 1056.41 3375.41 1056.16
P1523 0.05 3343.61 973.65 3383.43 973.76 3383.29 1019.87 3343.48 1019.76
P1523 0.03 3438.42 624.66 3473.53 624.66 3473.53 662.05 3438.42 662.05
P1523 0.03 410.83 561.97 435.86 561.97 435.86 588.84 410.83 588.84
P1523 0.03 1918.23 2362.06 1887.56 2363.55 1885.61 2323.36 1916.28 2321.87
P1523 0.03 1765.84 1849.66 1753.07 1855.49 1747.22 1842.69 1760.00 1836.86
P1523 0.03 1175.27 115.28 1152.35 115.36 1152.26 92.35 1175.18 92.27
P2273 0.86 1419.93 566.40 1471.81 566.79 1471.39 621.21 1419.51 620.81
P2273 0.83 345.46 328.71 343.90 376.35 292.79 374.68 294.35 327.04
P2273 0.34 1214.11 384.78 1244.77 384.78 1244.77 414.63 1214.11 414.63
P2273 0.16 1308.70 51.91 1377.06 51.91 1377.06 122.11 1308.70 122.11
P2273 0.05 1449.40 342.69 1446.29 429.55 1354.40 426.26 1357.52 339.39
P1625 0.62 2867.63 2219.48 2903.83 2219.48 2903.83 2255.66 2867.63 2255.66
P1625 0.56 964.77 1497.97 914.09 1498.09 913.94 1436.86 964.62 1436.74
P1625 0.11 349.76 290.20 371.58 290.20 371.58 317.17 349.76 317.17
P1625 0.04 1563.66 1002.07 1519.27 1002.22 1519.09 949.78 1563.49 949.64
P1625 0.03 3388.52 1850.82 3453.65 1850.82 3453.65 1914.98 3388.52 1914.98
P1733 0.04 2735.99 949.63 2761.55 950.06 2761.06 978.97 2735.50 978.55
P1733 0.03 2059.73 569.53 1969.14 576.65 1960.10 461.52 2050.69 454.41
P1733 0.02 2859.26 4778.79 2901.59 4778.79 2901.59 4830.08 2859.26 4830.08
P1664 0.86 2005.35 4342.28 2050.59 4342.43 2050.44 4389.03 2005.20 4388.88
P1664 0.86 1793.77 4085.21 1793.84 4130.69 1746.23 4130.77 1746.15 4085.28
P1664 0.86 2424.10 4763.48 2377.61 4763.51 2377.58 4715.24 2424.07 4715.21
P1664 0.86 1055.16 4388.16 1054.89 4428.23 1012.83 4427.95 1013.10 4387.88
P1664 0.81 560.69 503.20 560.95 544.81 515.69 545.09 515.43 503.49
P1664 0.81 116.50 60.26 169.04 60.60 168.69 114.52 116.15 114.18
P1664 0.06 890.09 829.68 924.27 829.68 924.27 872.80 890.09 872.80
P1664 0.04 833.62 3324.77 855.59 3324.86 855.50 3348.18 833.53 3348.10
P1664 0.03 1178.93 3160.89 1202.78 3160.89 1202.78 3184.59 1178.93 3184.59
P1664 0.03 841.88 1668.47 876.48 1668.47 876.48 1706.80 841.88 1706.80
P2023 0.07 139.22 600.82 201.33 600.82 201.33 675.28 139.22 675.28
P0026 0.03 953.76 966.13 1024.00 966.13 1024.00 1066.13 953.76 1066.13
P0901 0.04 140.55 1002.09 211.28 1002.09 211.28 1085.20 140.55 1085.20
P2461 0.86 1553.61 1151.52 1599.59 1152.50 1598.61 1198.57 1552.63 1197.59
P0807 0.03 967.36 1781.18 1027.59 1781.18 1027.59 1827.27 967.36 1827.27
P2707 0.03 2132.26 748.72 2209.68 748.72 2209.68 822.79 2132.26 822.79
P2707 0.03 2474.16 849.56 2409.82 851.70 2407.28 775.48 2471.62 773.34
P1202 0.69 1008.12 2212.00 1043.66 2212.00 1043.66 2245.81 1008.12 2245.81
P1202 0.36 98.03 2359.57 97.48 2385.25 68.07 2384.63 68.61 2358.95
P1202 0.27 1486.22 2353.49 1513.31 2353.49 1513.31 2380.34 1486.22 2380.34
P1202 0.17 1097.94 2004.11 1131.52 2004.11 1131.52 2037.63 1097.94 2037.63
P1202 0.16 346.91 2375.21 373.70 2375.21 373.70 2399.87 346.91 2399.87
P1202 0.09 331.86 2198.42 333.07 2235.59 295.69 2236.80 294.49 2199.63
P1202 0.07 577.84 2411.06 609.63 2411.06 609.63 2441.76 577.84 2441.76
P1202 0.04 320.10 2556.88 272.80 2559.27 270.34 2510.45 317.64 2508.06
P1202 0.03 988.95 2220.25 1005.44 2220.25 1005.44 2238.93 988.95 2238.93
P0798 0.17 364.82 970.80 315.69 970.80 315.68 910.95 364.82 910.94
P0798 0.1 296.37 894.04 389.10 894.04 389.10 993.71 296.37 993.71
P2443 0.83 39.47 1260.41 78.29 1260.71 77.98 1301.81 39.16 1301.51
P2443 0.09 662.92 456.86 661.57 519.89 595.03 518.47 596.37 455.44
P2443 0.08 498.13 346.43 595.37 346.43 595.37 446.24 498.13 446.24
P2443 0.04 854.27 1660.23 852.56 1680.14 826.01 1677.86 827.72 1657.95
P1853 0.56 204.41 1127.09 91.73 1129.08 89.74 1015.95 202.41 1013.96
P1853 0.53 1362.23 564.32 1622.35 570.43 1616.19 832.73 1356.07 826.63
P1853 0.03 1445.54 430.17 1511.41 430.17 1511.41 490.72 1445.54 490.72
P1853 0.03 0.00 810.79 340.84 810.79 340.84 1372.20 0.00 1372.20
P0031 0.34 2416.34 3380.28 2551.09 3380.77 2550.56 3526.81 2415.81 3526.32
P0031 0.1 2419.33 285.65 2635.95 285.65 2635.95 523.12 2419.33 523.12
P0031 0.06 4528.37 1081.95 4774.15 1081.95 4774.15 1310.21 4528.37 1310.21
P0031 0.03 4688.75 1098.05 4763.71 1098.05 4763.71 1172.11 4688.75 1172.11
P0181 0.17 6283.34 1049.95 6360.12 1049.95 6360.12 1120.33 6283.34 1120.33
P1520 0.58 3357.58 2266.18 3389.70 2266.18 3389.70 2299.00 3357.58 2299.00
P1520 0.49 1719.26 1163.66 1739.84 1164.42 1739.00 1187.18 1718.42 1186.42
P1520 0.41 1886.41 1155.77 1859.90 1157.17 1858.39 1128.53 1884.90 1127.13
P1520 0.32 3553.74 1621.07 3570.77 1621.07 3570.77 1639.55 3553.74 1639.55
P1520 0.05 2343.94 1326.60 2516.51 1326.60 2516.51 1519.93 2343.94 1519.93
P1520 0.04 1134.83 544.75 1159.76 545.11 1159.37 572.39 1134.44 572.04
P1520 0.04 2940.46 2324.85 2912.63 2325.46 2912.02 2297.22 2939.85 2296.62
P1520 0.03 1199.68 3552.98 1265.16 3552.98 1265.16 3636.08 1199.68 3636.08
P1520 0.03 3563.23 1850.07 3634.02 1850.07 3634.02 1935.52 3563.23 1935.52
P1520 0.03 294.30 1035.01 321.34 1035.01 321.34 1059.88 294.30 1059.88
P1520 0.03 3819.39 599.90 3819.49 625.13 3785.06 625.27 3784.96 600.04
P1520 0.03 1694.91 2104.45 1718.63 2104.45 1718.63 2128.72 1694.91 2128.72
P0498 0.09 560.45 481.12 569.26 745.93 295.77 755.02 286.96 490.21
P1663 0.86 1531.98 4516.40 1531.09 4559.66 1482.87 4558.66 1483.77 4515.40
P1663 0.82 3090.88 4357.04 3063.43 4357.81 3062.62 4329.10 3090.07 4328.33
P1663 0.67 3282.86 4770.60 3245.77 4772.02 3244.33 4734.42 3281.42 4733.00
P1663 0.04 980.35 3589.63 983.66 3608.98 960.73 3612.91 957.41 3593.56
P1663 0.03 3281.50 842.09 3306.55 842.09 3306.55 866.84 3281.50 866.84
P1663 0.03 3337.76 903.68 3362.87 903.68 3362.87 927.74 3337.76 927.74
P2703 0.21 855.34 523.47 896.75 523.47 896.75 564.62 855.34 564.62
P1286 0.03 164.18 574.35 91.34 575.59 90.10 502.48 162.93 501.24
P1774 0.14 4305.48 3696.14 4459.87 3696.14 4459.87 3846.96 4305.48 3846.96
P1774 0.09 4954.77 2288.81 4965.60 2665.30 4579.05 2676.41 4568.23 2299.93
P1774 0.03 4580.29 3630.88 4573.75 3914.25 4247.15 3906.71 4253.69 3623.34
P1774 0.02 1848.59 1996.74 2084.48 1996.74 2084.48 2281.74 1848.59 2281.74
P1236 0.16 757.22 467.32 757.07 510.61 712.83 510.46 712.98 467.17
P2434 0.07 476.54 124.71 509.17 124.71 509.17 152.66 476.54 152.66
P2434 0.03 1131.98 1352.93 1248.34 1352.93 1248.34 1446.88 1131.98 1446.88
P2178 0.06 467.88 394.84 501.11 394.84 501.11 423.62 467.88 423.62
P1442 0.03 458.08 2229.78 831.55 2229.78 831.55 2672.00 458.08 2672.00
P2574 0.08 1601.78 1149.26 1633.79 1149.26 1633.79 1177.11 1601.78 1177.11
P2586 0.04 778.63 1330.03 828.36 1330.15 828.24 1380.46 778.51 1380.34
P2586 0.03 390.32 557.31 668.13 557.31 668.13 834.49 390.32 834.49
P1642 0.79 3353.41 3600.00 3445.27 3600.00 3445.27 3688.43 3353.41 3688.43
P1642 0.21 114.98 4012.49 140.84 4012.49 140.84 4042.21 114.98 4042.21
P1642 0.17 4187.65 3958.00 4283.29 3958.00 4283.29 4041.03 4187.65 4041.03
P1642 0.1 4092.15 3129.62 4098.22 3220.88 4003.71 3227.16 3997.64 3135.90
P1642 0.09 3501.89 3202.44 3500.74 3227.88 3469.70 3226.47 3470.85 3201.04
P1642 0.06 894.51 2531.34 954.58 2531.34 954.58 2595.52 894.51 2595.52
P1642 0.06 2790.09 4390.72 2817.32 4390.72 2817.32 4414.70 2790.09 4414.70
P1642 0.06 3217.31 3363.42 3291.30 3363.42 3291.30 3445.72 3217.31 3445.72
P1642 0.04 3263.00 3395.37 3265.57 3421.95 3237.99 3424.61 3235.42 3398.04
P0137 0.84 2779.72 569.36 2737.94 569.50 2737.80 527.21 2779.58 527.07
P0137 0.16 1536.39 3316.40 1536.36 3336.85 1512.50 3336.82 1512.53 3316.36
P0137 0.09 4095.58 2414.01 4095.01 2482.44 4017.04 2481.79 4017.60 2413.36
P0137 0.06 5027.83 2864.97 5067.97 2864.97 5067.97 2902.17 5027.83 2902.17
P0137 0.04 2795.48 2088.30 2821.61 2088.30 2821.61 2118.26 2795.48 2118.26
P0137 0.04 438.15 3154.25 458.17 3154.25 458.17 3174.58 438.15 3174.58
P0137 0.03 2371.22 3593.05 2395.08 3593.05 2395.08 3626.26 2371.22 3626.26
P0137 0.03 3878.53 2174.86 3920.93 2174.86 3920.93 2216.71 3878.53 2216.71
P0137 0.03 752.27 3198.35 753.04 3212.83 736.77 3213.70 735.99 3199.22
P0137 0.02 1490.76 3317.27 1515.71 3317.27 1515.71 3333.62 1490.76 3333.62
P0137 0.02 5092.74 2998.59 5123.26 2998.59 5123.26 3031.16 5092.74 3031.16
P0912 0.04 1232.21 692.57 1231.04 724.54 1197.03 723.30 1198.20 691.33
P1402 0.76 3790.08 846.14 3815.73 846.42 3815.44 872.95 3789.79 872.67
P1402 0.27 2690.82 1292.93 2818.02 1292.93 2818.02 1446.93 2690.82 1446.93
P1402 0.17 3100.18 3334.88 3138.37 3334.88 3138.37 3371.63 3100.18 3371.63
P1402 0.08 2305.90 1344.17 2329.87 1344.17 2329.87 1367.97 2305.90 1367.97
P1402 0.03 2305.74 1520.70 2327.88 1520.70 2327.88 1542.58 2305.74 1542.58
P1402 0.03 2816.30 299.19 2822.79 317.58 2801.39 325.14 2794.89 306.74
P1796 0.2 3175.03 4520.36 3278.56 4520.36 3278.56 4624.97 3175.03 4624.97
P1796 0.17 2852.39 3608.68 2924.45 3609.81 2923.19 3690.58 2851.13 3689.45
P1796 0.06 3270.01 4634.77 3293.23 4818.64 3100.82 4842.94 3077.60 4659.08
P1796 0.05 3129.20 4673.66 3234.48 4673.66 3234.48 4776.11 3129.20 4776.11
P1796 0.03 3358.30 5105.99 3637.71 5105.99 3637.71 5419.68 3358.30 5419.68
P2439 0.12 853.62 595.01 966.67 595.01 966.67 714.95 853.62 714.95
P1734 0.06 920.07 885.34 1002.39 885.34 1002.39 980.12 920.07 980.12
P1734 0.04 3418.71 3823.07 3445.94 3823.07 3445.94 3857.74 3418.71 3857.74
P1734 0.04 1252.72 2494.99 1225.44 2495.34 1225.07 2466.25 1252.34 2465.90
P1734 0.04 1978.31 1725.57 1954.41 1728.51 1951.00 1700.68 1974.89 1697.75
P1734 0.03 804.61 343.16 829.96 343.16 829.96 371.08 804.61 371.08
P0669 0.07 71.14 91.72 695.22 91.72 695.22 772.79 71.14 772.79
P1605 0.47 2195.72 1627.10 2231.24 1627.10 2231.24 1655.87 2195.72 1655.87
P1605 0.08 1236.69 3453.63 1244.88 3509.47 1181.31 3516.69 1173.13 3470.56
P1605 0.04 2627.56 549.05 2657.48 549.05 2657.48 574.03 2627.56 574.03
P1605 0.04 1949.29 3097.22 1980.42 3097.22 1980.42 3126.90 1949.29 3126.90
P1605 0.03 3554.59 2085.20 3575.30 2085.20 3575.30 2106.31 3554.59 2106.31
P1605 0.03 3266.81 2839.26 3314.99 2839.26 3314.99 2889.65 3266.81 2889.65
P0640 0.05 0.00 557.26 449.68 557.26 449.68 1119.00 0.00 1119.00
P2715 0.32 2381.35 264.64 2383.00 289.09 2357.83 290.79 2356.18 266.35
P2715 0.11 2467.63 420.72 2514.73 420.72 2514.73 470.10 2467.63 470.10
P1657 0.86 3666.97 3853.69 3667.46 3893.33 3625.66 3893.85 3625.18 3854.21
P1657 0.69 421.00 3289.28 460.10 3289.28 460.10 3329.93 421.00 3329.93
P1657 0.37 3549.94 824.00 3584.28 824.00 3584.28 856.16 3549.94 856.16
P1657 0.26 1326.59 4476.47 1360.94 4476.47 1360.94 4509.16 1326.59 4509.16
P1657 0.16 3109.97 3121.36 3162.11 3129.29 3153.91 3183.21 3101.77 3175.28
P1657 0.06 124.88 576.60 151.05 576.60 151.05 602.31 124.88 602.31
P1657 0.04 2344.99 3296.00 2374.59 3296.00 2374.59 3323.29 2344.99 3323.29
P1657 0.03 2238.36 946.18 2271.85 946.18 2271.85 974.52 2238.36 974.52
P2341 0.25 962.09 568.64 961.73 592.58 935.45 592.18 935.81 568.24
P2649 0.09 934.91 1122.31 933.05 1186.21 855.10 1183.94 856.96 1120.04
P1671 0.87 2909.68 798.05 2958.70 798.76 2957.93 851.87 2908.91 851.16
P1671 0.83 1544.88 2948.19 1484.36 2948.81 1483.73 2887.04 1544.25 2886.43
P1671 0.76 326.43 579.79 326.01 637.30 263.41 636.84 263.83 579.33
P1671 0.18 2530.67 3941.91 2556.83 3941.91 2556.83 3967.06 2530.67 3967.06
P1671 0.06 369.78 592.22 407.31 592.22 407.31 626.68 369.78 626.68
P1671 0.06 3076.72 2620.10 3108.69 2620.10 3108.69 2648.96 3076.72 2648.96
P1671 0.03 1769.13 1150.41 1743.92 1151.12 1743.18 1124.80 1768.38 1124.09
P1567 0.86 2332.31 1294.52 2332.05 1350.82 2269.44 1350.53 2269.71 1294.23
P1567 0.35 2321.79 2613.81 2346.79 2613.81 2346.79 2637.23 2321.79 2637.23
P1567 0.08 2685.36 1988.12 2720.96 1988.12 2720.96 2021.80 2685.36 2021.80
P1567 0.07 1982.64 1653.71 2011.95 1654.08 2011.51 1688.32 1982.20 1687.95
P1567 0.06 3094.71 3228.11 3113.07 3228.11 3113.07 3247.42 3094.71 3247.42
P1567 0.05 3622.32 644.21 3666.73 644.21 3666.73 687.02 3622.32 687.02
P1567 0.03 2829.68 2826.11 2860.18 2826.11 2860.18 2855.64 2829.68 2855.64
P2338 0.03 3117.75 902.50 3338.96 902.50 3338.96 1024.00 3117.75 1024.00
