P2345 0.06 237.77 91.77 257.65 118.78 212.80 151.81 192.92 124.81
P2345 0.04 1333.63 973.57 1344.28 1015.72 1319.51 1024.00 1309.08 982.61
P2345 0.04 1249.06 1177.04 1267.77 1179.10 1264.76 1206.48 1246.05 1204.42
P2345 0.03 1410.66 947.00 1437.84 1016.54 1365.84 1044.67 1338.67 975.14
P2172 0.02 476.59 621.32 499.38 633.92 487.16 661.21 464.45 648.05
P2773 0.07 3107.56 664.25 3127.61 664.25 3127.61 694.59 3107.56 694.59
P0802 0.86 89.34 112.97 214.49 128.03 186.46 337.17 61.41 321.10
P0802 0.64 -6.23 84.50 105.40 110.55 57.90 314.09 -53.73 288.04
P1855 0.06 2511.88 79.32 2561.75 142.16 2465.58 197.06 2416.10 136.01
P1855 0.04 2521.87 75.80 2559.71 130.76 2466.56 194.91 2428.72 139.95
P0927 0.06 285.55 3676.10 208.90 3678.72 205.21 3570.37 281.86 3567.76
P2212 0.05 1707.90 713.80 1650.64 717.55 1645.46 638.57 1702.73 634.82
P2212 0.04 1446.49 1031.82 1426.41 1039.35 1410.50 996.94 1430.58 989.40
P2212 0.03 1395.41 1045.93 1377.09 1054.06 1359.48 1014.36 1377.80 1006.24
P0155 0.87 692.50 607.82 733.57 681.94 686.61 708.77 645.71 635.28
P0155 0.86 787.15 667.56 737.87 689.66 700.54 606.43 749.82 584.33
P0155 0.86 692.87 602.97 640.93 627.53 603.04 547.40 654.98 522.84
P0155 0.86 703.30 497.95 745.12 575.37 700.90 604.68 659.37 528.21
P0155 0.86 801.45 551.54 747.71 574.90 712.57 494.10 766.32 470.74
P0155 0.86 649.82 516.50 600.85 538.26 567.11 462.31 616.08 440.55
P0155 0.85 797.45 561.44 833.49 622.00 790.98 649.36 755.16 589.20
P0155 0.17 729.26 396.09 764.75 466.71 715.82 493.98 680.16 424.72
P0155 0.11 681.58 421.25 714.63 477.82 681.32 504.22 648.57 448.27
P0155 0.06 778.97 398.80 798.07 446.15 766.19 460.36 747.24 413.49
P0155 0.03 672.37 605.09 678.11 617.40 661.83 625.00 656.09 612.69
P0155 0.02 1011.12 355.58 1040.29 395.70 992.92 423.87 964.19 384.16
P2607 0.04 401.63 3548.69 348.99 3615.08 279.31 3559.83 331.95 3493.44
P2607 0.03 283.03 3433.02 336.62 3477.57 266.77 3561.59 213.18 3517.04
P1379 0.76 3579.22 3452.99 3668.31 3501.44 3594.15 3627.56 3504.72 3577.41
P1379 0.68 3512.62 3410.17 3577.49 3450.91 3500.71 3567.30 3435.15 3525.52
P1379 0.53 2794.40 3948.11 2872.15 3987.37 2812.91 4104.70 2735.16 4065.45
P1379 0.49 1391.90 3934.03 1466.76 3985.89 1359.75 4140.38 1284.88 4088.52
P1379 0.08 1250.02 3293.19 1338.22 3365.63 1221.43 3501.36 1133.47 3424.37
P1379 0.03 3587.60 3275.45 3714.18 3381.80 3645.02 3472.18 3517.29 3363.06
P1379 0.03 1322.21 4074.54 1369.66 4103.89 1347.41 4121.69 1299.41 4091.91
P2136 0.87 420.72 1102.04 362.23 1108.44 351.83 1013.35 410.32 1006.95
P2136 0.87 499.02 969.87 571.49 969.87 571.49 1092.20 499.02 1092.20
P2136 0.87 340.77 1019.83 353.52 1102.32 294.51 1112.61 282.48 1032.85
P2136 0.87 417.05 980.77 488.65 980.77 488.65 1103.77 417.05 1103.77
P2277 0.03 489.93 176.47 536.91 188.51 518.02 262.26 471.04 250.23
P2041 0.03 1188.36 871.95 1334.32 1002.70 1183.50 1180.09 1036.58 1042.31
P2041 0.03 1065.57 789.94 1193.76 876.87 1053.47 1024.00 924.42 932.89
P1372 0.17 1277.37 452.29 1289.95 464.92 1260.41 494.35 1247.83 481.72
P2402 0.03 1142.32 1316.00 1157.79 1335.61 1123.96 1362.30 1108.49 1342.68
P2694 0.25 756.00 976.98 775.21 997.40 741.08 1029.50 721.87 1009.08
P2694 0.24 80.65 1643.87 117.47 1680.83 73.73 1724.40 36.91 1687.45
P2694 0.2 103.93 1689.25 123.97 1705.36 99.81 1734.23 79.57 1717.72
P2694 0.03 2672.83 2011.75 2698.82 2019.74 2681.90 2074.70 2655.92 2066.71
P2694 0.02 185.04 1381.51 210.98 1425.94 181.90 1444.99 155.98 1400.21
P1263 0.82 2580.13 3485.63 2595.85 3493.97 2578.96 3525.81 2563.24 3517.48
P1263 0.79 3536.65 3388.38 3526.15 3405.25 3494.78 3385.72 3505.28 3368.85
P1263 0.75 2609.93 3495.33 2625.62 3503.71 2607.68 3537.31 2591.98 3528.92
P1263 0.69 2604.07 3494.91 2627.36 3505.72 2613.61 3541.58 2590.30 3530.41
P1263 0.49 2594.62 3492.64 2607.38 3498.86 2592.85 3528.70 2580.09 3522.49
P1448 0.88 4198.59 4656.01 4317.36 4656.01 4317.36 4871.19 4198.59 4871.19
P1448 0.87 254.30 4350.25 152.15 4402.04 63.35 4226.91 165.50 4175.12
P1448 0.87 4322.91 4659.70 4438.61 4659.70 4438.61 4866.36 4322.91 4866.36
P1448 0.86 358.61 4299.02 256.78 4349.75 167.40 4170.34 269.22 4119.61
P1448 0.85 6023.60 4142.81 6026.86 4249.10 5829.17 4255.15 5825.92 4148.87
P1448 0.84 738.43 1026.11 811.03 1095.31 673.72 1243.94 600.73 1175.93
P1448 0.83 149.54 4409.45 43.91 4457.35 -37.95 4276.83 67.68 4228.93
P1448 0.81 6020.55 4026.15 6019.89 4137.67 5838.46 4136.60 5839.12 4025.08
P1448 0.8 627.48 950.70 722.07 1038.01 587.39 1179.29 492.46 1092.69
P1448 0.79 4077.97 4662.43 4202.33 4662.43 4202.33 4873.26 4077.97 4873.26
P1448 0.76 3947.53 4654.00 4076.75 4654.00 4076.75 4866.75 3947.53 4866.75
P1448 0.76 928.38 1173.53 1024.00 1263.59 900.37 1402.52 804.54 1312.56
P1448 0.71 1025.77 1236.16 1108.92 1329.52 995.25 1473.56 911.95 1381.20
P1448 0.6 846.16 1103.62 916.68 1180.51 802.66 1323.38 732.43 1246.46
P1448 0.5 1137.76 1324.70 1218.87 1404.36 1082.32 1529.47 1000.90 1450.41
P1448 0.47 896.05 1434.90 989.21 1532.18 881.20 1652.90 788.35 1556.14
P1448 0.25 6111.98 2074.42 6190.79 2074.42 6190.79 2121.10 6111.98 2121.10
P1448 0.19 6022.87 4268.55 6025.66 4375.88 5838.86 4380.74 5836.07 4273.41
P1448 0.19 517.69 1133.43 601.03 1208.31 475.78 1347.70 392.45 1272.82
P1448 0.19 995.66 1512.74 1078.64 1602.88 965.67 1702.74 883.23 1613.11
P1448 0.17 557.11 1175.70 692.07 1288.89 585.26 1406.92 450.19 1292.46
P1448 0.14 6243.49 1450.36 6152.30 1464.82 6112.20 1212.03 6203.40 1197.57
P1448 0.1 714.88 1291.47 781.72 1364.60 677.45 1479.10 610.53 1408.04
P1448 0.05 6109.07 2117.52 6192.08 2117.52 6192.08 2158.38 6109.07 2158.38
P1448 0.04 1296.18 1741.89 1396.35 1804.15 1287.64 1933.22 1187.33 1870.35
P1448 0.04 805.59 1342.83 906.33 1453.96 791.16 1586.76 690.70 1475.08
P1448 0.04 5195.58 4676.30 5285.53 4676.30 5285.53 4809.52 5195.58 4809.52
P1448 0.04 5484.19 4675.67 5744.50 4675.67 5744.50 4775.29 5484.19 4775.29
P1448 0.04 3343.75 4097.69 3212.85 4104.93 3205.28 3968.08 3336.18 3960.83
P1448 0.03 2368.44 2110.81 2481.58 2110.81 2481.58 2266.72 2368.44 2266.72
P1448 0.03 1324.40 1748.21 1392.54 1789.03 1305.00 1848.00 1237.19 1808.50
P1448 0.03 2455.51 2386.71 2545.08 2488.40 2465.94 2576.27 2376.46 2474.66
P1448 0.03 5006.25 3361.59 5144.00 3361.59 5144.00 3496.00 5006.25 3496.00
P1448 0.03 1402.95 1825.09 1484.15 1896.66 1397.20 1995.76 1315.81 1923.85
P1448 0.03 4985.28 4671.04 5067.77 4671.04 5067.77 4812.94 4985.28 4812.94
P1448 0.03 6027.34 4377.07 6029.63 4471.13 5826.23 4476.07 5823.95 4382.01
P1448 0.02 4661.10 4660.00 4775.33 4660.00 4775.33 4816.46 4661.10 4816.46
P1461 0.89 5655.88 3658.01 5783.63 3659.89 5780.45 3876.22 5652.70 3874.34
P1461 0.88 681.24 832.02 811.62 832.02 811.62 1024.00 681.24 1024.00
P1461 0.88 5788.32 3665.99 5906.00 3665.99 5906.00 3875.71 5788.32 3875.71
P1461 0.88 5777.70 4197.10 5653.50 4197.86 5652.18 3979.88 5776.38 3979.13
P1461 0.88 573.95 597.01 700.94 597.01 700.94 802.48 573.95 802.48
P1461 0.87 5915.38 4180.60 5790.19 4186.79 5780.27 3986.08 5905.46 3979.89
P1461 0.87 849.47 615.19 965.36 628.84 940.57 839.13 824.69 825.47
P1461 0.87 806.17 846.86 936.50 846.86 936.50 1055.19 806.17 1055.19
P1461 0.87 704.84 610.48 832.23 610.48 832.23 820.29 704.84 820.29
P1461 0.87 420.30 824.00 547.22 824.00 547.22 1004.67 420.30 1004.67
P1461 0.87 551.74 824.00 679.61 824.00 679.61 1017.42 551.74 1017.42
P1461 0.86 436.51 577.92 572.80 577.92 572.80 787.42 436.51 787.42
P1461 0.05 1074.88 4671.56 1162.86 4708.52 1125.42 4797.66 1037.44 4760.70
P2782 0.86 2025.34 538.66 1907.97 548.74 1889.59 334.69 2006.96 324.61
P2684 0.07 2498.02 1365.90 2544.61 1636.51 2391.52 1675.06 2346.19 1408.62
P2684 0.06 2875.05 589.86 2763.17 604.42 2744.86 463.68 2856.74 449.13
P0197 0.87 866.98 202.78 981.02 204.79 977.07 428.83 863.03 426.82
P0197 0.87 737.48 466.90 847.97 467.00 847.79 682.51 737.30 682.42
P0197 0.87 987.70 210.12 1104.44 210.12 1104.44 429.49 987.70 429.49
P0197 0.04 858.00 400.24 736.20 411.02 721.10 240.34 842.89 229.56
P2652 0.88 976.52 2917.55 854.32 2918.21 853.19 2710.23 975.39 2709.57
P2652 0.88 1107.30 2696.01 1224.88 2696.01 1224.88 2909.35 1107.30 2909.35
P2652 0.88 980.19 2464.50 1100.62 2464.50 1100.62 2672.00 980.19 2672.00
P2652 0.88 1104.55 2458.07 1225.93 2458.07 1225.93 2672.00 1104.55 2672.00
P2652 0.88 715.06 2467.88 839.11 2467.88 839.11 2672.00 715.06 2672.00
P2652 0.88 845.25 2469.56 970.13 2469.56 970.13 2672.00 845.25 2672.00
P2652 0.88 847.03 2920.86 724.03 2921.59 722.77 2711.22 845.77 2710.49
P2652 0.88 960.48 2440.15 841.10 2445.33 831.63 2226.94 951.01 2221.76
P2652 0.88 1095.20 2440.75 972.32 2445.38 963.97 2223.97 1086.85 2219.33
P2652 0.87 600.32 2911.91 482.02 2912.17 481.54 2695.95 599.85 2695.68
P2652 0.87 1231.95 2436.15 1101.59 2440.60 1094.16 2222.78 1224.52 2218.33
P2652 0.87 596.66 2672.38 473.25 2676.00 467.17 2468.64 590.58 2465.02
P2652 0.87 826.49 2440.60 712.27 2441.43 710.70 2227.55 824.93 2226.72
P2652 0.87 1101.28 2914.57 983.42 2914.81 983.00 2707.12 1100.86 2706.88
P2652 0.87 483.37 2238.47 592.84 2238.47 592.84 2443.97 483.37 2443.97
P2652 0.07 619.37 2773.12 699.67 2773.12 699.67 2904.39 619.37 2904.39
P2652 0.06 609.88 2420.96 688.80 2420.96 688.80 2545.34 609.88 2545.34
P2652 0.05 605.48 2252.96 687.57 2252.96 687.57 2368.80 605.48 2368.80
P2652 0.03 609.50 2597.06 691.58 2597.06 691.58 2733.46 609.50 2733.46
P2208 0.34 1851.10 598.60 1792.96 600.11 1790.46 503.90 1848.61 502.39
P1326 0.03 3342.81 2778.73 3351.82 2793.49 3314.25 2816.43 3305.24 2801.67
P0842 0.08 1656.48 159.40 1673.02 167.36 1659.28 194.72 1642.60 186.43
P1227 0.29 1962.20 3032.79 1980.95 3039.07 1968.44 3076.40 1949.70 3070.12
P2383 0.03 496.19 283.57 524.08 304.45 509.03 321.12 480.79 299.49
P2383 0.03 482.48 294.76 530.99 340.74 475.37 399.41 426.87 353.43
P0135 0.17 1714.71 1685.16 1619.57 1747.27 1504.93 1571.66 1600.07 1509.55
P1423 0.03 1166.84 1705.50 1228.96 1800.25 1129.87 1848.00 1069.10 1756.13
P2425 0.25 321.96 684.23 379.75 691.41 373.71 746.14 316.12 738.16
P1447 0.86 434.42 1372.00 491.23 1372.00 491.23 1471.36 434.42 1471.36
P1447 0.86 482.08 1355.01 424.03 1357.44 419.65 1252.72 477.70 1250.30
P1447 0.82 419.36 1138.31 476.97 1138.31 476.97 1238.41 419.36 1238.41
P1447 0.69 390.10 2130.25 449.80 2130.25 449.80 2238.41 390.10 2238.41
P1447 0.11 696.24 1015.22 746.60 1015.30 746.47 1104.99 696.11 1104.92
P1447 0.1 832.29 1154.86 870.31 1154.86 870.31 1242.40 832.29 1242.40
P1447 0.1 770.56 1155.87 807.62 1155.87 807.62 1240.18 770.56 1240.18
P1447 0.1 498.55 1148.64 541.77 1149.85 539.41 1233.96 496.18 1232.75
P1447 0.06 566.05 1015.89 615.82 1015.89 615.82 1104.49 566.05 1104.49
P1447 0.06 457.58 2141.32 514.23 2141.32 514.23 2235.35 457.58 2235.35
P1447 0.04 633.59 1014.21 677.09 1014.52 676.44 1104.87 632.94 1104.56
P1447 0.03 704.06 1152.05 746.07 1152.05 746.07 1245.73 704.06 1245.73
P1447 0.03 407.39 1454.49 374.56 1455.72 372.40 1398.41 405.23 1397.18
P1447 0.03 545.07 1096.54 499.22 1098.11 496.49 1018.35 542.34 1016.78
P0773 0.04 1521.73 243.32 1462.13 264.63 1426.74 165.64 1486.35 144.33
P0773 0.03 1552.02 342.50 1564.08 376.29 1517.73 392.84 1505.67 359.05
P1381 0.25 1349.98 3724.34 1381.41 3783.30 1294.77 3829.48 1263.34 3770.52
P1381 0.09 1410.80 2080.60 1349.12 2095.92 1328.52 2012.98 1390.21 1997.66
P1381 0.04 1977.49 3947.47 1943.23 3962.25 1927.43 3925.63 1961.69 3910.85
P1381 0.04 332.70 2678.27 281.55 2692.25 258.89 2609.32 310.04 2595.34
P1381 0.03 629.76 103.63 663.35 277.57 520.93 303.53 488.09 133.73
P1381 0.03 2542.30 4268.00 2641.67 4449.59 2509.67 4497.12 2411.10 4317.78
P1381 0.03 863.46 373.03 883.38 406.04 836.13 434.57 816.20 401.56
P0667 0.88 583.25 604.33 493.32 675.70 371.06 521.64 460.99 450.27
P0667 0.88 377.62 771.12 286.75 840.52 166.35 682.88 257.22 613.48
P0667 0.87 476.83 686.11 384.46 758.75 264.64 606.39 357.00 533.75
P0667 0.87 684.59 524.75 593.18 594.87 473.25 438.53 564.66 368.41
P0667 0.86 786.71 440.89 696.20 510.28 579.15 357.60 669.66 288.21
P1648 0.03 3008.89 2581.13 3028.91 2599.54 3011.52 2627.83 2991.40 2609.22
P2254 0.21 999.05 875.87 1044.50 875.87 1044.50 957.19 999.05 957.19
P0671 0.72 704.18 53.09 875.76 125.39 831.02 236.26 659.31 161.11
P0671 0.27 776.53 0.00 928.57 62.11 860.90 118.51 707.95 55.01
P0671 0.25 669.39 177.12 835.44 231.41 790.29 352.86 624.13 295.98
P2263 0.56 539.02 440.05 558.05 459.73 524.29 492.38 505.26 472.69
P2263 0.47 522.49 427.98 565.40 464.87 536.25 495.14 493.47 458.07
P2263 0.25 524.67 430.54 538.12 445.34 508.76 472.01 495.32 457.21
P2263 0.09 551.59 464.83 562.12 478.60 536.35 498.29 525.83 484.53
P2263 0.03 567.35 496.82 588.52 516.58 576.43 534.30 555.11 514.21
P2361 0.86 590.05 1872.01 608.90 1889.53 576.14 1924.77 557.29 1907.25
P2361 0.03 263.27 461.56 234.05 493.66 156.86 423.42 186.07 391.31
P1123 0.06 5838.59 1218.93 5867.99 1336.69 5755.60 1352.74 5726.98 1236.87
P2763 0.56 3218.34 2984.22 3120.80 2987.22 3115.31 2808.69 3212.86 2805.70
P2763 0.49 911.33 313.72 858.15 319.45 850.81 251.38 903.99 245.65
P2763 0.39 4359.80 2543.17 4364.11 2631.28 4171.31 2640.71 4167.00 2552.61
P2763 0.29 3119.26 2595.54 3212.76 2595.54 3212.76 2746.54 3119.26 2746.54
P2763 0.25 4990.12 3820.96 4956.46 3821.16 4955.98 3742.27 4989.64 3742.07
P2763 0.19 3012.22 2738.57 2930.49 2740.74 2926.89 2605.21 3008.61 2603.04
P2763 0.19 2920.77 2754.08 2837.69 2757.25 2832.34 2617.17 2915.42 2614.00
P2763 0.17 361.80 2816.27 255.84 2841.46 227.60 2722.66 333.56 2697.47
P2763 0.17 991.19 246.29 994.06 319.96 912.15 323.15 909.28 249.48
P2763 0.1 5673.93 4129.46 5775.73 4131.22 5773.09 4284.47 5671.29 4282.72
P2763 0.1 5133.04 252.81 5025.83 260.23 5012.07 61.32 5119.27 53.90
P2763 0.09 4986.39 3742.32 5018.04 3742.96 5016.49 3819.68 4984.84 3819.04
P2763 0.08 4057.49 150.17 4163.06 151.66 4161.40 269.27 4055.83 267.78
P2763 0.07 3116.20 3674.78 3179.17 3679.24 3173.59 3758.09 3110.62 3753.63
P2763 0.06 5003.86 3237.51 5047.31 3238.44 5045.66 3315.18 5002.21 3314.24
P2763 0.06 5212.71 3785.90 5245.73 3786.63 5243.94 3867.95 5210.92 3867.23
P2763 0.05 1682.93 2312.92 1819.06 2312.92 1819.06 2472.91 1682.93 2472.91
P2763 0.05 5369.92 3268.87 5509.82 3268.87 5509.82 3387.03 5369.92 3387.03
P2763 0.05 5014.92 256.91 4928.58 265.01 4909.32 59.63 4995.66 51.53
P2763 0.05 2502.05 4099.09 2464.55 4099.23 2464.28 4027.04 2501.78 4026.90
P2763 0.05 768.23 520.37 807.62 521.86 804.46 605.58 765.07 604.10
P2763 0.04 4936.04 3923.31 4880.66 3928.68 4873.48 3854.65 4928.85 3849.27
P2763 0.04 3111.09 2967.51 3033.56 2967.52 3033.54 2825.71 3111.07 2825.70
P2763 0.04 3011.02 2972.74 2934.39 2973.99 2931.93 2823.76 3008.56 2822.50
P2763 0.04 5067.14 3839.21 5065.54 3927.68 4935.92 3925.34 4937.52 3836.86
P2763 0.04 3119.71 2733.15 3037.37 2737.20 3030.74 2602.39 3113.08 2598.34
P2763 0.04 3291.92 3372.16 3190.88 3376.32 3185.86 3254.15 3286.89 3250.00
P2763 0.04 954.40 3515.80 978.31 3655.16 802.57 3685.31 778.66 3545.95
P2763 0.04 5012.84 3747.05 5044.28 3747.53 5043.27 3813.53 5011.83 3813.05
P2763 0.03 5447.45 3690.00 5371.94 3693.05 5366.02 3546.82 5441.53 3543.76
P2763 0.03 5059.59 3791.86 5035.84 3792.17 5035.38 3756.42 5059.13 3756.11
P2763 0.03 4192.91 2551.33 4249.68 2552.04 4248.47 2648.82 4191.70 2648.11
P2763 0.03 3380.17 2001.13 3433.71 2001.13 3433.71 2094.00 3380.17 2094.00
P2763 0.03 5515.30 135.89 5474.35 137.52 5471.40 63.46 5512.35 61.82
P2763 0.03 970.00 3953.67 975.19 4026.19 859.16 4034.50 853.97 3961.97
P2763 0.03 956.74 1834.61 863.98 1834.64 863.94 1692.22 956.71 1692.19
P2763 0.03 3203.05 4094.81 3119.40 4094.95 3119.20 3969.07 3202.86 3968.94
P2763 0.03 2840.57 2826.08 2921.73 2826.82 2920.32 2980.48 2839.16 2979.74
P2524 0.47 1032.99 216.42 1082.71 224.18 1071.64 267.63 1022.00 259.70
P2524 0.14 1083.31 229.52 1113.50 235.40 1106.89 276.61 1076.73 270.36
P2487 0.03 140.31 2004.39 140.61 2036.49 106.42 2036.81 106.11 2004.71
P1153 0.03 900.17 970.35 806.23 986.40 780.36 834.97 874.30 818.92
P1206 0.26 2989.43 883.93 2999.11 917.50 2982.25 923.83 2972.75 890.68
P0051 0.71 1400.61 1099.87 1444.98 1180.40 1314.33 1226.64 1270.67 1147.94
P0051 0.51 1248.04 1154.59 1296.71 1234.89 1174.04 1280.55 1125.93 1201.64
P0051 0.4 656.64 2732.68 701.83 2878.53 604.14 2897.96 559.72 2753.56
P0051 0.35 609.55 2588.36 647.08 2731.92 549.11 2759.67 512.32 2618.74
P0051 0.34 3925.32 3089.10 3848.00 3119.14 3794.28 2980.89 3871.60 2950.85
P0051 0.07 592.33 2589.20 625.65 2653.68 551.43 2672.00 519.11 2608.21
P0051 0.07 2752.79 1170.34 2785.42 1249.49 2641.78 1308.71 2609.15 1229.55
P0051 0.06 2719.70 1083.63 2751.51 1170.22 2608.14 1222.89 2576.33 1136.30
P0051 0.06 2590.86 1096.24 2543.61 1113.27 2510.26 1020.77 2557.52 1003.74
P0051 0.04 2532.52 1103.64 2492.38 1117.41 2466.57 1042.20 2506.72 1028.43
P0051 0.03 3070.43 2338.94 3178.19 2552.49 3073.88 2598.59 2965.73 2384.80
P0051 0.03 2432.92 3543.67 2470.23 3576.99 2406.23 3613.37 2368.54 3580.30
P0051 0.03 2356.56 4529.64 2316.56 4543.74 2286.42 4458.18 2326.41 4444.09
P0051 0.03 2388.90 3384.81 2411.80 3431.63 2334.87 3453.67 2312.74 3407.92
P0051 0.03 2177.69 904.82 2133.55 920.50 2101.04 828.92 2145.19 813.25
P0051 0.03 2226.87 885.22 2187.33 899.68 2155.28 812.11 2194.82 797.64
P0051 0.03 2376.97 3329.70 2393.84 3370.89 2310.79 3404.90 2293.92 3363.70
P1271 0.84 5189.56 3597.43 5167.27 3601.73 5159.73 3562.65 5182.02 3558.35
P1271 0.81 5174.44 3323.53 5150.04 3328.13 5142.96 3290.59 5167.36 3286.00
P1271 0.8 5158.99 3563.61 5165.51 3600.09 5146.73 3604.86 5140.43 3569.27
P1271 0.8 5194.48 3320.99 5173.77 3323.87 5168.53 3286.19 5189.24 3283.31
P1271 0.75 5150.65 3325.61 5129.81 3329.06 5123.96 3293.80 5144.81 3290.34
P1271 0.49 5207.06 3592.48 5189.74 3595.87 5182.57 3559.26 5199.89 3555.87
P1271 0.47 5120.72 3292.64 5128.03 3326.41 5110.80 3332.50 5103.69 3299.82
P2737 0.19 1261.78 611.03 1273.19 629.49 1241.74 648.92 1230.34 630.46
P2737 0.17 3168.82 2565.41 3177.72 2615.58 3157.49 2620.68 3148.74 2571.04
P2737 0.17 848.04 1254.81 859.40 1273.72 836.94 1286.40 825.62 1267.69
P2737 0.16 902.02 1042.99 907.49 1055.89 878.81 1068.05 873.34 1055.15
P2737 0.11 1272.65 637.48 1293.55 668.24 1270.23 684.53 1249.28 653.23
P2737 0.06 2941.53 889.00 2955.51 896.72 2947.11 928.64 2933.14 920.85
P2737 0.04 2587.39 1840.72 2616.95 1861.48 2601.25 1884.28 2571.66 1862.97
P2737 0.04 3263.34 2193.86 3297.77 2209.76 3285.87 2248.98 3251.67 2232.37
P2737 0.03 2635.59 1854.03 2665.54 1865.59 2646.23 1912.77 2616.28 1900.37
P2737 0.03 1413.06 197.72 1432.96 220.04 1405.16 246.05 1385.37 223.62
P2737 0.03 3296.60 2212.60 3285.30 2242.34 3253.66 2230.32 3264.96 2200.58
P2737 0.02 845.86 1143.17 857.72 1166.49 845.90 1174.87 833.95 1151.47
P1188 0.88 661.99 823.75 542.08 828.87 532.89 613.89 652.80 608.76
P1188 0.87 539.78 828.88 421.52 833.30 413.63 622.24 531.90 617.82
P1334 0.53 1203.90 2411.67 1181.30 2417.48 1170.92 2377.08 1193.52 2371.27
P1334 0.3 1175.03 2376.06 1182.38 2416.42 1163.35 2423.49 1156.20 2383.99
P1334 0.07 1213.93 2406.56 1199.20 2409.93 1191.57 2376.60 1206.31 2373.23
P1334 0.03 1198.39 2411.03 1206.01 2440.20 1181.53 2446.49 1174.22 2418.20
P1334 0.03 529.47 3889.02 510.13 3893.23 505.24 3870.79 524.58 3866.57
P0134 0.79 397.63 1404.55 450.24 1404.55 450.24 1493.84 397.63 1493.84
P2161 0.03 849.53 1588.79 862.17 1621.15 820.69 1633.15 808.26 1601.47
P1008 0.84 3458.29 1739.06 3528.55 1739.06 3528.55 1832.00 3458.29 1832.00
P1378 0.16 991.65 2144.86 993.51 2171.93 935.73 2175.92 933.86 2148.84
P1378 0.06 2609.16 3882.50 2560.63 3884.21 2557.88 3806.04 2606.41 3804.33
P1378 0.05 979.40 2431.27 1002.72 2431.27 1002.72 2460.41 979.40 2460.41
P1378 0.05 439.06 1737.37 412.27 1766.93 341.71 1703.00 368.50 1673.43
P1378 0.04 1036.06 2484.17 1011.56 2486.15 1007.58 2436.78 1032.08 2434.80
P1129 0.03 593.87 1873.52 656.69 1885.19 643.75 1954.86 580.93 1943.19
P1857 0.08 829.32 3451.89 888.88 3451.89 888.88 3496.00 829.32 3496.00
P1857 0.06 894.83 3450.08 964.20 3450.08 964.20 3570.12 894.83 3570.12
P1112 0.04 9259.50 11.55 9357.73 59.33 9284.61 157.45 9186.88 109.84
P0480 0.65 490.25 0.00 614.67 0.00 614.67 114.56 490.25 114.56
P1655 0.1 850.41 897.63 859.44 936.20 837.68 943.31 828.85 905.52
P2648 0.89 1664.57 580.22 1541.35 584.55 1533.30 355.31 1656.52 350.98
P2648 0.89 1672.96 819.23 1548.73 822.82 1542.43 604.46 1666.66 600.88
P2648 0.89 1557.14 1071.68 1433.21 1072.82 1431.13 846.29 1555.06 845.15
P2648 0.88 1563.30 1081.27 1687.92 1081.27 1687.92 1311.34 1563.30 1311.34
P2648 0.88 1566.79 1322.29 1697.83 1322.29 1697.83 1551.66 1566.79 1551.66
P2648 0.88 1680.17 835.87 1809.34 835.87 1809.34 1068.70 1680.17 1068.70
P2648 0.88 1557.29 839.19 1679.94 839.19 1679.94 1071.11 1557.29 1071.11
P2648 0.88 1437.70 1085.59 1562.13 1085.59 1562.13 1321.79 1437.70 1321.79
P2648 0.88 1540.04 581.21 1414.43 585.74 1406.49 365.40 1532.10 360.87
P2648 0.88 1549.96 823.78 1428.03 828.73 1418.99 605.64 1540.92 600.70
P2648 0.87 1798.52 814.01 1680.79 820.66 1668.79 608.18 1786.52 601.53
P2648 0.87 1448.30 1330.65 1569.23 1332.20 1566.52 1542.91 1445.59 1541.35
P2648 0.85 1659.39 358.80 1773.21 358.80 1773.21 581.18 1659.39 581.18
P2648 0.84 1686.68 1082.70 1801.88 1082.70 1801.88 1304.96 1686.68 1304.96
P2648 0.82 1695.80 1320.33 1813.86 1320.33 1813.86 1528.29 1695.80 1528.29
P2648 0.03 1444.74 1282.18 1437.89 1542.43 1023.96 1531.54 1030.81 1271.29
P1290 0.07 1685.60 2606.81 1714.28 2629.33 1696.88 2648.90 1668.10 2626.13
P1590 0.02 3747.19 2420.22 3769.10 2445.72 3752.42 2468.38 3730.54 2442.83
P2760 0.74 2193.64 3348.15 2171.67 3365.69 2140.25 3326.33 2162.23 3308.79
P2760 0.32 2169.69 3364.06 2150.54 3382.09 2123.01 3352.85 2142.16 3334.82
P2760 0.24 2791.66 19.46 2806.83 39.85 2766.43 69.91 2751.26 49.53
P2760 0.08 3364.19 1841.49 3380.14 1869.55 3330.84 1888.65 3315.07 1861.22
P2760 0.05 1927.95 2990.24 1957.01 3012.47 1927.75 3046.62 1898.78 3023.98
P2760 0.04 926.92 841.11 937.14 870.10 898.18 882.55 888.27 854.38
P0154 0.03 847.32 570.02 823.54 581.07 802.96 536.79 826.74 525.73
P0132 0.82 626.13 386.43 803.31 386.43 803.31 498.95 626.13 498.95
P0132 0.82 855.03 274.98 1024.00 274.98 1024.00 379.87 855.03 379.87
P0132 0.79 632.57 273.54 804.75 273.54 804.75 368.65 632.57 368.65
P0132 0.76 619.42 636.80 794.22 636.80 794.22 737.70 619.42 737.70
P0132 0.76 850.72 397.73 1024.00 397.73 1024.00 499.07 850.72 499.07
P0132 0.76 838.97 634.71 1022.73 634.71 1022.73 748.03 838.97 748.03
P0132 0.74 1021.27 529.19 1015.40 625.26 846.03 614.91 851.90 518.85
P0132 0.71 627.89 515.72 795.81 515.72 795.81 605.14 627.89 605.14
P0132 0.03 2099.15 558.56 1952.50 562.90 1945.95 341.48 2092.60 337.14
P2360 0.06 65.32 1279.58 98.26 1321.03 72.11 1340.52 39.14 1298.44
P2360 0.04 97.11 1801.80 111.91 1817.14 90.14 1838.14 75.34 1822.80
P1229 0.64 2340.35 2281.21 2347.26 2296.41 2313.06 2311.95 2306.15 2296.76
P1229 0.64 2350.20 2303.89 2358.57 2321.74 2325.27 2337.35 2316.90 2319.51
P1229 0.17 3929.50 2372.27 3937.27 2409.64 3919.12 2414.58 3911.47 2377.62
P1229 0.17 3312.77 2615.58 3320.41 2634.40 3287.39 2647.81 3279.75 2628.99
P1229 0.14 2345.62 2294.12 2351.04 2305.40 2320.39 2320.14 2314.96 2308.86
P1229 0.14 3928.55 2364.78 3907.93 2369.03 3899.75 2329.28 3920.36 2325.03
P1229 0.03 3774.26 3571.54 3782.55 3588.39 3750.13 3604.35 3741.84 3587.51
P1767 0.03 2559.07 2976.00 2572.13 3012.35 2547.99 3019.36 2535.19 2983.58
P1226 0.7 200.16 3269.28 177.12 3277.95 162.81 3239.90 185.86 3231.24
P0102 0.87 19.38 961.04 135.93 974.38 116.03 1154.28 0.00 1140.12
P0657 0.88 93.86 305.49 214.26 326.11 184.49 499.98 64.09 479.36
P0657 0.87 114.94 136.12 237.83 152.81 214.05 327.89 91.16 311.20
P0657 0.87 108.04 135.38 237.63 147.25 216.24 320.18 87.10 307.54
P2120 0.84 944.98 856.99 904.54 902.38 824.47 831.04 864.91 785.65
P2120 0.81 862.07 785.68 947.67 848.44 901.00 904.62 815.94 840.97
P1183 0.03 1491.96 1356.90 1532.10 1395.69 1443.31 1487.59 1403.16 1448.79
P1183 0.03 1534.42 1401.79 1571.40 1433.56 1489.27 1529.18 1452.28 1497.41
P1363 0.1 4818.38 3033.90 4833.66 3079.95 4784.67 3093.74 4769.68 3048.90
P1363 0.04 4809.83 2985.33 4824.84 3030.34 4777.16 3044.29 4762.50 3000.40
P1363 0.03 880.17 68.22 915.60 68.22 915.60 96.06 880.17 96.06
P2463 0.05 74.82 610.37 98.68 619.29 88.10 647.59 64.24 638.67
P2340 0.03 782.54 1613.55 772.02 1630.95 740.41 1611.85 750.93 1594.45
P2340 0.03 753.07 1591.76 783.78 1609.75 769.46 1630.32 738.80 1611.66
P2806 0.88 419.45 288.03 526.35 300.73 501.23 512.26 394.33 499.56
P2806 0.85 345.48 279.37 411.48 287.63 395.37 416.37 329.37 408.11
P1244 0.45 2571.77 2234.88 2593.55 2261.29 2579.35 2276.07 2557.50 2249.63
P1244 0.27 2714.36 2792.89 2734.88 2799.18 2724.44 2833.22 2703.91 2826.92
P1244 0.25 2880.14 1797.52 2864.94 1807.38 2844.26 1775.49 2859.46 1765.63
P1244 0.1 757.08 1959.79 786.31 1971.59 774.34 1991.18 745.13 1979.25
P1244 0.08 3361.81 1821.56 3369.51 1842.54 3344.91 1850.27 3337.32 1829.99
P1244 0.07 2904.31 1788.09 2881.13 1800.85 2861.06 1764.36 2884.24 1751.61
P1244 0.06 3044.46 2264.00 3024.07 2270.20 3011.60 2229.17 3031.99 2222.98
P1244 0.02 4061.90 2388.83 4088.43 2388.83 4088.43 2422.39 4061.90 2422.39
P2386 0.05 2139.97 1772.31 2126.02 1811.89 2065.71 1790.64 2079.65 1751.06
P2386 0.03 2079.88 1753.97 2098.42 1762.27 2084.59 1793.15 2066.05 1784.84
P0356 0.88 516.76 259.06 404.59 277.11 375.06 93.55 487.23 75.50
P0356 0.86 363.60 277.05 248.37 291.50 225.95 112.60 341.18 98.16
P1862 0.85 237.13 1734.87 487.23 1769.12 443.85 1923.00 194.11 1886.65
P1862 0.85 204.59 1901.21 448.40 1937.32 407.72 2080.91 164.23 2043.46
P0394 0.89 1744.40 367.08 1630.32 413.91 1554.92 230.18 1669.00 183.36
P0394 0.87 1659.21 159.09 1548.52 205.99 1489.35 66.34 1600.04 19.44
P0394 0.05 1295.01 184.11 1437.89 490.89 1237.68 553.90 1095.77 246.56
P1261 0.83 3295.18 1271.36 3278.64 1279.75 3262.82 1248.58 3279.35 1240.19
P1261 0.81 1280.85 3912.55 1264.48 3923.27 1243.22 3890.77 1259.59 3880.06
P1261 0.78 1300.11 3905.47 1282.71 3914.95 1263.76 3880.19 1281.17 3870.70
P1261 0.7 3312.75 1262.66 3296.60 1271.68 3278.30 1238.92 3294.45 1229.90
P1261 0.5 3825.74 704.27 3848.22 728.34 3833.72 743.97 3811.18 719.65
P1261 0.35 1125.57 3211.89 1143.10 3237.97 1123.58 3252.85 1106.07 3226.82
P1261 0.12 1139.19 3206.51 1156.33 3232.07 1133.16 3249.13 1116.13 3223.77
P1261 0.06 3843.02 695.16 3860.35 714.58 3845.15 728.71 3827.85 709.20
P1261 0.03 3456.00 1671.16 3442.30 1684.36 3416.30 1657.40 3430.00 1644.20
P2508 0.03 1575.78 1291.76 1659.42 1292.31 1658.67 1406.33 1575.02 1405.78
P1039 0.84 514.94 6.89 549.51 109.78 356.26 174.73 321.68 71.84
P2037 0.09 3218.68 22.39 3344.67 51.62 3314.91 179.88 3188.92 150.65
P2410 0.79 243.17 559.66 276.55 559.66 276.55 613.71 243.17 613.71
P2410 0.47 248.39 616.20 276.37 616.20 276.37 655.09 248.39 655.09
P2410 0.27 367.79 190.52 385.32 206.98 356.95 231.22 339.42 214.43
P2410 0.2 473.03 615.93 492.51 615.93 492.51 651.66 473.03 651.66
P2410 0.1 427.94 611.37 299.56 611.63 299.08 376.45 427.46 376.19
P2410 0.1 526.67 656.90 507.14 657.39 506.13 617.05 525.67 616.56
P2410 0.09 506.81 543.57 528.25 543.77 527.84 588.21 506.40 588.01
P2410 0.08 473.62 544.59 496.53 544.59 496.53 589.28 473.62 589.28
P2410 0.07 345.24 178.05 365.30 197.33 344.48 213.58 324.43 194.13
P2410 0.07 318.88 135.65 337.71 161.11 317.77 177.44 298.87 151.59
P2410 0.04 972.21 401.29 943.11 402.08 941.61 346.41 970.71 345.62
P1270 0.45 2823.28 480.15 2852.19 496.97 2840.39 513.86 2811.39 496.68
P1270 0.36 2865.70 481.28 2853.34 499.10 2820.88 476.59 2833.24 458.77
P1270 0.2 542.41 459.69 558.37 469.85 537.23 503.07 521.27 492.91
P1270 0.19 561.25 470.45 576.53 481.59 554.42 511.89 539.15 500.74
P1270 0.17 523.59 447.10 539.87 458.94 516.78 490.68 500.50 478.84
P1270 0.17 572.42 415.72 586.98 426.37 563.96 457.86 549.39 447.22
P1270 0.05 586.85 426.40 599.52 436.68 577.36 463.96 564.70 453.68
P1270 0.04 551.18 403.91 564.60 414.35 542.29 443.03 528.87 432.59
P1422 0.87 3738.30 1480.06 3651.23 1546.76 3527.28 1384.96 3614.36 1318.26
P1422 0.87 3838.51 1405.24 3748.59 1470.03 3631.32 1307.27 3721.24 1242.48
P1422 0.87 3630.45 1557.06 3542.17 1621.75 3422.08 1457.88 3510.36 1393.18
P1422 0.87 3522.87 1637.18 3434.24 1699.31 3319.73 1535.94 3408.35 1473.81
P1422 0.86 3421.14 1718.14 3334.06 1781.18 3208.14 1607.23 3295.22 1544.19
P1422 0.83 5318.50 3839.17 5363.77 3933.00 5178.51 4022.38 5133.24 3928.54
P1422 0.82 3353.10 1557.60 3423.34 1731.52 3364.95 1780.24 3296.00 1608.58
P1422 0.64 5345.11 278.86 5246.12 333.73 5161.91 181.82 5260.89 126.95
P1422 0.6 3312.98 1648.00 3415.56 1748.32 3322.81 1778.88 3219.22 1677.72
P1422 0.12 1766.26 425.04 1813.07 604.64 1693.12 643.85 1648.00 468.66
P1422 0.03 2735.57 -3.23 2778.77 94.24 2588.04 178.78 2544.84 81.31
P1422 0.03 4209.54 2003.52 4300.81 2098.26 4199.31 2196.03 4108.04 2101.30
P1436 0.86 2026.59 3580.77 2073.49 3582.68 2069.98 3668.50 2023.08 3666.58
P1436 0.78 2015.92 3668.40 1966.73 3668.75 1966.10 3580.30 2015.28 3579.94
P1436 0.36 519.24 3078.96 564.28 3082.90 556.62 3170.57 511.58 3166.63
P1436 0.1 1421.50 4627.67 1425.94 4688.77 1356.17 4693.84 1351.73 4632.74
P1436 0.1 1586.43 4463.44 1530.92 4463.95 1530.08 4373.23 1585.59 4372.71
P1436 0.09 589.99 3181.68 582.26 3232.32 495.46 3219.08 503.18 3168.44
P1436 0.09 553.54 3083.82 603.05 3084.94 601.15 3169.17 551.63 3168.04
P1436 0.05 645.76 3104.17 679.87 3120.05 643.81 3197.46 609.71 3181.57
P1436 0.03 389.14 3919.47 410.37 3942.48 357.78 3990.99 336.55 3967.97
P1436 0.03 2382.33 2005.85 2476.56 2069.04 2395.53 2189.87 2301.30 2126.67
P1436 0.03 3817.72 1282.56 3815.96 1338.21 3738.28 1335.75 3740.04 1280.10
P1436 0.03 502.98 3089.10 521.64 3090.99 514.76 3158.64 496.11 3156.74
P1355 0.07 3885.36 2968.83 3889.85 3009.00 3866.15 3012.25 3861.91 2973.06
P1424 0.03 3676.85 878.98 3800.97 880.99 3798.89 1009.00 3674.78 1006.99
P1424 0.03 4965.92 1155.90 4874.77 1194.88 4826.85 1082.80 4918.00 1043.83
P0772 0.1 790.56 358.58 857.53 361.84 848.43 548.74 781.47 545.48
P0107 0.86 700.64 262.32 582.82 282.93 544.03 61.15 661.85 40.54
P2556 0.03 549.12 372.76 578.77 392.72 516.71 484.88 487.07 464.92
P0501 0.87 488.46 310.86 409.09 394.89 255.35 249.68 334.72 165.65
P0501 0.87 387.43 415.17 307.30 502.18 156.10 362.94 236.23 275.93
P0536 0.04 1709.70 1057.58 1755.02 1063.49 1748.14 1087.58 1703.08 1081.00
P1383 0.04 415.12 544.42 435.04 570.09 409.09 592.52 389.19 566.05
P1383 0.04 390.09 2022.97 411.49 2057.86 375.80 2082.58 354.54 2047.92
P1383 0.03 909.29 2710.56 932.57 2730.48 905.28 2748.24 882.10 2728.35
P1383 0.03 1277.68 4567.72 1255.45 4578.73 1229.33 4526.01 1251.56 4515.00
P1383 0.02 2104.99 1283.30 2120.64 1320.34 2101.17 1332.18 2085.47 1294.91
P1280 0.03 3456.52 2364.21 3496.00 2427.92 3406.63 2477.39 3367.31 2415.38
P1197 0.03 879.27 350.56 950.15 380.46 891.03 520.59 820.15 490.68
P1197 0.03 167.78 415.01 245.53 443.96 192.61 586.11 114.86 557.16
P2666 0.04 2670.72 1694.68 2649.63 1712.01 2631.04 1689.39 2652.13 1672.05
P2407 0.03 1635.66 1582.22 1563.65 1609.00 1522.94 1499.52 1594.95 1472.74
P2407 0.02 1460.99 1203.64 1484.15 1212.51 1474.23 1251.79 1451.08 1242.41
P0674 0.86 512.80 206.07 472.35 306.45 303.65 238.46 344.11 138.08
P0674 0.86 466.11 320.68 421.38 421.98 254.94 348.49 299.67 247.19
P0674 0.86 555.35 92.18 517.74 190.35 347.33 125.07 384.94 26.90
P0674 0.86 417.78 416.95 389.14 522.10 211.92 473.84 240.56 368.68
P0230 0.87 1522.68 262.43 1396.49 281.43 1364.22 67.10 1490.40 48.10
P2336 0.07 634.82 968.37 658.28 968.37 658.28 1020.40 634.82 1020.40
P2336 0.05 300.85 2866.26 339.52 2869.61 334.76 2898.36 296.09 2894.71
P2350 0.1 1081.43 1016.05 1012.11 1029.19 992.98 928.28 1062.30 915.14
P1335 0.75 3652.65 2454.63 3632.05 2463.48 3616.00 2426.15 3636.61 2417.30
P1335 0.25 2689.62 2832.82 2697.32 2867.53 2678.16 2872.36 2670.67 2838.29
P1335 0.04 1992.12 2150.23 1999.56 2166.84 1964.98 2182.34 1957.54 2165.73
P2603 0.04 387.61 2427.90 428.84 2488.89 391.64 2512.91 350.06 2451.33
P1248 0.85 2972.00 3638.34 2948.90 3644.76 2938.91 3608.85 2962.01 3602.43
P1248 0.84 2938.16 3609.40 2947.75 3647.28 2926.37 3652.53 2916.97 3615.40
P1248 0.83 2947.53 3646.45 2927.21 3651.82 2917.11 3613.63 2937.44 3608.26
P1248 0.83 965.88 3655.81 945.72 3657.29 943.20 3623.00 963.36 3621.52
P1248 0.82 1005.65 3660.09 986.35 3660.54 985.48 3623.42 1004.79 3622.97
P1248 0.81 984.80 3653.99 966.11 3655.21 964.03 3623.43 982.73 3622.21
P1248 0.75 1004.01 3696.59 984.40 3697.12 983.52 3664.54 1003.13 3664.01
P1248 0.7 3504.53 925.14 3484.39 929.23 3477.10 893.32 3497.24 889.23
P1248 0.68 3761.35 2798.83 3742.02 2803.80 3732.49 2766.76 3751.83 2761.79
P1248 0.68 982.97 3695.68 964.47 3696.66 962.80 3665.16 981.29 3664.17
P1248 0.62 942.41 3662.96 963.52 3662.96 963.52 3697.58 942.41 3697.58
P1248 0.56 2829.44 2703.86 2810.02 2708.28 2801.04 2668.84 2820.46 2664.42
P1248 0.49 2821.15 2657.81 2801.41 2660.20 2797.60 2628.74 2817.34 2626.35
P1248 0.44 3782.95 2793.62 3762.13 2798.29 3754.57 2764.59 3775.39 2759.91
P1248 0.44 3800.02 3215.22 3802.54 3237.85 3764.82 3242.05 3762.30 3219.42
P1248 0.09 698.37 1014.01 679.55 1014.63 678.23 974.79 697.05 974.16
P1248 0.06 2816.05 2625.89 2797.44 2628.96 2791.91 2595.42 2810.52 2592.35
P1248 0.04 1024.89 237.53 1043.31 240.89 1037.37 273.46 1018.96 270.11
P1248 0.04 641.94 977.55 674.43 977.92 673.99 1015.65 641.51 1015.28
P1248 0.03 2405.68 2762.38 2412.03 2794.09 2394.89 2800.03 2388.78 2769.04
P1576 0.03 3092.71 3760.21 3100.41 3807.77 3077.83 3814.54 3070.37 3767.85
P0880 0.87 404.51 398.69 529.69 398.69 529.69 614.45 404.51 614.45
P0880 0.87 544.01 394.19 669.03 394.19 669.03 617.08 544.01 617.08
P0880 0.84 288.78 409.37 382.97 409.37 382.97 567.98 288.78 567.98
P0880 0.71 684.37 402.22 802.14 402.22 802.14 615.26 684.37 615.26
P0880 0.1 1313.33 1363.58 1422.10 1619.27 1285.90 1672.63 1177.12 1417.01
P0880 0.06 1884.41 1147.73 1992.11 1372.73 1870.79 1450.83 1763.45 1225.60
P0880 0.05 1970.03 1357.85 1851.74 1401.22 1782.59 1212.60 1900.88 1169.23
P0880 0.03 145.81 1725.90 96.73 1771.78 9.16 1678.10 58.24 1632.22
P2024 0.08 244.29 3992.21 319.10 4031.62 273.78 4092.17 199.56 4053.38
P0048 0.11 335.15 1010.88 397.02 1080.74 346.35 1121.23 284.48 1051.78
P0048 0.04 505.62 748.47 480.23 778.77 420.11 728.39 445.50 698.09
P0048 0.03 227.86 908.38 279.82 967.72 244.30 1002.17 192.06 942.78
P0886 0.85 130.91 315.82 223.70 373.59 127.63 527.91 34.83 470.14
P1500 0.04 1851.49 3626.87 1812.40 3662.05 1739.74 3581.32 1778.83 3546.14
P2391 0.17 2223.87 1394.25 2247.17 1394.36 2246.98 1434.97 2223.68 1434.86
P2391 0.04 2068.85 1383.38 2143.74 1383.38 2143.74 1485.79 2068.85 1485.79
P2647 0.11 304.29 824.00 438.71 824.00 438.71 962.92 304.29 962.92
P2647 0.03 1932.80 2193.95 2052.00 2193.95 2052.00 2302.19 1932.80 2302.19
P2147 0.86 112.71 299.53 178.65 307.86 165.64 410.74 99.71 402.40
P2147 0.83 239.28 315.41 307.80 315.41 307.80 426.04 239.28 426.04
P2147 0.82 177.28 309.66 243.37 315.66 234.73 415.59 168.91 409.05
P1936 0.88 435.26 726.02 381.23 746.95 346.08 656.21 400.11 635.29
P1936 0.88 376.77 750.80 322.34 774.06 283.29 682.67 337.71 659.42
P1936 0.87 501.85 701.81 446.05 726.68 403.74 631.77 459.54 606.90
P1936 0.86 316.65 776.28 262.84 799.48 222.97 707.01 276.78 683.81
P2564 0.03 828.39 628.42 863.46 664.79 780.10 699.82 745.23 664.64
P2119 0.87 181.59 944.25 247.49 944.25 247.49 1024.00 181.59 1024.00
P2119 0.86 312.16 1029.67 253.35 1032.89 248.01 935.16 306.82 931.94
P2119 0.04 1253.11 434.38 1341.70 434.38 1341.70 551.37 1253.11 551.37
P0196 0.89 1849.10 449.64 1742.61 452.29 1738.17 273.57 1844.66 270.92
P0196 0.88 1737.78 461.84 1848.00 461.84 1848.00 645.15 1737.78 645.15
P0196 0.87 1722.54 643.57 1610.95 645.44 1607.92 464.38 1719.51 462.51
P0196 0.87 1723.73 450.42 1608.25 453.97 1602.72 273.43 1718.19 269.88
P1262 0.64 2091.13 40.08 2100.14 57.45 2065.32 75.51 2056.31 58.15
P0351 0.86 325.84 701.89 294.25 815.69 106.04 763.45 137.63 649.64
P0351 0.86 362.37 584.44 328.37 695.82 144.49 639.69 178.49 528.32
P1425 0.06 4196.47 456.12 4320.00 553.49 4229.44 617.36 4105.42 518.18
P1425 0.05 3237.38 511.69 3102.47 519.12 3094.64 376.89 3229.55 369.46
P1425 0.03 1890.98 878.53 1912.26 1014.62 1777.00 1024.00 1756.83 890.44
P1425 0.03 3946.89 219.52 4012.77 332.62 3903.02 388.26 3837.76 278.61
P1425 0.03 2023.02 1648.00 2084.51 1729.77 2005.32 1793.58 1944.71 1714.74
P0148 0.03 293.68 66.89 296.45 112.87 250.32 115.65 247.56 69.66
P0148 0.03 1250.35 630.59 1272.71 635.69 1262.23 681.69 1239.87 676.59
P2165 0.17 1194.97 606.45 1242.10 610.20 1229.19 772.42 1182.07 768.67
P2165 0.06 1240.00 647.56 1287.55 647.56 1287.55 745.74 1240.00 745.74
P2165 0.03 1226.28 631.68 1248.40 670.52 1198.88 698.72 1176.76 659.87
P1233 0.75 3381.17 980.09 3386.52 998.74 3348.58 1009.62 3343.23 990.97
P1233 0.56 483.22 3009.60 469.13 3023.18 443.51 2996.59 457.61 2983.01
P1233 0.47 2097.86 2667.05 2117.73 2692.15 2102.50 2706.60 2082.63 2681.43
P1233 0.19 489.91 3596.89 469.97 3613.16 432.72 3567.49 452.66 3551.22
P1233 0.08 2206.96 1181.00 2229.02 1196.27 2209.20 1224.98 2187.23 1209.46
P1233 0.07 3387.36 999.63 3395.84 1014.91 3361.04 1024.00 3352.77 1009.33
P1233 0.06 464.26 3024.41 449.25 3039.86 421.18 3012.61 436.19 2997.16
P1233 0.04 3386.72 997.20 3391.63 1011.11 3355.81 1023.75 3350.90 1009.83
P1233 0.04 3375.19 968.43 3379.80 980.58 3339.58 995.86 3334.96 983.72
P2174 0.34 879.07 452.88 879.67 514.91 774.72 515.92 774.12 453.89
P2174 0.34 551.57 846.72 588.41 846.96 587.96 916.37 551.12 916.13
P2174 0.32 775.31 602.00 827.53 602.00 827.53 654.03 775.31 654.03
P2174 0.11 185.08 431.41 189.29 468.61 172.52 473.55 168.48 437.32
P2174 0.11 875.40 522.39 877.22 586.70 773.31 589.63 771.50 525.33
P2174 0.1 137.62 434.48 159.94 434.48 159.94 479.23 137.62 479.23
P2174 0.07 670.11 742.61 668.85 799.10 545.11 796.36 546.36 739.86
P2174 0.07 559.56 748.69 592.86 748.69 592.86 789.72 559.56 789.72
P2174 0.04 835.24 604.48 865.01 604.48 865.01 653.95 835.24 653.95
P2174 0.03 782.99 458.64 814.22 458.64 814.22 507.52 782.99 507.52
P2174 0.03 767.58 277.67 762.39 376.74 634.74 370.06 639.92 270.99
P0145 0.86 532.83 805.31 567.24 898.37 513.49 921.79 479.45 830.43
P0145 0.1 687.25 887.30 642.58 895.73 624.83 801.74 669.50 793.31
P2658 0.88 458.32 1126.93 600.70 1126.93 600.70 1338.04 458.32 1338.04
P2658 0.87 546.41 444.32 669.86 461.61 641.59 663.59 518.14 646.30
P2658 0.87 493.72 893.10 625.66 904.73 605.75 1130.66 473.81 1119.04
P2658 0.87 621.47 1141.89 740.94 1149.54 726.77 1371.00 607.30 1363.35
P2658 0.87 634.56 921.25 763.71 935.78 740.91 1138.39 611.77 1123.86
P2658 0.87 416.58 430.00 532.47 447.66 504.10 638.51 389.28 620.22
P2658 0.87 799.59 477.22 924.24 477.22 924.24 693.67 799.59 693.67
P2658 0.87 679.67 224.96 813.74 224.96 813.74 449.07 679.67 449.07
P2658 0.87 778.30 699.03 902.79 699.03 902.79 926.43 778.30 926.43
P2658 0.87 498.05 670.71 642.10 670.71 642.10 886.29 498.05 886.29
P2658 0.87 547.09 210.04 684.14 210.04 684.14 434.53 547.09 434.53
P2658 0.87 661.06 460.77 801.48 460.77 801.48 679.30 661.06 679.30
P2658 0.87 820.99 245.57 935.16 245.57 935.16 458.33 820.99 458.33
P2658 0.87 638.79 686.72 779.93 686.72 779.93 908.02 638.79 908.02
P2658 0.86 419.73 204.09 558.11 204.09 558.11 414.80 419.73 414.80
P2658 0.86 360.77 651.56 505.90 651.56 505.90 853.98 360.77 853.98
P2658 0.86 744.14 1172.26 856.21 1172.26 856.21 1373.05 744.14 1373.05
P2658 0.84 322.96 1113.50 461.15 1113.50 461.15 1309.80 322.96 1309.80
P2658 0.83 343.98 873.65 478.38 873.65 478.38 1094.46 343.98 1094.46
P2658 0.47 780.95 824.00 889.62 824.00 889.62 913.20 780.95 913.20
P2658 0.16 388.20 1485.73 305.56 1487.31 302.93 1349.03 385.57 1347.46
P2658 0.03 389.99 1354.65 490.73 1354.65 490.73 1498.69 389.99 1498.69
P2658 0.03 1833.54 321.67 1819.14 478.42 1324.72 432.99 1339.13 276.24
P0451 0.03 352.84 712.37 454.00 712.37 454.00 859.22 352.84 859.22
P2195 0.87 1137.06 330.00 1192.34 330.00 1192.34 425.22 1137.06 425.22
P2195 0.87 1140.16 237.27 1193.02 237.27 1193.02 324.31 1140.16 324.31
P2195 0.85 1074.14 233.92 1129.64 233.92 1129.64 328.78 1074.14 328.78
P2195 0.62 1071.88 331.38 1128.87 331.38 1128.87 421.34 1071.88 421.34
P2195 0.53 1199.00 332.46 1264.87 332.46 1264.87 432.87 1199.00 432.87
P2195 0.04 83.13 1765.67 231.40 1765.67 231.40 1848.00 83.13 1848.00
P2195 0.04 1037.60 1562.23 980.26 1564.43 976.17 1457.64 1033.50 1455.45
P1772 0.05 2287.08 3818.86 2206.71 3844.98 2160.70 3703.41 2241.07 3677.29
P1772 0.03 2060.22 3746.79 2193.97 3938.45 2093.86 4020.80 1960.68 3827.04
P1772 0.03 3715.48 4756.14 3661.29 4777.23 3620.16 4671.50 3674.35 4650.42
P1477 0.86 1407.35 2326.83 1376.25 2333.41 1365.84 2284.21 1396.95 2277.64
P1477 0.86 1432.34 2323.17 1407.85 2329.45 1395.26 2280.36 1419.75 2274.08
P1477 0.86 1776.50 3346.82 1747.47 3351.37 1740.81 3308.88 1769.85 3304.34
P1477 0.86 1439.09 2365.04 1415.70 2370.59 1405.53 2327.72 1428.92 2322.17
P1477 0.85 1245.70 1423.12 1252.76 1449.60 1210.73 1455.40 1203.90 1429.95
P1477 0.85 1448.44 2121.81 1412.87 2126.23 1405.99 2070.87 1441.56 2066.45
P1477 0.85 1785.31 3398.16 1753.19 3403.76 1744.41 3353.29 1776.52 3347.70
P1477 0.84 1414.97 2371.26 1382.54 2379.22 1371.08 2332.56 1403.51 2324.59
P1477 0.84 1254.28 1453.55 1260.86 1483.22 1214.95 1489.50 1208.63 1461.03
P1477 0.83 1239.27 1391.22 1246.54 1417.88 1203.92 1424.16 1196.90 1398.72
P1477 0.79 1237.91 1357.59 1242.14 1385.37 1196.42 1392.33 1192.19 1364.55
P1477 0.7 2351.51 1856.80 2326.02 1861.22 2318.45 1817.53 2343.94 1813.11
P1477 0.25 1322.62 2811.02 1326.76 2838.43 1277.99 2845.81 1273.84 2818.39
P1477 0.25 1395.84 2280.33 1398.46 2323.97 1387.51 2331.23 1385.00 2289.17
P1477 0.1 1243.40 1974.66 1247.03 2013.84 1143.24 2023.47 1139.60 1984.28
P1477 0.06 1330.30 2842.76 1335.24 2867.57 1282.35 2878.09 1277.42 2853.28
P1477 0.04 1918.75 3360.99 1926.95 3398.20 1902.28 3402.62 1894.24 3365.76
P0092 0.87 1713.66 389.39 1842.17 389.39 1842.17 579.05 1713.66 579.05
P0092 0.86 1978.51 390.98 2104.76 390.98 2104.76 578.95 1978.51 578.95
P0092 0.86 1846.03 389.32 1974.05 389.32 1974.05 578.84 1846.03 578.84
P0092 0.86 1711.90 597.16 1839.22 597.16 1839.22 802.52 1711.90 802.52
P0092 0.86 1845.17 615.65 1968.12 615.65 1968.12 803.75 1845.17 803.75
P0092 0.86 1978.31 615.18 2096.78 615.18 2096.78 804.90 1978.31 804.90
P2749 0.76 1408.85 1919.76 1465.94 1919.76 1465.94 2032.39 1408.85 2032.39
P0114 0.62 459.82 525.17 502.25 578.64 388.53 632.76 346.39 580.87
P0114 0.5 493.90 595.78 532.22 650.55 421.29 698.25 382.89 645.55
P0114 0.19 502.58 593.32 527.41 642.92 418.99 697.19 394.16 647.59
P0114 0.07 514.79 665.78 562.61 707.80 472.60 763.56 424.64 721.56
P0675 0.03 328.07 122.00 557.99 196.77 445.45 390.18 215.03 311.81
P0877 0.86 106.90 803.30 191.54 827.92 144.79 988.65 60.15 964.03
P0877 0.85 33.22 810.26 97.29 831.91 53.67 961.02 -10.40 939.37
P0877 0.82 181.98 846.93 288.92 868.30 251.60 1024.00 144.51 1002.08
P0877 0.79 204.66 852.09 286.36 877.16 241.57 1023.10 159.87 998.03
P0877 0.75 282.30 904.76 368.56 926.59 344.30 1022.44 258.04 1000.61
P2711 0.04 580.81 596.04 588.38 627.90 540.68 639.22 533.11 607.36
P0628 0.03 590.59 440.33 604.84 477.05 536.23 486.11 522.65 450.16
P0045 0.04 581.71 1134.72 479.18 1152.53 447.93 972.71 550.46 954.90
P1345 0.03 1952.88 1459.73 1959.13 1479.40 1921.53 1491.34 1915.28 1471.67
P1237 0.83 2013.78 3389.58 2035.57 3393.29 2029.39 3429.63 2007.60 3425.93
P1237 0.81 3137.42 975.42 3154.75 980.37 3145.58 1012.53 3128.25 1007.58
P1237 0.79 3534.29 2014.66 3547.18 2025.23 3523.88 2053.62 3511.00 2043.05
P1237 0.65 3550.61 2030.59 3565.65 2044.23 3542.66 2071.64 3527.53 2058.05
P1237 0.19 3153.61 980.26 3165.31 983.93 3155.72 1014.48 3144.02 1010.80
P1237 0.1 3971.55 3449.91 3994.58 3452.92 3989.79 3489.52 3966.77 3486.51
P1237 0.06 3546.15 2023.49 3554.38 2030.11 3530.72 2059.51 3522.50 2052.89
P1237 0.04 3510.20 2050.23 3530.39 2064.87 3517.97 2081.23 3497.74 2066.40
P1237 0.03 527.11 2016.90 510.43 2021.51 503.36 1995.90 520.05 1991.29
P1237 0.03 3113.38 966.43 3138.23 972.89 3130.26 1009.87 3105.54 1003.08
P2723 0.03 3176.63 988.10 3149.32 991.32 3146.08 963.76 3173.38 960.54
P2723 0.03 3999.24 518.48 4016.09 539.44 3980.75 567.85 3963.90 546.89
P0462 0.86 540.98 795.30 564.90 922.31 373.21 942.39 350.81 821.13
P1157 0.16 1104.75 3346.55 1177.17 3378.55 1131.47 3481.97 1059.06 3449.98
P1468 0.86 2879.30 6807.46 2880.23 6920.69 2659.43 6922.51 2658.50 6809.28
P1468 0.86 779.64 2754.15 905.84 2754.78 904.74 2972.26 778.55 2971.63
P1468 0.86 905.91 2753.61 1026.23 2753.75 1026.00 2970.67 905.67 2970.54
P1468 0.86 2879.83 6688.26 2877.68 6797.84 2660.46 6793.58 2662.61 6684.00
P1468 0.82 824.00 7520.69 997.00 7520.69 997.00 7625.67 824.00 7625.67
P1468 0.8 2880.99 6558.30 2879.35 6675.51 2666.31 6672.53 2667.95 6555.32
P1468 0.45 498.06 7534.40 664.04 7534.40 664.04 7644.14 498.06 7644.14
P1468 0.11 1767.15 767.58 1912.78 772.01 1906.22 987.95 1760.59 983.53
P1468 0.05 2845.43 6912.27 2847.25 7013.52 2681.83 7016.49 2680.01 6915.24
P1468 0.03 3788.87 2773.73 3674.02 2779.95 3666.11 2633.83 3780.96 2627.62
P1468 0.03 2889.21 6709.08 2797.49 6709.95 2796.39 6594.52 2888.12 6593.65
P1034 0.03 2430.28 2938.14 2392.33 2949.01 2376.30 2893.03 2414.26 2882.16
P1034 0.03 2416.82 2929.49 2428.10 2964.32 2389.07 2976.96 2377.79 2942.13
P1362 0.47 822.42 1611.69 831.07 1642.42 809.39 1647.42 801.02 1617.46
P1362 0.25 854.41 1635.09 833.52 1641.93 823.36 1610.89 844.24 1604.05
P2588 0.25 541.94 396.61 629.76 453.51 585.40 504.56 497.12 446.82
P2588 0.19 577.73 514.24 547.59 552.07 463.25 484.89 493.39 447.05
P2588 0.16 503.94 454.15 585.81 510.51 545.38 559.01 463.26 501.82
P2498 0.03 1332.84 2131.17 1326.56 2162.88 1288.01 2155.24 1294.29 2123.53
P2765 0.25 2059.11 1275.59 2024.21 1281.15 2005.28 1162.46 2040.19 1156.89
P2765 0.1 3032.18 1662.50 2970.60 1675.22 2954.69 1598.16 3016.27 1585.44
P2765 0.04 2741.32 3085.86 2745.87 3154.34 2668.24 3159.49 2663.70 3091.01
P2765 0.04 2920.35 600.18 2863.80 605.10 2855.01 504.04 2911.56 499.13
P2765 0.04 1019.17 1158.02 963.86 1159.78 961.16 1075.20 1016.48 1073.44
P2765 0.04 2085.01 1225.48 2065.17 1227.39 2061.19 1186.01 2081.04 1184.10
P2765 0.04 1637.37 1870.67 1564.36 1874.70 1555.52 1714.39 1628.52 1710.37
P2765 0.03 929.61 3016.61 816.00 3024.83 800.61 2812.32 914.22 2804.10
P2654 0.9 1187.39 3076.65 1068.84 3077.67 1066.87 2848.41 1185.41 2847.39
P2654 0.89 1059.42 2609.34 1173.83 2609.57 1173.39 2824.18 1058.98 2823.94
P2654 0.89 936.49 2607.64 1055.13 2608.97 1052.72 2823.85 934.09 2822.52
P2654 0.88 1061.86 2391.20 1174.79 2391.95 1173.41 2600.65 1060.48 2599.90
P2654 0.88 1178.53 2391.43 1294.17 2391.43 1294.17 2604.32 1178.53 2604.32
P2654 0.88 940.99 2386.11 1057.77 2386.11 1057.77 2601.92 940.99 2601.92
P2654 0.88 1066.54 3068.82 948.88 3072.82 941.31 2850.33 1058.96 2846.32
P2654 0.88 1306.20 3082.79 1190.88 3082.79 1190.88 2862.39 1306.20 2862.39
P2654 0.87 1296.58 2825.62 1180.43 2828.61 1174.92 2614.64 1291.06 2611.65
P2654 0.34 1791.15 1587.62 1624.79 1588.92 1622.42 1286.48 1788.78 1285.18
P2654 0.29 1443.93 1302.52 1616.05 1302.52 1616.05 1590.17 1443.93 1590.17
P2654 0.2 1783.78 1297.21 1957.65 1297.21 1957.65 1587.73 1783.78 1587.73
P0369 0.86 966.44 346.86 832.29 375.38 779.58 127.46 913.72 98.93
P0369 0.86 793.83 382.96 656.50 410.62 607.10 165.37 744.44 137.71
P0369 0.79 915.04 92.72 970.28 347.16 832.57 376.79 778.95 126.81
P1163 0.04 1915.52 65.04 1966.49 67.27 1963.64 132.35 1912.67 130.12
P1163 0.04 1459.41 5391.65 1436.86 5408.86 1407.49 5370.39 1430.05 5353.18
P1163 0.03 1352.33 649.99 1372.62 655.96 1361.93 692.25 1341.65 686.28
P1163 0.03 4191.53 525.60 4164.13 527.22 4160.59 467.35 4187.99 465.73
P2461 0.06 404.29 1814.33 435.55 1818.19 429.68 1848.00 398.59 1843.93
P2707 0.56 2406.68 464.31 2357.44 470.94 2344.85 377.43 2394.09 370.79
P1202 0.72 1042.28 520.84 1065.51 554.49 1046.18 565.54 1022.95 531.87
P1202 0.23 1073.20 545.46 1060.04 555.81 1034.62 523.50 1047.78 513.14
P1202 0.06 1055.19 510.20 1078.86 533.89 1065.55 546.17 1041.80 522.19
P1202 0.03 218.39 3140.35 232.58 3156.06 199.95 3185.52 185.76 3169.81
P2562 0.04 1147.11 1541.78 1083.21 1570.28 1035.80 1463.97 1099.70 1435.47
P2562 0.03 1351.35 974.86 1299.07 1002.11 1244.67 897.72 1296.95 870.47
P2562 0.03 1064.73 1563.38 1015.77 1586.39 973.63 1496.71 1022.59 1473.70
P1346 0.06 2722.38 3570.13 2726.41 3613.00 2706.22 3615.46 2702.45 3573.19
P2292 0.04 1170.69 492.65 1184.55 519.52 1166.41 529.99 1152.64 503.33
P2292 0.03 1153.09 502.33 1166.14 525.83 1152.47 534.37 1139.33 510.88
P1520 0.04 3089.44 1898.16 3098.00 1935.96 3065.55 1945.24 3057.46 1909.08
P1324 0.35 894.25 3924.67 909.69 3962.92 889.78 3972.62 874.50 3934.70
P2752 0.86 2344.40 1027.73 2285.52 1029.73 2282.01 926.56 2340.90 924.55
P2752 0.86 902.01 1174.03 848.95 1176.55 844.18 1075.82 897.24 1073.31
P2752 0.86 2266.88 1023.89 2212.81 1025.34 2210.29 931.47 2264.36 930.02
P2752 0.82 2137.94 939.88 2191.19 939.88 2191.19 1025.93 2137.94 1025.93
P2752 0.74 910.07 1291.62 853.41 1294.85 847.55 1191.99 904.21 1188.76
P2752 0.64 2049.07 897.21 2125.75 900.57 2119.77 1037.00 2043.09 1033.64
P2752 0.58 2015.29 991.67 1962.31 994.08 1957.45 887.48 2010.43 885.07
P2752 0.26 2372.01 938.83 2403.95 938.83 2403.95 1000.78 2372.01 1000.78
P2752 0.21 2572.47 156.39 2619.25 207.26 2582.22 242.46 2535.33 190.56
P2752 0.2 2427.16 924.03 2463.14 924.03 2463.14 993.87 2427.16 993.87
P2752 0.03 2477.15 915.37 2514.16 915.37 2514.16 993.55 2477.15 993.55
P2703 0.04 1553.71 1736.06 1527.40 1741.22 1521.46 1710.97 1547.77 1705.80
P1774 0.04 4557.70 1648.00 4675.54 1674.43 4637.45 1831.01 4519.80 1803.44
P1774 0.03 4697.80 1648.00 4815.46 1678.04 4769.67 1873.60 4652.63 1842.28
P1236 0.76 1860.89 903.23 1846.61 916.99 1820.42 889.81 1834.70 876.04
P1236 0.74 1839.36 917.12 1825.46 928.91 1801.37 900.48 1815.27 888.70
P1236 0.19 1878.09 887.69 1863.28 900.59 1840.13 874.01 1854.95 861.11
P1442 0.88 796.88 872.62 849.44 872.62 849.44 974.07 796.88 974.07
P1442 0.88 725.41 872.03 781.31 872.03 781.31 972.13 725.41 972.13
P1442 0.88 795.89 755.40 849.88 755.40 849.88 853.87 795.89 853.87
P1442 0.87 705.45 1029.74 760.20 1029.74 760.20 1129.83 705.45 1129.83
P1442 0.87 730.28 1139.30 788.04 1139.30 788.04 1240.82 730.28 1240.82
P1442 0.87 773.53 1032.99 832.63 1032.99 832.63 1129.36 773.53 1129.36
P1442 0.87 654.30 758.13 712.99 758.13 712.99 852.18 654.30 852.18
P1442 0.87 656.23 874.19 712.67 874.19 712.67 972.60 656.23 972.60
P1442 0.87 723.81 756.27 783.11 756.27 783.11 851.79 723.81 851.79
P1442 0.86 801.44 1142.83 856.34 1142.83 856.34 1240.19 801.44 1240.19
P1442 0.64 1165.01 491.48 1167.51 567.23 1042.67 571.36 1040.17 495.61
P1442 0.25 1185.35 630.37 1187.25 715.59 1025.88 719.18 1023.98 633.96
P1442 0.24 214.51 1457.46 96.54 1461.90 86.12 1185.11 204.08 1180.67
P1442 0.2 98.94 1322.24 196.36 1322.24 196.36 1394.27 98.94 1394.27
P1442 0.07 103.16 1236.22 196.20 1236.22 196.20 1309.92 103.16 1309.92
P1442 0.06 863.87 757.23 1010.34 757.23 1010.34 889.52 863.87 889.52
P1442 0.05 1180.57 567.11 1183.16 632.10 1033.51 638.08 1030.92 573.08
P1442 0.04 375.46 776.50 417.25 776.50 417.25 874.65 375.46 874.65
P1442 0.04 924.60 886.03 882.29 888.86 877.17 812.33 919.48 809.50
P1442 0.03 438.44 779.80 482.13 779.80 482.13 873.19 438.44 873.19
P1442 0.03 559.65 1844.44 527.28 1847.23 521.89 1784.67 554.26 1781.88
P1442 0.03 646.86 501.82 886.01 501.82 886.01 712.99 646.86 712.99
P0834 0.83 1241.14 292.43 1244.10 385.03 1040.42 391.52 1037.47 298.92
P0834 0.83 1219.72 156.61 1223.86 257.46 1006.95 266.36 1002.81 165.51
P0834 0.04 305.12 260.11 218.97 261.87 216.03 118.18 302.18 116.42
P2586 0.03 1561.72 2322.63 1515.24 2337.35 1483.08 2235.85 1529.56 2221.12
P0137 0.06 333.90 3307.48 348.82 3313.58 343.22 3344.36 328.33 3337.95
P0137 0.05 2626.49 356.38 2592.86 368.73 2553.28 260.94 2586.91 248.59
P1402 0.09 3298.26 4299.26 3256.94 4339.82 3188.50 4270.10 3229.81 4229.54
P1402 0.04 2051.75 856.25 2106.60 863.38 2093.59 963.48 2038.75 956.35
P1402 0.04 1638.25 639.13 1552.28 640.12 1551.16 542.57 1637.13 541.59
P1151 0.03 823.10 3762.48 940.37 3785.87 897.97 3998.49 780.70 3975.10
P1151 0.03 290.99 3860.71 374.53 3963.87 269.14 4034.51 186.57 3934.12
P0681 0.17 442.51 628.25 508.92 720.95 373.63 813.88 307.24 723.02
P0640 0.86 836.46 616.90 772.86 707.94 598.18 585.91 661.79 494.87
P0640 0.78 715.17 793.12 661.92 885.58 484.58 783.46 537.82 691.00
P0640 0.06 610.63 597.94 737.71 685.33 688.65 760.93 561.06 670.65
P2715 0.25 3402.81 41.59 3427.63 41.59 3427.63 66.92 3402.81 66.92
P2341 0.65 620.68 285.74 658.12 310.60 627.08 351.30 589.62 325.61
P2341 0.6 576.73 256.36 615.68 279.25 585.18 318.48 545.94 295.17
P2341 0.56 605.45 279.79 623.65 293.49 598.82 326.47 580.62 312.77
P2341 0.56 582.23 260.57 605.23 277.49 576.82 316.09 553.83 299.17
P2341 0.06 1468.33 1461.67 1491.52 1461.67 1491.52 1516.57 1468.33 1516.57
P2649 0.88 1022.69 487.00 1148.96 487.00 1148.96 702.42 1022.69 702.42
P2649 0.88 1160.16 714.18 1288.57 714.18 1288.57 945.95 1160.16 945.95
P2649 0.88 1290.29 712.24 1431.53 712.24 1431.53 943.22 1290.29 943.22
P2649 0.88 1011.31 220.57 1140.57 220.57 1140.57 461.60 1011.31 461.60
P2649 0.88 885.60 718.04 1024.00 718.04 1024.00 957.93 885.60 957.93
P2649 0.88 1153.33 487.00 1278.34 487.00 1278.34 699.20 1153.33 699.20
P2649 0.88 1279.03 221.80 1405.41 221.80 1405.41 452.82 1279.03 452.82
P2649 0.88 1146.93 221.54 1271.64 221.54 1271.64 453.10 1146.93 453.10
P2649 0.88 1281.06 487.00 1414.28 487.00 1414.28 698.71 1281.06 698.71
P2649 0.87 1005.88 458.38 874.47 459.39 872.68 226.27 1004.09 225.27
P2649 0.87 1157.45 951.56 1034.59 955.52 1026.92 718.05 1149.78 714.09
P2649 0.87 1014.93 699.14 878.16 702.86 871.74 467.48 1008.51 463.75
P2649 0.23 959.72 1196.73 841.59 1197.39 840.27 960.72 958.40 960.06
P2649 0.17 938.89 977.93 1142.95 977.93 1142.95 1205.13 938.89 1205.13
P2649 0.03 919.46 959.90 1024.00 959.90 1024.00 1193.01 919.46 1193.01
P2338 0.03 564.89 2381.54 637.16 2392.43 622.87 2487.27 550.60 2476.38
P2338 0.02 568.61 2460.98 612.61 2464.27 608.59 2491.87 564.61 2488.33
