P0165 0.16 987.64 1175.19 1024.00 1175.19 1024.00 1216.90 987.64 1216.90
P0165 0.09 850.87 839.49 870.81 859.27 850.13 880.13 830.19 860.35
P0165 0.07 2906.60 1174.14 2971.95 1174.14 2971.95 1224.61 2906.60 1224.61
P0165 0.06 905.19 2218.69 970.66 2218.69 970.66 2252.28 905.19 2252.28
P0165 0.04 2922.77 1896.71 2937.88 1929.28 2900.61 1941.20 2887.62 1909.47
P0165 0.04 821.76 1993.11 860.18 1993.11 860.18 2025.77 821.76 2025.77
P0165 0.04 1055.73 1065.18 1089.90 1065.53 1089.49 1104.59 1055.32 1104.23
P0165 0.04 1207.57 1929.45 1208.33 1952.31 1164.45 1953.77 1163.68 1930.91
P0165 0.04 1205.07 1961.79 1204.23 1977.26 1185.88 1976.27 1186.72 1960.80
P0165 0.02 3328.24 1392.60 3354.46 1392.60 3354.46 1464.48 3328.24 1464.48
P2212 0.17 1027.40 600.63 1035.40 627.85 1006.51 636.34 998.50 609.13
P2212 0.04 1309.87 991.46 1328.07 992.74 1326.27 1018.49 1308.07 1017.21
P2233 0.09 368.24 1655.93 348.29 1684.51 313.79 1660.43 333.74 1631.85
P1379 0.1 274.87 2328.90 299.62 2349.51 274.52 2371.35 250.63 2350.94
P1723 0.03 3933.25 2477.19 3915.99 2541.22 3841.64 2521.17 3858.91 2457.14
P1372 0.03 3645.69 982.45 3668.87 1000.56 3647.36 1021.99 3624.52 1003.88
P1461 0.04 3367.18 4405.68 3404.42 4405.68 3404.42 4500.93 3367.18 4500.93
P1461 0.03 3931.20 1837.77 4019.49 1966.67 3907.83 2054.73 3819.82 1926.31
P1503 0.68 1072.16 1566.15 1103.28 1605.21 1061.27 1635.55 1032.02 1596.78
P1503 0.2 285.35 2058.00 332.65 2127.63 270.40 2169.57 222.11 2099.45
P1503 0.17 701.85 899.07 723.27 944.62 675.96 963.11 657.52 918.23
P1503 0.11 1478.70 2387.93 1487.33 2400.89 1472.25 2408.39 1464.49 2395.73
P1503 0.08 147.24 1851.45 166.78 1882.12 132.84 1898.69 114.61 1868.08
P1503 0.05 1045.10 1598.93 1050.73 1616.03 1027.22 1623.77 1021.59 1606.68
P1503 0.04 455.44 460.83 475.87 492.74 428.81 506.44 411.11 474.72
P1503 0.03 284.72 2077.55 310.33 2111.76 275.29 2134.10 250.50 2099.94
P2684 0.1 2374.93 2335.06 2417.38 2335.06 2417.38 2427.73 2374.93 2427.73
P0701 0.04 1898.93 1562.81 1937.54 1576.98 1904.91 1665.84 1866.31 1651.66
P1677 0.05 3083.96 2926.68 3089.86 2973.49 3041.51 2979.58 3035.61 2932.76
P1677 0.04 3046.93 2988.43 3092.95 2988.43 3092.95 3019.73 3046.93 3019.73
P1677 0.03 1581.56 3049.28 1602.27 3102.84 1556.83 3124.50 1537.00 3071.74
P1677 0.03 3354.73 2850.99 3358.96 2880.66 3324.74 2885.53 3320.52 2855.87
P2208 0.75 2771.61 2616.84 2872.40 2648.09 2839.78 2753.29 2738.99 2722.04
P2208 0.36 3636.48 2521.77 3700.65 2561.68 3650.16 2642.87 3585.99 2602.96
P2208 0.34 4379.44 278.04 4355.46 280.11 4353.05 252.28 4377.03 250.21
P2208 0.25 4388.39 294.00 4379.31 311.53 4360.74 301.91 4369.82 284.38
P2208 0.24 4226.62 343.51 4225.28 368.72 4195.59 367.14 4196.93 341.93
P2208 0.19 4324.44 352.70 4301.86 365.81 4286.41 339.21 4308.99 326.10
P2208 0.19 4224.53 401.21 4223.58 426.60 4194.19 425.50 4195.14 400.11
P2208 0.17 4048.06 1533.98 4063.88 1534.60 4062.63 1566.20 4046.81 1565.58
P2208 0.14 4209.49 251.64 4222.66 265.06 4208.96 278.50 4195.80 265.08
P2208 0.11 3604.69 2478.34 3638.42 2522.28 3583.85 2551.63 3554.95 2509.43
P2208 0.11 4223.73 374.51 4221.15 397.79 4196.22 395.03 4198.81 371.75
P2208 0.1 4195.39 268.92 4229.43 269.32 4228.97 308.20 4194.94 307.81
P2208 0.09 3974.57 2721.07 4030.63 2764.46 3971.36 2841.03 3915.31 2797.64
P2208 0.06 2130.91 2595.66 2140.89 2607.53 2124.47 2621.33 2114.49 2609.46
P2208 0.05 4223.64 308.57 4225.42 334.87 4196.81 336.81 4195.03 310.51
P2208 0.05 3431.29 1644.21 3367.10 1684.61 3314.24 1600.63 3378.43 1560.22
P2208 0.04 4720.48 1261.02 4754.63 1261.02 4754.63 1303.05 4720.48 1303.05
P2208 0.04 4344.77 244.15 4355.56 262.13 4336.49 270.90 4326.11 253.15
P2208 0.04 3092.84 1716.90 3092.46 1731.55 3051.23 1730.49 3051.61 1715.84
P2208 0.04 4365.17 309.07 4384.45 312.93 4380.42 333.05 4361.14 329.19
P2208 0.04 4230.42 221.28 4228.46 254.34 4193.89 252.30 4195.85 219.23
P2208 0.04 1958.40 2541.80 1973.35 2558.08 1955.25 2574.69 1940.30 2558.41
P2208 0.04 3538.18 738.32 3561.07 738.82 3560.32 773.50 3537.43 773.00
P2208 0.04 2214.08 2331.99 2210.70 2351.99 2189.27 2348.36 2192.65 2328.37
P2208 0.04 1015.85 2462.21 1033.83 2470.13 1025.24 2489.64 1007.26 2481.73
P2208 0.04 1288.45 2484.28 1287.88 2498.96 1264.47 2498.05 1265.04 2483.37
P2208 0.04 4340.49 424.24 4318.70 461.79 4277.08 437.64 4298.87 400.09
P2208 0.03 5140.12 1688.26 5168.79 1741.78 5079.52 1789.60 5050.86 1736.08
P2208 0.03 2106.81 538.33 2123.42 555.43 2104.89 573.44 2088.27 556.34
P2208 0.03 4302.61 362.37 4318.89 362.42 4318.75 406.82 4302.47 406.77
P2208 0.03 3423.88 2229.18 3454.62 2280.35 3387.83 2320.47 3357.09 2269.30
P2208 0.03 2657.21 393.07 2658.01 408.59 2639.57 409.54 2638.77 394.02
P2208 0.03 2320.31 501.72 2292.02 504.29 2289.24 473.73 2317.53 471.16
P2208 0.03 4294.94 1749.17 4285.88 1769.84 4265.04 1760.70 4274.10 1740.03
P2208 0.03 3746.68 1774.22 3754.84 1780.60 3742.07 1796.94 3733.91 1790.56
P2208 0.03 3722.18 1675.94 3760.57 1726.68 3699.96 1772.53 3661.57 1721.79
P2208 0.03 4691.13 1538.70 4717.33 1551.64 4693.91 1599.07 4667.71 1586.14
P2208 0.03 4308.69 1651.78 4308.85 1669.91 4286.68 1670.10 4286.53 1651.97
P2208 0.02 3708.57 1664.10 3768.40 1720.05 3712.21 1785.80 3651.52 1730.20
P1385 0.03 205.50 1725.19 253.57 1893.01 157.64 1975.19 118.29 1809.31
P2021 0.04 382.17 819.87 389.79 887.11 361.65 899.60 355.85 833.05
P2677 0.25 909.88 2631.20 941.07 2631.20 941.07 2686.93 909.88 2686.93
P2677 0.15 1012.92 2520.81 1037.82 2520.81 1037.82 2598.05 1012.92 2598.05
P2677 0.14 996.62 2521.22 1021.28 2521.22 1021.28 2600.70 996.62 2600.70
P2677 0.06 1046.56 2515.90 1076.66 2515.90 1076.66 2596.91 1046.56 2596.91
P2677 0.05 995.97 2523.45 1001.18 2590.42 980.14 2601.57 976.31 2535.40
P2677 0.03 952.46 2640.54 957.21 2673.87 943.83 2682.91 939.75 2649.91
P2677 0.03 966.00 2644.37 987.92 2644.37 987.92 2690.72 966.00 2690.72
P2677 0.03 1180.86 2664.18 1205.84 2694.94 1183.62 2740.15 1162.15 2710.28
P2677 0.02 962.11 2526.95 971.31 2588.78 945.22 2603.94 937.49 2542.68
P1578 0.04 3647.07 422.33 3675.07 422.33 3675.07 447.57 3647.07 447.57
P1381 0.04 2792.84 4008.39 2795.44 4028.31 2772.52 4031.30 2769.92 4011.38
P2559 0.04 1502.24 2000.17 1516.60 2018.15 1499.34 2031.53 1485.25 2013.80
P1176 0.59 1034.07 2054.31 1057.64 2074.07 1033.98 2094.34 1012.50 2074.71
P1176 0.17 973.95 2097.33 947.21 2110.55 930.06 2075.87 956.79 2062.64
P1176 0.14 3487.99 1720.43 3464.94 1721.67 3463.05 1686.54 3486.09 1685.30
P1176 0.11 4505.17 1587.71 4466.77 1597.34 4456.00 1554.39 4494.40 1544.76
P1176 0.07 4420.74 1603.84 4388.87 1609.38 4380.58 1561.67 4412.45 1556.13
P1176 0.04 4208.20 1631.36 4185.50 1632.07 4184.58 1603.14 4207.29 1602.42
P1176 0.04 4239.54 1628.89 4219.06 1629.79 4217.75 1599.92 4238.22 1599.02
P0034 0.03 3110.26 374.78 3078.29 394.38 3046.52 342.57 3078.49 322.97
P0055 0.17 1346.51 1105.20 1385.52 1203.93 1288.87 1238.14 1256.50 1141.00
P0055 0.08 1436.01 1155.05 1484.28 1155.05 1484.28 1337.19 1436.01 1337.19
P1254 0.03 2612.49 2035.74 2641.00 2055.11 2617.29 2080.44 2590.00 2061.11
P1544 0.05 3056.56 1000.65 3047.20 1020.73 3026.09 1010.88 3035.45 990.80
P1126 0.17 3232.90 1866.52 3292.36 1926.56 3201.88 1966.19 3145.59 1906.77
P1126 0.09 646.28 2119.76 508.29 2140.86 485.80 1993.79 623.79 1972.69
P1153 0.11 1773.22 2364.55 1848.00 2456.00 1766.97 2542.20 1692.83 2451.80
P1153 0.1 546.85 3536.46 654.17 3625.10 550.91 3723.00 440.76 3633.95
P1153 0.07 1817.18 2351.40 1965.22 2498.73 1804.08 2637.59 1659.67 2491.86
P1153 0.06 213.93 3568.54 283.98 3673.82 150.66 3723.00 86.59 3619.07
P1153 0.04 1166.47 2899.44 1348.71 3052.56 1168.28 3210.99 983.19 3058.22
P1153 0.04 1539.71 2626.41 1659.14 2755.31 1534.30 2879.96 1415.23 2753.02
P1153 0.03 1171.05 3177.23 1087.82 3250.09 947.65 3089.99 1030.88 3017.13
P1153 0.03 607.52 1784.10 519.40 1863.44 281.98 1599.72 370.11 1520.39
P1048 0.04 832.89 2115.26 852.80 2140.22 831.77 2169.13 813.53 2144.61
P1048 0.04 794.04 2113.58 813.33 2121.05 804.53 2143.81 785.23 2136.34
P1048 0.03 1262.49 1141.36 1287.48 1162.99 1263.18 1183.67 1238.20 1162.17
P0016 0.03 62.43 912.33 101.21 912.33 101.21 1006.03 62.43 1006.03
P1496 0.03 1427.89 1911.97 1449.46 1956.65 1416.14 1985.40 1396.86 1941.12
P1496 0.03 2012.44 659.50 2033.48 693.96 2000.12 717.69 1981.77 683.85
P2596 0.04 1186.13 1326.59 1222.87 1354.29 1171.52 1373.55 1140.25 1346.33
P2596 0.04 985.54 994.41 1013.49 1042.80 951.71 1062.73 928.98 1014.80
P1058 0.03 3810.20 3413.97 3823.49 3445.29 3801.95 3466.62 3790.32 3436.08
P1553 0.03 1410.25 2708.85 1414.91 2745.20 1377.92 2749.94 1373.27 2713.58
P1378 0.14 3723.42 3041.46 3736.20 3051.33 3722.67 3068.86 3709.88 3059.00
P1129 0.86 3151.14 5776.65 3224.66 5823.22 3169.54 5906.61 3103.48 5860.96
P1129 0.83 3145.01 4434.84 3211.74 4492.61 3153.82 4567.79 3092.29 4510.22
P1129 0.79 453.67 1685.27 484.73 1719.66 448.22 1753.19 421.15 1719.47
P1129 0.79 282.10 1771.21 318.41 1809.83 279.53 1847.93 247.00 1810.04
P1129 0.75 594.42 1872.08 653.65 1890.52 634.15 1953.12 574.93 1934.68
P1129 0.75 3517.44 4923.25 3424.68 4996.69 3350.10 4902.48 3442.86 4829.05
P1129 0.75 738.44 1699.01 787.67 1714.02 770.43 1770.54 721.21 1755.52
P1129 0.68 548.65 1859.46 594.08 1890.05 557.46 1944.45 512.03 1913.86
P1129 0.65 320.25 1450.73 358.43 1479.79 322.18 1512.22 287.15 1483.39
P1129 0.58 480.92 1791.94 440.15 1832.93 395.95 1788.97 436.72 1747.98
P1129 0.25 1159.38 5545.05 1195.05 5553.63 1177.23 5627.76 1141.56 5619.18
P1129 0.17 1074.27 5553.92 1099.96 5555.12 1097.03 5618.05 1071.35 5616.86
P1129 0.03 3390.09 5044.91 3458.82 5111.86 3383.90 5188.76 3315.17 5121.81
P1129 0.03 998.60 5384.83 1036.83 5395.30 1026.10 5434.48 987.87 5424.01
P1129 0.02 286.95 1829.77 304.96 1837.21 288.59 1848.00 273.13 1840.68
P1112 0.03 8623.28 760.39 8715.89 898.81 8563.85 971.36 8475.61 833.64
P1415 0.53 4420.76 3423.08 4516.50 3487.89 4442.19 3597.67 4346.45 3532.86
P1415 0.04 891.61 1484.32 916.40 1484.32 916.40 1529.07 891.61 1529.07
P1415 0.04 1202.38 3601.22 1225.27 3625.84 1197.46 3648.50 1176.02 3623.83
P1415 0.03 3438.51 253.05 3450.40 273.31 3432.45 285.38 3421.18 265.15
P1655 0.11 3767.40 3079.67 3772.69 3104.22 3742.32 3110.76 3737.03 3086.22
P1655 0.04 3687.86 3099.72 3692.67 3127.44 3663.65 3132.47 3658.84 3104.75
P1175 0.25 2306.64 2314.32 2370.79 2351.75 2332.27 2417.76 2268.12 2380.32
P1494 0.17 4066.80 2623.04 4064.76 2643.37 4029.08 2639.78 4031.12 2619.45
P1494 0.15 1210.14 1693.15 1233.16 1719.79 1200.24 1741.22 1178.51 1714.71
P1494 0.06 1010.38 1416.00 1024.00 1438.94 1006.36 1459.52 993.30 1436.43
P1169 0.09 1699.48 684.30 1663.42 690.67 1656.16 649.58 1692.22 643.21
P1169 0.09 1838.18 759.99 1827.28 792.31 1789.68 779.63 1800.57 747.31
P1169 0.05 2174.84 1236.52 2146.71 1256.93 2121.60 1222.32 2149.73 1201.92
P1169 0.04 1750.48 622.88 1781.98 634.65 1768.52 670.63 1737.03 658.86
P1169 0.04 2788.89 2701.95 2800.12 2715.96 2783.70 2729.12 2772.47 2715.11
P1169 0.04 1933.70 931.80 1935.74 958.18 1908.68 960.27 1906.64 933.90
P1169 0.03 2734.57 2642.69 2748.65 2655.38 2735.03 2667.34 2721.00 2654.87
P1169 0.03 2822.36 2644.95 2804.26 2663.23 2768.90 2628.23 2786.99 2609.95
P1169 0.03 2218.87 1107.79 2194.73 1129.18 2172.35 1103.92 2196.50 1082.53
P1169 0.03 1597.26 743.48 1570.32 766.56 1545.51 737.60 1572.45 714.52
P1169 0.03 1795.59 660.26 1807.53 686.23 1777.56 700.01 1765.62 674.04
P1396 0.84 2132.05 705.15 2171.34 705.15 2171.34 827.85 2132.05 827.85
P1396 0.81 2175.55 474.05 2213.07 477.50 2202.49 592.60 2164.97 589.15
P1396 0.8 2145.89 1181.52 2192.49 1181.52 2192.49 1295.16 2145.89 1295.16
P1396 0.8 2120.12 474.74 2159.25 474.74 2159.25 576.11 2120.12 576.11
P1396 0.75 2050.11 697.07 2091.62 697.59 2090.07 821.15 2048.56 820.63
P1396 0.74 2090.93 698.24 2131.66 698.24 2131.66 819.98 2090.93 819.98
P1396 0.62 631.95 2294.48 654.82 2325.29 635.48 2378.86 615.95 2349.51
P1396 0.62 2249.13 1221.48 2273.36 1264.06 2252.70 1342.29 2233.36 1303.04
P1396 0.6 764.66 2074.70 793.65 2074.70 793.65 2161.96 764.66 2161.96
P1396 0.59 591.82 2290.46 611.93 2320.99 594.86 2373.97 577.97 2345.10
P1396 0.59 2159.63 613.23 2208.19 613.23 2208.19 734.12 2159.63 734.12
P1396 0.47 1994.97 1674.10 2056.53 1736.79 1983.50 1794.83 1926.47 1732.90
P1396 0.41 551.96 2286.82 575.68 2317.75 557.23 2375.26 536.61 2345.72
P1396 0.4 2196.20 1198.22 2241.34 1198.22 2241.34 1338.82 2196.20 1338.82
P1396 0.37 1212.10 1758.04 1302.48 1758.04 1302.48 1960.55 1212.10 1960.55
P1396 0.35 1989.65 616.03 2055.19 616.03 2055.19 743.43 1989.65 743.43
P1396 0.34 736.79 2141.56 714.10 2142.04 713.11 2095.70 735.81 2095.21
P1396 0.17 767.03 2217.26 806.10 2217.26 806.10 2269.90 767.03 2269.90
P1396 0.11 1193.66 1662.88 1193.06 1685.74 1140.35 1684.35 1140.95 1661.49
P1396 0.1 670.16 2309.63 689.67 2341.55 671.60 2388.58 655.20 2358.32
P1396 0.09 2041.01 468.22 2086.25 488.67 2040.13 590.69 1994.89 570.24
P1396 0.08 2018.68 2731.56 2052.16 2731.56 2052.16 2837.32 2018.68 2837.32
P1396 0.07 2629.43 98.79 2669.98 133.13 2641.32 209.80 2605.36 176.79
P1396 0.06 1240.55 1753.96 1259.01 1822.85 1211.83 1848.00 1197.34 1781.26
P1396 0.06 1036.98 887.23 1071.03 887.23 1071.03 947.04 1036.98 947.04
P1396 0.06 1971.56 2713.88 2004.34 2713.88 2004.34 2842.72 1971.56 2842.72
P1396 0.06 623.47 5496.79 661.01 5496.79 661.01 5567.70 623.47 5567.70
P1396 0.05 2305.14 927.88 2327.20 948.40 2310.33 994.05 2291.60 974.12
P1396 0.05 935.19 2178.16 883.43 2178.86 882.11 2082.45 933.87 2081.74
P1396 0.04 1880.83 2706.84 1912.47 2706.84 1912.47 2850.77 1880.83 2850.77
P1396 0.04 1513.16 2079.26 1548.02 2111.05 1515.78 2152.19 1485.10 2120.95
P1396 0.04 1600.69 2577.25 1584.43 2577.47 1583.49 2508.22 1599.76 2508.00
P1396 0.03 1482.73 1936.95 1600.90 1936.95 1600.90 2215.55 1482.73 2215.55
P1396 0.03 976.66 2577.84 1061.93 2577.84 1061.93 2616.23 976.66 2616.23
P1396 0.03 1886.95 2383.28 1905.66 2424.77 1880.86 2462.19 1865.96 2422.30
P1396 0.03 496.77 2405.28 568.29 2405.28 568.29 2472.86 496.77 2472.86
P0958 0.04 499.04 229.45 535.45 229.45 535.45 296.67 499.04 296.67
P1873 0.38 874.08 1821.11 885.20 1839.19 864.26 1848.00 854.79 1830.45
P1873 0.34 914.48 1803.39 925.31 1818.45 913.61 1835.02 903.99 1820.28
P1873 0.25 954.62 1810.63 974.40 1843.94 937.95 1865.59 918.17 1832.27
P1873 0.2 1010.71 1816.78 1029.27 1832.69 1010.05 1848.00 992.71 1832.44
P1873 0.19 1024.46 1820.57 1034.54 1849.28 1005.26 1859.56 995.18 1830.85
P1873 0.1 789.26 1803.39 815.14 1829.06 778.57 1848.00 756.08 1823.19
P1873 0.07 306.38 2386.10 322.13 2386.10 322.13 2420.91 306.38 2420.91
P1873 0.07 667.32 1810.61 715.45 1810.61 715.45 1848.00 667.32 1848.00
P1873 0.07 712.42 3057.56 731.45 3057.56 731.45 3096.16 712.42 3096.16
P1873 0.05 2185.52 3202.81 2191.10 3226.28 2177.58 3233.97 2172.79 3210.77
P1873 0.03 2256.52 3259.38 2210.42 3277.80 2177.80 3196.17 2223.90 3177.75
P1873 0.03 2321.33 4207.70 2292.12 4212.83 2282.30 4156.89 2311.51 4151.76
P0247 0.06 428.87 1124.75 464.60 1151.90 427.54 1180.20 393.15 1153.00
P0043 0.06 3237.00 2312.42 3250.91 2340.97 3222.74 2355.11 3211.03 2327.20
P1400 0.85 3898.45 1854.71 3938.69 1855.04 3937.72 1974.50 3897.48 1974.17
P1400 0.85 4124.31 1981.54 4082.62 1982.08 4081.03 1861.30 4122.72 1860.75
P1400 0.85 4223.39 1870.84 4265.24 1873.64 4257.66 1987.24 4215.81 1984.45
P1400 0.84 4311.49 1874.10 4355.80 1874.10 4355.80 1990.15 4311.49 1990.15
P1400 0.84 2835.84 1819.85 2876.77 1819.85 2876.77 1937.68 2835.84 1937.68
P1400 0.84 3666.05 1847.81 3709.97 1847.81 3709.97 1967.69 3666.05 1967.69
P1400 0.84 3982.30 1978.43 3947.46 1978.68 3946.57 1855.27 3981.42 1855.02
P1400 0.84 3858.41 1848.13 3897.53 1852.12 3884.45 1980.27 3845.33 1976.28
P1400 0.84 4176.47 1865.78 4218.12 1867.22 4213.99 1986.72 4172.34 1985.28
P1400 0.84 3991.89 1861.40 4034.09 1861.40 4034.09 1981.82 3991.89 1981.82
P1400 0.83 3636.05 3410.67 3594.50 3412.03 3589.72 3265.58 3631.27 3264.23
P1400 0.83 4269.37 1868.33 4307.92 1870.04 4302.67 1987.88 4264.12 1986.16
P1400 0.83 3620.46 1846.47 3662.65 1848.13 3657.73 1973.10 3615.54 1971.44
P1400 0.82 2968.58 3684.17 3015.75 3684.17 3015.75 3835.37 2968.58 3835.37
P1400 0.82 3032.63 3377.65 3083.11 3377.65 3083.11 3516.71 3032.63 3516.71
P1400 0.8 2793.44 3369.86 2837.48 3369.86 2837.48 3517.33 2793.44 3517.33
P1400 0.8 3805.44 1847.42 3846.54 1848.02 3844.74 1973.29 3803.64 1972.70
P1400 0.8 3802.66 1965.29 3760.42 1965.64 3759.46 1849.74 3801.70 1849.39
P1400 0.8 4079.49 1978.18 4040.40 1978.93 4038.09 1858.90 4077.18 1858.15
P1400 0.8 3755.88 1966.28 3717.47 1968.17 3711.53 1847.82 3749.94 1845.92
P1400 0.8 4135.85 1864.96 4174.78 1868.49 4164.32 1984.09 4125.39 1980.57
P1400 0.8 3877.33 3419.60 3838.63 3420.90 3833.70 3274.07 3872.40 3272.78
P1400 0.79 3198.60 3522.72 3164.76 3522.88 3164.10 3386.63 3197.94 3386.47
P1400 0.79 5009.76 1975.08 5036.15 1977.28 5026.40 2094.32 5000.02 2092.12
P1400 0.76 3213.47 3701.45 3253.31 3701.45 3253.31 3828.92 3213.47 3828.92
P1400 0.76 3344.89 3276.79 3388.81 3276.79 3388.81 3410.72 3344.89 3410.72
P1400 0.75 2765.94 1991.07 2713.74 1991.41 2712.59 1816.21 2764.78 1815.87
P1400 0.74 2836.79 1964.44 2784.53 1969.31 2770.15 1815.30 2822.41 1810.43
P1400 0.72 3146.04 3831.61 3191.06 3831.61 3191.06 3969.14 3146.04 3969.14
P1400 0.72 2380.00 1808.49 2416.72 1808.49 2416.72 1907.91 2380.00 1907.91
P1400 0.7 5038.44 1975.01 5071.44 1979.00 5057.52 2094.18 5024.52 2090.19
P1400 0.69 3524.70 3410.20 3565.24 3410.20 3565.24 3533.92 3524.70 3533.92
P1400 0.69 2734.86 3250.10 2776.74 3250.10 2776.74 3385.20 2734.86 3385.20
P1400 0.69 3225.85 3266.80 3265.49 3266.80 3265.49 3393.30 3225.85 3393.30
P1400 0.69 3282.97 3398.13 3319.40 3398.13 3319.40 3520.77 3282.97 3520.77
P1400 0.68 2909.85 3372.70 2959.20 3372.70 2959.20 3517.32 2909.85 3517.32
P1400 0.67 5171.35 1980.52 5205.88 1984.23 5193.93 2095.27 5159.40 2091.55
P1400 0.67 2539.30 3374.15 2493.00 3375.07 2490.28 3238.49 2536.58 3237.57
P1400 0.62 2579.49 695.45 2619.74 695.45 2619.74 831.94 2579.49 831.94
P1400 0.6 2980.57 3251.71 3024.96 3251.71 3024.96 3381.93 2980.57 3381.93
P1400 0.58 4083.56 1651.24 4026.50 1652.60 4022.99 1505.13 4080.05 1503.77
P1400 0.56 3765.82 3412.77 3712.24 3416.91 3701.90 3283.15 3755.48 3279.01
P1400 0.56 5136.13 1985.25 5173.76 1988.73 5164.07 2093.78 5126.44 2090.31
P1400 0.52 4415.70 1884.35 4461.89 1888.17 4452.18 2005.41 4406.00 2001.59
P1400 0.49 399.74 573.99 440.60 576.35 433.46 700.30 392.60 697.94
P1400 0.49 3345.46 2609.39 3396.82 2613.55 3384.85 2761.53 3333.49 2757.37
P1400 0.47 3171.21 2629.11 3234.10 2629.11 3234.10 2776.26 3171.21 2776.26
P1400 0.47 2613.99 3249.27 2655.66 3249.27 2655.66 3378.06 2613.99 3378.06
P1400 0.47 3467.20 3272.36 3513.04 3272.36 3513.04 3419.87 3467.20 3419.87
P1400 0.47 3269.03 3831.12 3313.06 3831.12 3313.06 3977.36 3269.03 3977.36
P1400 0.36 2562.19 396.42 2618.31 403.31 2601.18 542.87 2545.06 535.98
P1400 0.36 1449.09 982.68 1510.91 984.02 1507.84 1125.31 1446.02 1123.97
P1400 0.36 2862.61 2615.31 2907.80 2617.77 2900.50 2751.77 2855.32 2749.31
P1400 0.34 2818.97 417.88 2876.26 422.09 2865.78 564.82 2808.49 560.61
P1400 0.32 5096.16 1984.91 5142.24 1992.27 5125.97 2094.15 5079.89 2086.79
P1400 0.25 5067.66 1980.17 5110.17 1981.87 5105.87 2089.48 5063.36 2087.78
P1400 0.21 1724.27 2477.54 1772.89 2477.54 1772.89 2625.92 1724.27 2625.92
P1400 0.17 3442.55 446.76 3500.02 455.31 3479.88 590.66 3422.42 582.11
P1400 0.14 4154.97 3081.42 4120.81 3086.68 4110.72 3021.29 4144.89 3016.02
P1400 0.14 1735.61 2590.56 1704.28 2591.11 1702.52 2490.48 1733.84 2489.93
P1400 0.14 2873.86 1822.12 2893.75 1823.16 2888.36 1925.69 2868.47 1924.65
P1400 0.11 1064.08 2207.12 1086.62 2207.12 1086.62 2255.17 1064.08 2255.17
P1400 0.11 3900.08 1515.53 3969.41 1518.15 3964.28 1654.02 3894.95 1651.40
P1400 0.09 3371.33 767.48 3435.25 768.85 3432.88 879.74 3368.95 878.37
P1400 0.09 4303.89 3109.69 4225.56 3113.34 4220.44 3003.33 4298.77 2999.68
P1400 0.07 505.87 673.94 439.96 676.81 435.00 562.72 500.91 559.85
P1400 0.06 1854.92 314.15 1875.84 314.15 1875.84 364.12 1854.92 364.12
P1400 0.06 694.47 1328.95 735.19 1398.87 696.26 1492.61 661.11 1425.32
P1400 0.05 3069.49 3693.90 3152.27 3693.90 3152.27 3836.52 3069.49 3836.52
P1400 0.04 3436.34 3699.71 3496.00 3699.71 3496.00 3853.48 3436.34 3853.48
P1400 0.04 2095.20 342.41 2246.71 366.34 2221.26 527.50 2069.75 503.58
P1400 0.04 4126.41 3112.40 4073.07 3113.75 4070.31 3004.27 4123.64 3002.93
P1400 0.04 3311.31 435.93 3382.22 441.21 3371.09 590.69 3300.18 585.41
P1400 0.04 4591.53 2303.99 4528.63 2318.83 4509.45 2237.54 4572.36 2222.70
P1400 0.04 3931.15 2969.63 3992.89 2975.70 3982.22 3084.03 3920.48 3077.96
P1400 0.04 1695.42 986.54 1770.13 989.76 1763.64 1140.26 1688.93 1137.04
P1400 0.03 3296.00 767.24 3337.43 767.24 3337.43 879.77 3296.00 879.77
P1400 0.03 1705.73 1167.68 1625.89 1170.94 1619.78 1021.32 1699.63 1018.07
P1400 0.03 3312.38 3696.82 3398.19 3696.82 3398.19 3838.15 3312.38 3838.15
P1400 0.03 6086.80 2611.48 6043.04 2651.26 5947.76 2546.44 5991.51 2506.67
P1400 0.03 2107.75 1440.18 2200.55 1453.33 2181.93 1584.71 2089.13 1571.56
P1400 0.03 2906.20 3822.93 2827.60 3825.71 2823.08 3697.79 2901.68 3695.02
P1400 0.03 1775.20 313.04 1855.35 317.71 1849.35 420.63 1769.19 415.95
P1400 0.03 833.43 970.78 965.46 973.45 961.98 1145.40 829.96 1142.74
P1183 0.67 5552.94 1997.05 5573.38 2041.69 5502.13 2074.32 5481.69 2029.68
P1760 0.09 3914.74 83.13 3938.63 115.41 3903.47 141.44 3879.58 109.15
P1760 0.03 3672.83 1425.36 3694.36 1428.60 3689.39 1461.76 3667.85 1458.52
P2635 0.12 2740.49 3274.42 2774.46 3274.42 2774.46 3367.88 2740.49 3367.88
P2635 0.06 2296.23 1171.87 2452.52 1171.87 2452.52 1304.99 2296.23 1304.99
P2635 0.04 2197.61 1135.96 2218.69 1165.03 2196.54 1202.86 2179.46 1174.89
P2635 0.04 2562.37 1929.15 2593.74 1931.60 2586.45 2025.13 2555.08 2022.68
P2635 0.03 3346.78 2434.61 3359.94 2499.84 3331.18 2528.99 3321.29 2465.13
P2635 0.03 3348.34 1435.04 3372.58 1436.10 3369.13 1514.69 3344.89 1513.63
P1363 0.06 3992.02 1224.60 4020.40 1243.00 3999.14 1272.42 3971.30 1253.94
P1363 0.04 4177.79 1636.10 4196.39 1664.00 4159.22 1688.77 4140.62 1660.88
P2188 0.11 978.24 1471.09 1024.49 1514.73 967.23 1551.31 922.12 1507.65
P1125 0.49 2034.80 3922.88 1933.05 3931.50 1922.93 3812.08 2024.69 3803.46
P1125 0.11 2869.98 3628.19 2815.57 3636.47 2798.98 3527.49 2853.39 3519.20
P1125 0.08 1605.57 2766.34 1630.61 2830.26 1585.95 2859.13 1561.81 2796.18
P1125 0.06 382.40 1127.98 389.73 1175.68 368.52 1187.81 362.82 1140.89
P1125 0.06 1818.58 2787.37 1843.82 2837.51 1795.74 2865.03 1772.30 2815.71
P1125 0.05 1634.98 2846.48 1603.31 2850.59 1594.14 2779.81 1625.80 2775.71
P1125 0.03 3217.79 3764.64 3170.96 3778.87 3151.26 3714.09 3198.09 3699.85
P1125 0.03 3741.86 2683.01 3748.68 2722.48 3732.51 2736.79 3726.72 2697.62
P1125 0.03 3380.15 2241.60 3394.32 2300.41 3326.45 2316.76 3312.28 2257.95
P2037 0.1 1591.27 529.66 1612.05 568.50 1568.56 584.89 1550.15 546.31
P1692 0.19 4092.14 291.55 4060.43 296.15 4055.42 261.62 4087.13 257.02
P0057 0.1 1899.87 452.96 1940.93 452.96 1940.93 523.28 1899.87 523.28
P0057 0.1 1872.04 448.06 1911.44 448.06 1911.44 526.13 1872.04 526.13
P1422 0.66 2319.44 163.81 2390.61 217.06 2331.62 283.63 2262.31 229.92
P1870 0.44 5303.10 881.26 5322.74 920.57 5280.17 941.85 5260.52 902.54
P1870 0.3 3651.90 2033.28 3664.12 2044.40 3650.21 2055.55 3638.68 2044.57
P1870 0.04 3920.48 1929.65 3904.40 1936.11 3896.30 1915.92 3912.38 1909.47
P1870 0.04 4399.29 1406.51 4406.28 1419.69 4392.19 1427.16 4385.20 1413.98
P1870 0.03 3779.56 5121.87 3795.80 5137.67 3770.61 5147.01 3755.83 5131.38
P1870 0.03 3895.69 1917.52 3883.02 1926.16 3873.53 1912.24 3886.19 1903.60
P1424 0.03 5297.24 2982.00 5484.66 3035.15 5429.34 3230.21 5241.92 3177.06
P2556 0.49 3372.56 4598.39 3410.07 4660.68 3331.63 4707.91 3294.13 4645.61
P2556 0.41 3341.54 3820.65 3270.89 3860.11 3228.27 3783.79 3298.92 3744.34
P2556 0.17 853.39 2178.88 879.98 2210.76 845.52 2237.93 820.83 2205.98
P2556 0.15 1351.28 41.70 1362.55 59.26 1346.67 73.27 1336.46 55.96
P2556 0.06 1066.05 645.63 1081.68 659.82 1065.10 674.65 1051.17 660.61
P1160 0.86 358.43 4189.10 418.66 4259.06 341.88 4315.11 288.74 4246.52
P1160 0.85 312.92 3982.54 274.78 4060.03 187.89 4017.26 226.03 3939.77
P1160 0.84 1042.68 3403.67 1106.88 3458.57 1049.93 3527.53 991.64 3472.71
P1160 0.82 203.86 4047.69 267.62 4096.32 212.72 4154.37 152.26 4105.76
P1160 0.8 921.95 3714.73 990.38 3757.40 945.70 3829.07 877.26 3786.41
P1160 0.69 522.39 4322.35 589.33 4386.06 523.51 4454.25 460.13 4390.64
P1160 0.65 172.37 4154.04 235.60 4199.03 180.74 4250.51 120.53 4205.81
P1160 0.32 588.46 4150.92 661.92 4211.39 598.41 4290.92 527.27 4230.51
P1160 0.23 927.37 3692.83 966.37 3721.09 919.56 3746.07 882.09 3718.00
P1160 0.11 211.60 4019.14 248.86 4043.23 209.38 4067.93 174.39 4043.86
P1160 0.06 1046.75 3474.64 1069.88 3483.44 1050.98 3496.00 1030.24 3487.34
P1160 0.05 1380.38 489.09 1413.36 509.50 1386.62 552.69 1353.65 532.28
P1160 0.04 255.32 4109.14 246.42 4130.94 222.13 4121.02 231.02 4099.23
P0328 0.06 589.42 1356.84 614.23 1401.86 574.16 1428.45 552.47 1384.00
P1146 0.04 2199.40 3026.40 2191.88 3061.09 2133.87 3048.51 2141.39 3013.83
P0924 0.06 658.25 309.39 701.77 309.39 701.77 402.93 658.25 402.93
P0924 0.03 209.25 894.26 239.95 894.26 239.95 954.04 209.25 954.04
P0530 0.03 269.79 21.38 282.20 33.12 268.68 45.89 257.00 34.30
P2069 0.07 286.29 1243.41 309.55 1243.41 309.55 1329.74 286.29 1329.74
P2069 0.03 653.59 899.44 671.78 918.12 605.45 982.69 587.27 964.01
P1407 0.03 253.91 2775.35 307.33 2821.20 257.48 2872.09 203.98 2826.23
P1865 0.27 295.54 1419.00 320.33 1419.00 320.33 1485.49 295.54 1485.49
P1865 0.14 258.01 1770.27 282.34 1770.27 282.34 1829.22 258.01 1829.22
P1865 0.13 315.44 1414.18 342.94 1414.18 342.94 1486.69 315.44 1486.69
P1865 0.12 269.75 1418.03 298.27 1418.03 298.27 1485.79 269.75 1485.79
P1865 0.07 222.46 1569.49 253.24 1569.49 253.24 1652.58 222.46 1652.58
P1865 0.04 488.90 5304.32 440.28 5310.65 427.01 5208.67 475.63 5202.34
P1162 0.45 501.81 524.81 681.95 524.81 681.95 811.55 501.81 811.55
P2252 0.16 73.94 993.67 91.44 1009.47 72.60 1022.23 55.53 1006.53
P1668 0.03 2745.30 842.76 2774.34 878.31 2731.76 913.09 2702.73 877.55
P2229 0.06 2645.47 240.67 2660.40 242.95 2657.26 263.52 2642.33 261.24
P1490 0.07 1189.44 135.08 1159.15 140.79 1151.34 99.38 1181.63 93.66
P1490 0.05 1808.49 958.03 1842.72 987.29 1807.28 1014.08 1774.17 984.78
P2024 0.03 332.50 4038.26 268.51 4112.06 186.35 4040.82 250.33 3967.02
P2643 0.03 4647.12 1821.33 4665.88 1833.37 4648.04 1848.00 4628.94 1836.07
P0048 0.03 988.80 799.57 999.15 813.22 988.12 827.92 978.37 814.34
P0033 0.27 1772.99 1508.52 1848.00 1592.59 1764.32 1669.97 1687.27 1585.70
P1500 0.03 1681.11 245.20 1738.51 297.58 1670.97 343.84 1614.15 291.10
P2238 0.1 982.14 312.66 1004.28 338.54 965.48 371.74 943.34 345.85
P0191 0.03 971.53 408.87 1009.61 408.87 1009.61 466.54 971.53 466.54
P1406 0.26 5079.97 4011.93 5112.70 4046.89 5077.53 4076.72 5044.96 4041.85
P1406 0.06 5251.31 3471.74 5344.60 3551.80 5258.94 3650.29 5164.88 3570.07
P1406 0.03 3959.09 3852.17 3978.48 3868.98 3960.19 3888.56 3941.03 3871.83
P1262 0.12 3220.37 3629.85 3236.51 3656.53 3211.55 3674.72 3197.28 3648.46
P1177 0.87 629.18 759.67 681.13 878.87 579.47 928.39 534.05 810.56
P1177 0.87 1175.96 685.33 1235.28 788.52 1142.01 847.78 1090.73 746.23
P1177 0.86 425.87 928.74 305.03 976.29 255.63 850.73 376.47 803.19
P1177 0.86 2013.34 1076.64 2065.57 1198.91 1954.97 1244.61 1909.33 1123.86
P1177 0.86 873.62 733.28 925.46 840.57 836.62 893.66 791.27 787.54
P1177 0.86 1461.17 650.57 1506.40 764.66 1405.63 809.58 1369.36 697.82
P1177 0.86 1031.97 713.20 1082.74 823.69 986.00 871.07 941.80 761.80
P1177 0.86 1322.92 669.33 1374.86 784.38 1271.52 831.55 1226.49 718.01
P1177 0.86 494.22 812.00 548.36 906.61 450.87 950.71 403.24 856.92
P1177 0.86 1915.45 1234.65 1796.68 1272.92 1750.63 1129.99 1869.40 1091.73
P1177 0.75 2549.02 701.08 2443.03 720.08 2416.77 573.54 2522.76 554.55
P1177 0.71 4569.88 209.41 4616.69 376.91 4501.70 428.39 4461.14 263.82
P1177 0.59 5298.14 75.40 5443.05 75.40 5443.05 281.79 5298.14 281.79
P1177 0.56 4240.08 428.62 4168.86 451.12 4136.83 349.77 4208.06 327.26
P1177 0.47 4877.69 176.08 4957.32 317.78 4834.21 399.07 4759.09 258.36
P1177 0.36 2372.90 672.83 2287.88 685.17 2270.84 567.81 2355.85 555.46
P1177 0.32 4098.83 944.22 3994.08 963.15 3968.82 823.43 4073.57 804.50
P1177 0.24 3510.56 1196.36 3426.36 1201.34 3414.87 1006.97 3499.07 1001.99
P1177 0.24 849.47 812.00 922.78 851.04 857.80 900.84 788.20 861.43
P1177 0.14 4260.67 857.94 4368.84 857.94 4368.84 1096.31 4260.67 1096.31
P1177 0.13 860.72 812.00 905.25 844.56 865.43 884.75 824.00 852.47
P1177 0.1 3103.24 504.07 3152.14 695.52 3019.46 751.87 2977.45 563.58
P1177 0.05 5214.63 133.79 5292.92 270.02 5140.93 332.53 5068.26 198.51
P1177 0.04 3580.61 422.08 3685.56 422.08 3685.56 517.67 3580.61 517.67
P1177 0.03 3702.02 432.54 3777.60 432.54 3777.60 519.61 3702.02 519.61
P1313 0.03 2544.56 2727.69 2549.38 2751.56 2515.50 2758.39 2510.69 2734.52
P1678 0.03 2609.21 3516.48 2579.71 3543.94 2546.58 3508.35 2576.07 3480.89
P0166 0.07 3166.60 1289.66 3172.41 1316.10 3131.98 1324.98 3126.17 1298.54
P0166 0.06 2132.04 2132.67 2149.92 2149.20 2132.25 2167.95 2114.72 2151.60
P1530 0.04 2900.12 3952.67 2922.91 3976.72 2897.83 4000.00 2875.35 3976.31
P1172 0.34 2298.40 567.70 2323.96 594.55 2296.89 620.32 2271.33 593.47
P1172 0.25 2203.79 893.09 2169.56 893.65 2169.00 859.39 2203.23 858.83
P1172 0.17 2442.55 6339.03 2502.01 6353.85 2483.35 6428.71 2423.89 6413.89
P2749 0.11 5463.79 2066.96 5377.15 2088.99 5351.68 1988.80 5438.33 1966.78
P2711 0.04 360.88 1205.53 373.40 1235.30 353.87 1251.46 341.86 1222.21
P2803 0.03 1356.31 1154.01 1389.53 1219.24 1357.30 1311.86 1329.68 1248.73
P1180 0.19 2020.96 1641.65 2042.50 1651.44 2032.63 1673.16 2011.08 1663.37
P1180 0.14 3123.05 759.98 3112.13 772.50 3094.91 757.49 3105.83 744.96
P1180 0.03 1267.95 2191.70 1295.59 2220.64 1258.31 2256.25 1230.67 2227.32
P1504 0.03 870.21 816.24 879.06 832.59 864.74 843.23 856.65 827.00
P1157 0.27 2465.16 2622.25 2482.27 2642.55 2461.40 2661.48 2446.42 2641.92
P1157 0.08 2440.45 2611.45 2450.88 2628.79 2439.80 2646.71 2430.14 2629.59
P1157 0.07 4873.08 1819.50 4954.95 1902.31 4862.47 1985.10 4784.93 1903.86
P1157 0.07 2670.70 2462.83 2679.34 2486.25 2651.46 2496.54 2642.82 2473.11
P1157 0.06 2321.08 2939.07 2355.65 2964.82 2330.99 3006.79 2298.15 2981.42
P1157 0.05 2738.42 2444.24 2759.88 2459.31 2742.63 2479.90 2722.23 2464.95
P1157 0.05 2604.13 2403.57 2631.12 2416.99 2617.65 2444.09 2590.65 2430.68
P1157 0.04 1240.01 3463.91 1268.18 3475.77 1247.00 3496.00 1219.95 3484.38
P1157 0.04 2386.41 2460.14 2427.43 2474.46 2412.32 2517.74 2371.30 2503.42
P1157 0.03 1496.47 3469.38 1519.69 3493.10 1499.67 3523.95 1477.65 3500.63
P1157 0.03 2598.53 2437.46 2621.10 2457.02 2600.50 2479.19 2579.12 2459.73
P1157 0.03 841.73 3433.32 874.91 3459.75 846.14 3490.99 813.94 3464.94
P1157 0.03 2507.36 2337.87 2525.70 2347.81 2512.61 2371.95 2494.28 2362.01
P1157 0.0 1888.33 3181.72 1908.35 3192.79 1896.33 3214.54 1876.30 3203.47
P0185 0.25 1338.01 2716.50 1374.14 2718.51 1367.22 2843.30 1331.09 2841.29
P0185 0.09 1599.20 3074.66 1615.95 3119.32 1554.62 3142.32 1537.87 3097.66
P0185 0.07 1393.73 2702.03 1422.96 2703.45 1417.99 2805.77 1388.75 2804.35
P0182 0.85 1927.26 1130.18 1980.16 1217.51 1891.55 1271.19 1838.65 1183.85
P0182 0.56 4709.38 609.77 4675.23 610.21 4674.07 519.62 4708.22 519.18
P0182 0.47 1885.89 1011.34 1935.01 1054.77 1858.62 1085.82 1813.22 1043.29
P0182 0.1 560.29 1587.23 453.25 1617.48 407.15 1454.38 514.19 1424.13
P2498 0.1 1339.03 1177.21 1365.08 1207.97 1338.78 1235.53 1312.87 1204.52
P1485 0.87 1006.34 2453.13 1131.65 2453.13 1131.65 2605.52 1006.34 2605.52
P1485 0.14 1430.47 2318.54 1429.35 2357.73 1386.53 2356.50 1387.66 2317.31
P1485 0.04 1223.35 134.56 1260.10 134.56 1260.10 148.39 1223.35 148.39
P0089 0.74 1124.35 128.63 1189.62 181.20 1117.38 241.02 1055.63 188.76
P0089 0.17 3361.01 3673.16 3298.79 3690.72 3267.97 3581.52 3330.19 3563.96
P0089 0.05 2880.14 2869.89 2820.21 2915.67 2773.41 2854.40 2833.34 2808.62
P1523 0.25 3451.46 1014.11 3412.65 1017.97 3408.73 978.58 3447.55 974.72
P1523 0.24 1124.54 958.66 1091.08 967.23 1082.46 933.57 1115.91 924.99
P1523 0.04 3444.01 959.37 3446.12 978.67 3414.37 982.13 3412.27 962.84
P1163 0.8 2249.19 1927.05 2198.40 1987.34 2124.95 1925.45 2175.74 1865.16
P1163 0.19 3585.76 4892.21 3585.00 4944.26 3528.04 4943.43 3528.80 4891.38
P1163 0.1 1458.31 2178.55 1485.20 2198.51 1460.19 2222.89 1434.70 2203.52
P1163 0.1 2202.39 1927.42 2218.83 1948.15 2203.17 1968.06 2186.87 1947.04
P1163 0.03 4246.68 984.24 4274.77 1001.62 4254.14 1024.00 4225.87 1006.38
P1664 0.04 978.79 1420.69 944.46 1453.76 899.65 1407.24 933.97 1374.17
P2461 0.21 1555.97 893.66 1569.09 923.75 1541.83 934.73 1529.63 904.81
P0807 0.03 911.37 1703.12 936.77 1726.96 903.44 1746.10 879.55 1722.48
P0181 0.8 4160.70 608.63 4138.67 688.57 4030.11 658.66 4052.15 578.71
P0181 0.04 1222.26 1149.67 1298.00 1149.67 1298.00 1181.62 1222.26 1181.62
P1774 0.08 4508.25 2280.77 4618.25 2392.41 4492.26 2476.26 4385.96 2363.92
P0137 0.35 3618.21 1220.95 3651.17 1247.82 3619.49 1275.54 3588.41 1248.52
P0137 0.03 4780.18 1833.37 4793.42 1840.74 4779.55 1848.00 4766.99 1840.77
P0137 0.02 4730.31 1828.64 4741.24 1839.17 4728.23 1848.00 4717.46 1837.64
P0024 0.03 2104.45 759.60 2084.00 777.96 2064.30 756.01 2084.74 737.65
P0040 0.16 443.66 3274.40 477.75 3342.60 403.61 3379.66 369.52 3311.47
P1402 0.49 1561.45 846.07 1540.16 847.89 1537.99 822.43 1559.28 820.61
P1402 0.25 3771.10 4053.87 3801.50 4054.85 3800.34 4091.14 3769.94 4090.17
P1402 0.14 3481.97 2472.00 3496.00 2489.56 3476.43 2503.61 3464.06 2486.49
P1402 0.14 3485.17 3304.68 3485.17 3320.33 3454.40 3320.33 3454.40 3304.68
P1402 0.11 1752.07 3773.07 1769.07 3785.52 1754.33 3800.03 1737.95 3787.60
P1402 0.1 3736.65 2928.31 3748.95 2944.62 3734.26 2960.51 3723.59 2944.54
P1402 0.1 3830.07 2928.02 3857.78 2928.02 3857.78 2959.07 3830.07 2959.07
P1402 0.1 1834.31 3841.14 1841.82 3859.54 1812.55 3871.48 1805.04 3853.08
P1402 0.09 1604.82 1024.67 1600.50 1041.25 1582.96 1036.69 1587.27 1020.11
P1402 0.09 3451.09 3265.92 3464.35 3267.64 3461.96 3286.15 3448.70 3284.43
P1402 0.08 3670.59 2923.60 3679.92 2942.64 3665.77 2953.62 3657.16 2935.00
P1402 0.07 816.03 3982.57 765.61 4055.01 686.97 4000.26 737.40 3927.83
P1402 0.07 1840.82 490.88 1857.59 490.88 1857.59 509.77 1840.82 509.77
P1402 0.07 3541.40 2644.17 3554.15 2659.96 3535.95 2671.45 3524.20 2656.08
P1402 0.06 1595.43 675.57 1597.58 692.49 1578.50 694.93 1576.34 678.01
P1402 0.06 1573.88 486.49 1598.07 486.49 1598.07 509.69 1573.88 509.69
P1402 0.06 1922.08 3894.68 1933.20 3911.34 1912.19 3921.11 1902.39 3904.91
P1402 0.06 1878.82 486.09 1897.90 486.09 1897.90 507.23 1878.82 507.23
P1402 0.06 3259.24 2550.23 3267.15 2568.96 3249.90 2577.55 3243.16 2559.40
P1402 0.06 1581.71 1000.31 1603.07 1000.31 1603.07 1017.90 1581.71 1017.90
P1402 0.06 3260.71 2641.24 3274.42 2653.00 3260.96 2667.64 3248.52 2656.24
P1402 0.05 3808.48 4053.66 3848.86 4053.66 3848.86 4096.36 3808.48 4096.36
P1402 0.05 3817.85 2979.45 3826.16 2997.55 3811.43 3006.54 3803.84 2988.87
P1402 0.05 3890.26 2427.16 3874.94 2429.06 3872.74 2411.36 3888.07 2409.46
P1402 0.05 3566.52 3274.10 3563.94 3290.34 3546.77 3287.61 3549.36 3271.36
P1402 0.05 3441.99 3301.57 3442.90 3319.64 3414.34 3321.08 3413.43 3303.02
P1402 0.05 3913.78 2428.85 3895.41 2429.90 3894.36 2411.51 3912.73 2410.46
P1402 0.04 1810.78 3877.32 1830.51 3898.99 1809.10 3921.42 1789.17 3899.83
P1402 0.04 3415.33 2601.99 3424.91 2617.26 3408.92 2626.54 3400.31 2611.60
P1402 0.04 1638.04 3575.94 1655.63 3592.20 1624.43 3602.17 1608.91 3586.22
P1402 0.04 1898.23 491.86 1915.11 491.86 1915.11 507.46 1898.23 507.46
P1402 0.04 1838.38 3887.06 1848.00 3903.30 1837.59 3920.18 1828.10 3903.75
P1402 0.04 3730.12 4050.59 3765.86 4053.53 3762.42 4095.45 3726.68 4092.51
P1402 0.04 3310.56 2840.39 3296.85 2842.97 3292.72 2821.02 3306.43 2818.44
P1402 0.04 3723.53 4049.35 3721.66 4084.69 3681.84 4082.59 3683.71 4047.25
P1402 0.04 3302.87 2691.45 3302.62 2715.82 3277.28 2715.56 3277.53 2691.19
P1402 0.04 1557.87 751.75 1541.34 755.46 1536.55 734.10 1553.08 730.39
P1402 0.04 3314.76 2798.22 3295.92 2799.41 3294.54 2777.65 3313.38 2776.46
P1402 0.04 3166.24 2640.98 3181.43 2647.49 3170.93 2671.99 3155.74 2665.48
P1402 0.04 3193.62 2569.53 3177.68 2571.85 3174.80 2552.12 3190.75 2549.80
P1402 0.03 3353.99 2901.94 3370.63 2901.94 3370.63 2922.41 3353.99 2922.41
P1402 0.03 3415.64 2775.37 3439.10 2775.37 3439.10 2798.84 3415.64 2798.84
P1402 0.03 1860.29 490.45 1872.97 490.45 1872.97 509.91 1860.29 509.91
P1402 0.03 3678.35 3411.72 3686.03 3425.21 3674.90 3435.97 3668.27 3422.79
P1402 0.03 3788.42 2532.70 3795.26 2547.18 3780.97 2553.85 3774.88 2539.71
P1402 0.03 3590.82 3266.66 3609.79 3266.66 3609.79 3291.33 3590.82 3291.33
P1402 0.03 3444.57 3264.53 3456.70 3275.48 3443.31 3286.70 3432.40 3276.14
P1402 0.03 3940.40 2982.56 3949.20 2997.25 3935.01 3006.77 3927.14 2992.48
P1402 0.03 3506.96 3265.17 3528.30 3265.17 3528.30 3289.71 3506.96 3289.71
P1402 0.03 3759.78 2436.57 3728.13 2442.94 3721.28 2408.90 3752.94 2402.54
P1402 0.03 3483.89 2573.78 3467.84 2575.45 3465.81 2555.96 3481.86 2554.29
P1402 0.03 3480.86 2842.41 3467.78 2845.11 3463.01 2822.02 3476.09 2819.32
P1402 0.03 2412.74 2571.56 2389.86 2592.35 2364.23 2564.14 2387.11 2543.35
P1402 0.03 3269.89 2818.15 3281.49 2823.01 3273.50 2842.08 3261.90 2837.22
P1402 0.03 3530.65 2620.29 3514.57 2627.44 3503.90 2603.43 3519.98 2596.29
P1402 0.03 3293.66 2776.59 3293.82 2795.46 3268.11 2795.68 3267.95 2776.81
P1402 0.03 3480.61 2776.18 3498.45 2776.18 3498.45 2798.67 3480.61 2798.67
P1402 0.03 3366.52 2650.55 3375.77 2662.46 3363.39 2672.00 3354.95 2660.50
P1402 0.03 1579.02 1132.46 1599.48 1132.46 1599.48 1146.74 1579.02 1146.74
P1402 0.03 3530.22 2898.29 3537.17 2913.21 3524.87 2920.55 3518.35 2905.99
P1402 0.03 3795.21 2533.61 3817.32 2533.61 3817.32 2555.10 3795.21 2555.10
P1402 0.03 3465.69 2775.77 3482.28 2775.77 3482.28 2798.31 3465.69 2798.31
P1402 0.03 3359.79 2552.29 3380.49 2552.29 3380.49 2576.09 3359.79 2576.09
P1402 0.03 3321.38 2550.60 3341.26 2550.60 3341.26 2575.17 3321.38 2575.17
P1402 0.03 3808.25 2403.15 3815.24 2434.43 3763.06 2446.09 3756.07 2414.81
P1402 0.03 3209.74 2570.58 3196.37 2571.28 3195.27 2550.34 3208.64 2549.64
P1402 0.03 3418.01 2798.04 3397.02 2799.16 3395.85 2777.31 3416.84 2776.18
P1402 0.03 3217.43 2712.95 3200.99 2716.75 3196.76 2698.38 3213.19 2694.59
P1402 0.03 3957.67 2930.17 3954.67 2959.88 3914.00 2955.77 3917.00 2926.06
P1402 0.03 3943.21 3162.52 3942.98 3178.06 3918.18 3177.69 3918.41 3162.16
P1402 0.03 1916.25 3886.55 1896.80 3906.34 1876.21 3886.10 1895.66 3866.32
P1402 0.03 188.96 3473.88 201.32 3484.72 189.29 3494.59 177.18 3483.84
P1151 0.35 2088.03 2518.85 2187.49 2594.53 2091.30 2672.00 1992.64 2597.12
P1151 0.17 1774.43 2012.99 1872.42 2071.00 1782.88 2145.36 1685.96 2087.58
P1151 0.03 1660.86 2631.51 1752.98 2746.44 1649.12 2847.87 1556.28 2733.49
P1605 0.04 125.51 3737.35 141.79 3768.38 94.22 3793.34 77.93 3762.32
