P2345 0.17 881.69 1445.65 698.58 1684.41 349.61 1416.77 532.72 1178.01
P2345 0.03 1412.10 952.16 1446.17 1020.77 1354.72 1040.52 1321.03 972.54
P2345 0.03 1118.06 240.53 1137.37 406.94 1052.73 418.56 1033.93 253.29
P2738 0.86 910.67 862.55 886.12 864.63 882.40 820.79 906.95 818.71
P2738 0.86 1239.30 218.99 1213.32 222.03 1207.78 174.75 1233.76 171.70
P2738 0.85 1225.22 1047.95 1241.24 1058.61 1220.14 1090.29 1204.13 1079.63
P2738 0.56 1329.11 326.55 1322.25 351.14 1277.50 338.67 1284.36 314.08
P2738 0.34 1154.42 1011.37 1138.31 1012.78 1136.34 990.30 1152.45 988.89
P2738 0.29 739.75 1254.88 760.04 1299.92 735.80 1309.35 715.69 1264.37
P2738 0.25 2029.56 155.21 2038.54 161.02 2020.71 188.59 2011.73 182.78
P2738 0.25 1667.59 934.01 1683.05 936.22 1677.95 971.84 1662.50 969.62
P2738 0.14 1447.00 438.83 1461.15 445.53 1447.82 473.67 1433.67 466.97
P2738 0.06 2040.43 1251.07 2030.64 1257.78 2015.43 1235.58 2025.22 1228.87
P2738 0.06 2158.22 486.53 2143.36 489.03 2138.43 459.73 2153.28 457.22
P2738 0.06 757.81 1299.44 737.10 1308.83 718.10 1266.94 738.81 1257.54
P2738 0.03 1462.20 1302.78 1472.11 1302.78 1472.11 1331.18 1462.20 1331.18
P2738 0.03 1907.12 195.98 1907.51 207.49 1885.74 208.23 1885.35 196.72
P2738 0.03 1309.66 853.25 1324.52 859.42 1314.83 882.75 1299.97 876.58
P2738 0.03 1065.14 846.66 1065.69 859.27 1040.75 860.36 1040.19 847.76
P1687 0.88 3577.95 214.56 3694.09 244.50 3629.08 496.67 3512.93 466.73
P1687 0.25 4101.37 2368.97 4149.74 2409.57 4083.70 2465.78 4035.59 2423.96
P1687 0.16 825.23 3356.22 764.74 3370.70 741.21 3272.41 801.69 3257.93
P1687 0.09 323.26 1925.32 405.66 1971.60 306.18 2148.73 223.78 2102.46
P1687 0.05 1811.42 2921.38 1846.63 2965.05 1813.96 2987.02 1778.43 2942.78
P1687 0.04 1508.41 2999.11 1535.03 3042.41 1506.80 3062.29 1480.33 3019.07
P1687 0.04 762.67 1465.30 730.68 1540.52 603.30 1486.35 635.29 1411.13
P1687 0.04 2683.01 2205.96 2717.38 2273.94 2574.43 2346.20 2540.06 2278.23
P1687 0.03 1077.02 3815.39 1116.49 3840.67 1096.31 3883.34 1056.43 3857.57
P1687 0.03 1886.59 3122.58 1922.57 3122.58 1922.57 3180.60 1886.59 3180.60
P1687 0.03 1020.24 1116.27 1001.95 1223.18 889.54 1203.95 907.83 1097.04
P0165 0.06 1801.40 1195.33 1860.58 1195.33 1860.58 1320.19 1801.40 1320.19
P0165 0.05 1878.41 2079.29 2072.06 2079.29 2072.06 2140.21 1878.41 2140.21
P0165 0.03 1200.75 1662.30 1797.37 1662.30 1797.37 2189.15 1200.75 2189.15
P2773 0.86 1850.51 1078.04 1808.78 1092.69 1783.89 1021.77 1825.62 1007.13
P2773 0.06 1960.61 1984.88 1941.26 1990.39 1934.42 1966.40 1953.77 1960.89
P0084 0.03 2294.40 1700.17 1839.96 1781.36 1752.50 1291.78 2206.93 1210.59
P1316 0.03 126.89 2331.38 259.97 2331.38 259.97 2496.58 126.89 2496.58
P1644 0.49 240.59 3454.43 109.14 3494.40 38.00 3260.42 169.44 3220.45
P1644 0.09 584.62 874.15 600.14 948.02 483.59 972.52 468.06 898.65
P1644 0.04 1050.57 1789.17 1033.48 1831.37 957.50 1800.59 974.59 1758.40
P1644 0.02 788.05 2140.52 799.07 2171.86 767.72 2180.00 757.00 2149.28
P1644 0.02 3840.32 409.72 3853.48 450.04 3807.03 463.93 3793.86 424.20
P1855 0.04 664.00 1310.74 1024.00 1548.71 748.38 1848.00 386.94 1609.79
P1855 0.03 2603.42 824.00 2949.00 1085.30 2492.94 1384.70 2150.47 1122.24
P1800 0.03 382.84 824.00 759.24 1006.34 538.85 1325.77 161.41 1146.66
P2212 0.9 850.95 584.44 1002.41 593.32 981.81 944.53 830.35 935.65
P2212 0.16 1050.32 491.51 1333.98 491.51 1333.98 1020.94 1050.32 1020.94
P2212 0.03 151.60 659.10 370.99 659.10 370.99 917.15 151.60 917.15
P2212 0.03 1648.08 636.71 1710.19 638.11 1708.42 716.80 1646.30 715.40
P1722 0.44 2395.81 3060.29 2428.80 3062.37 2424.00 3138.37 2391.01 3136.29
P1722 0.06 2785.59 1813.63 2804.30 1927.62 2754.99 1940.83 2736.32 1827.20
P1722 0.06 372.69 858.08 413.08 968.85 254.19 997.93 214.18 888.57
P1722 0.06 2879.17 543.73 2902.37 609.23 2861.08 623.06 2837.89 557.53
P1722 0.04 3296.22 1308.14 3314.85 1418.45 3258.17 1435.16 3239.57 1325.26
P1722 0.04 992.36 3179.94 947.93 3184.58 938.64 3095.60 983.07 3090.96
P1722 0.03 835.38 673.58 849.26 700.75 789.97 715.68 776.14 688.62
P1379 0.86 1422.69 3284.08 1740.22 3521.97 1323.76 4077.86 1006.23 3839.98
P1379 0.5 1283.65 3249.82 1412.16 3349.47 1183.98 3496.00 1055.62 3395.76
P1379 0.11 3106.59 3048.48 2846.14 3306.21 2433.20 2888.91 2693.66 2631.18
P1379 0.07 3523.67 2715.02 3761.00 3044.47 3531.45 3334.16 3296.00 3008.67
P1379 0.06 2229.24 1971.32 2605.26 2348.87 2262.34 2617.57 1891.20 2243.00
P1379 0.06 448.08 948.52 714.57 1180.36 340.83 1481.98 73.69 1253.25
P1379 0.05 1394.60 3910.86 1492.19 4019.07 1366.20 4156.58 1268.71 4049.08
P1379 0.04 3518.05 3389.67 3596.15 3469.38 3495.08 3593.67 3416.28 3515.63
P1379 0.03 119.01 3158.00 672.66 3158.00 672.66 3542.31 119.01 3542.31
P1379 0.03 2799.31 3941.41 2875.69 3979.30 2808.96 4113.79 2732.59 4075.89
P2136 0.92 576.58 890.48 223.92 944.97 112.83 225.94 465.49 171.46
P1723 0.09 281.35 3935.08 305.00 4029.45 76.04 4086.82 52.40 3992.44
P1723 0.04 3184.96 4572.92 3201.20 4665.11 3157.08 4676.61 3140.71 4584.56
P1723 0.03 635.68 4444.15 597.25 4490.97 501.66 4412.50 540.09 4365.68
P1721 0.03 1922.42 3849.01 1983.25 3849.01 1983.25 3979.76 1922.42 3979.76
P2277 0.56 540.97 311.66 856.70 529.21 548.78 976.09 233.05 758.53
P2041 0.25 1048.65 824.00 1422.58 1036.87 1220.66 1238.96 847.79 1023.00
P2041 0.06 1076.90 758.55 1366.34 924.66 1157.42 1024.00 867.72 858.99
P1372 0.49 2708.08 477.62 2790.17 573.13 2619.36 719.94 2537.27 624.43
P2402 0.05 372.46 -111.17 528.23 -77.94 469.04 199.46 313.28 166.22
P1630 0.86 3499.62 211.51 3529.79 260.54 3425.05 325.00 3394.87 275.97
P1630 0.86 2021.07 2907.60 2058.67 2947.01 1984.08 3026.23 1946.21 2985.89
P1630 0.86 478.62 637.71 505.16 699.05 353.90 764.50 327.36 703.17
P1630 0.86 2320.49 2342.19 2368.51 2390.50 2271.44 2486.97 2223.43 2438.66
P1630 0.86 917.65 181.34 958.61 230.76 850.86 320.09 809.89 270.67
P1630 0.86 1459.64 1446.55 1469.53 1502.68 1345.48 1524.56 1335.59 1468.43
P1630 0.85 1457.95 1443.93 1473.31 1503.69 1342.96 1525.72 1328.09 1467.31
P1630 0.74 1351.96 1712.26 1415.12 1789.52 1289.93 1891.87 1226.76 1814.61
P1630 0.56 4170.50 2526.62 4270.69 2561.94 4205.48 2746.90 4105.29 2711.58
P1630 0.53 4091.25 2805.05 4128.33 2852.34 4030.07 2929.39 3992.99 2882.10
P1630 0.14 4187.44 2846.93 4220.93 2891.74 4100.64 2981.63 4067.15 2936.82
P1630 0.1 1437.31 1810.55 1483.02 1855.58 1431.41 1910.22 1385.71 1864.52
P1630 0.1 535.56 1006.62 498.42 1036.63 416.57 935.35 453.71 905.34
P1630 0.07 1989.49 2976.00 2019.66 2993.09 1984.07 3013.71 1954.11 2995.83
P1630 0.04 4311.58 2032.99 4271.48 2052.91 4226.57 1962.52 4266.67 1942.59
P1630 0.03 1552.03 3268.68 1569.01 3347.01 1488.28 3364.51 1471.30 3286.17
P1630 0.03 1548.06 1818.81 1502.55 1859.26 1422.15 1768.79 1467.67 1728.34
P1630 0.03 3550.35 2131.81 3465.95 2172.40 3370.08 1973.07 3454.47 1932.48
P2583 0.08 680.06 442.82 1009.45 583.96 892.38 1129.56 562.78 991.20
P2583 0.06 1160.06 236.72 1479.72 464.51 1265.58 873.84 951.75 649.93
P1367 0.21 793.39 2976.00 860.13 3006.98 783.81 3114.60 716.05 3082.16
P1690 0.7 564.71 3670.20 567.44 3716.69 453.47 3723.38 450.74 3676.89
P1690 0.06 743.95 892.77 817.72 911.43 789.66 1024.00 715.37 1004.76
P1690 0.04 3645.97 849.16 3567.73 856.07 3560.56 774.93 3638.81 768.02
P1690 0.03 2907.27 1578.61 2956.32 1629.06 2891.31 1687.98 2842.26 1638.71
P2795 0.04 2532.95 2624.78 2573.11 2638.24 2540.02 2737.03 2499.86 2723.57
P2694 0.84 2441.03 1762.29 2611.05 1808.75 2524.38 2116.08 2354.59 2069.15
P2694 0.11 186.82 1373.70 219.57 1424.99 181.40 1448.99 148.86 1397.63
P2694 0.11 145.21 1696.86 96.39 1752.27 -1.14 1666.33 47.68 1610.92
P2694 0.03 714.37 866.64 753.99 902.21 693.89 958.41 654.69 922.62
P2694 0.03 2932.85 956.66 2794.92 987.04 2744.15 756.52 2882.08 726.14
P1712 0.79 362.25 3391.98 326.94 3397.74 316.08 3331.11 351.39 3325.36
P1712 0.03 1911.70 2159.50 2017.12 2263.14 1927.60 2347.48 1822.17 2243.47
P1263 0.03 2564.68 3466.94 2645.74 3501.27 2616.45 3554.10 2535.47 3519.39
P1448 0.45 4982.07 3296.00 5843.45 3296.00 5843.45 4320.00 4982.07 4320.00
P1448 0.41 6218.00 1147.03 6930.52 1147.03 6930.52 1848.00 6218.00 1848.00
P1448 0.13 4027.77 1227.89 4164.29 1315.24 4048.71 1502.79 3911.93 1413.76
P1448 0.1 6218.00 1937.05 6999.96 1937.05 6999.96 2337.75 6218.00 2337.75
P1448 0.07 4915.81 576.14 4886.32 1033.17 4403.74 1002.04 4433.22 545.01
P1448 0.06 2467.94 2023.68 2672.00 2023.68 2672.00 2338.86 2467.94 2338.86
P1448 0.06 2035.85 3296.00 2318.11 3558.41 1935.42 3959.09 1658.20 3698.11
P1448 0.04 1509.77 4127.18 1606.19 4209.63 1487.09 4320.00 1390.43 4238.62
P1448 0.04 4977.33 4120.00 5821.64 4120.00 5821.64 4483.57 4977.33 4483.57
P1448 0.03 1611.48 1633.33 1463.72 1824.27 1141.95 1575.27 1289.71 1384.32
P1448 0.03 2188.80 3435.66 2398.30 3618.80 2068.02 3996.61 1858.52 3813.48
P1448 0.03 1230.81 1415.54 1507.66 1581.01 1155.48 1848.00 880.50 1684.16
P1448 0.03 1561.85 2884.87 1848.00 3177.84 1393.91 3496.00 1107.48 3214.21
P1448 0.03 6670.43 917.71 6943.56 1130.14 6553.30 1320.32 6283.77 1112.66
P1461 0.5 1074.05 740.12 1848.00 740.12 1848.00 1024.00 1074.05 1024.00
P1461 0.47 4944.00 3526.71 5233.24 3526.71 5233.24 4320.00 4944.00 4320.00
P1461 0.17 1052.83 935.43 1834.60 935.43 1834.60 1830.47 1052.83 1830.47
P1461 0.14 5179.21 4260.81 5206.36 4441.18 4951.44 4479.55 4924.29 4299.18
P1461 0.03 1782.07 574.01 1779.13 822.09 1223.71 815.51 1226.65 567.43
P2782 0.47 2601.79 824.00 3193.97 824.00 3193.97 1646.91 2601.79 1646.91
P2782 0.1 2586.32 842.35 3165.75 842.35 3165.75 1024.00 2586.32 1024.00
P2782 0.03 3059.53 1420.53 3228.42 1694.05 2809.65 1830.29 2646.18 1571.68
P2782 0.03 3026.96 824.00 3125.15 888.12 2708.58 930.20 2611.85 867.27
P1503 0.03 2140.78 640.40 1903.42 772.21 1542.56 122.39 1779.92 -9.42
P1667 0.82 2827.48 3431.34 2983.01 3518.39 2937.77 3574.12 2781.95 3484.91
P1667 0.25 3641.24 3712.95 3602.26 3791.92 3504.70 3743.78 3543.68 3664.80
P1667 0.25 3545.03 3665.25 3648.16 3712.19 3604.13 3793.54 3500.36 3745.58
P1667 0.08 1912.36 2344.55 1955.93 2438.72 1810.10 2474.23 1766.32 2379.96
P1667 0.03 245.93 391.00 257.28 443.79 129.63 471.22 118.28 418.43
P1667 0.03 533.41 1706.02 857.13 1706.02 857.13 1848.00 533.41 1848.00
P1667 0.03 3650.52 228.68 3588.70 261.27 3526.86 144.01 3588.68 111.41
P2684 0.06 2495.35 1393.91 2568.63 1660.55 2393.94 1697.87 2322.87 1434.74
P2441 0.25 1332.07 1429.18 1358.89 1434.55 1350.21 1477.89 1323.39 1472.52
P1677 0.88 1444.56 3687.01 1462.95 3786.24 1259.37 3823.96 1240.99 3724.73
P1677 0.86 3926.13 3145.52 3928.94 3251.04 3709.06 3256.90 3706.25 3151.39
P1677 0.64 1440.15 3871.75 1411.82 3999.90 1220.19 3957.54 1248.52 3829.39
P1677 0.47 1076.47 1153.22 1133.79 1153.22 1133.79 1279.31 1076.47 1279.31
P1677 0.35 2549.43 1729.24 2630.24 1729.24 2630.24 1960.14 2549.43 1960.14
P1677 0.35 1243.69 3836.90 1442.13 3867.52 1413.37 4000.00 1214.54 3967.86
P1677 0.2 1102.00 2170.68 1202.11 2170.68 1202.11 2344.71 1102.00 2344.71
P1677 0.19 923.39 1177.74 930.00 1230.96 824.16 1244.12 817.54 1190.89
P1677 0.17 1052.69 3246.67 1057.35 3290.43 933.28 3303.63 928.63 3259.88
P1677 0.17 3247.36 1580.53 3160.56 1585.28 3151.88 1426.68 3238.68 1421.93
P1677 0.12 1472.36 1736.62 1577.79 1736.62 1577.79 1842.87 1472.36 1842.87
P1677 0.11 2552.19 3375.90 2664.35 3375.90 2664.35 3513.38 2552.19 3513.38
P1677 0.07 2212.73 1151.76 2179.66 1165.94 2151.76 1100.92 2184.84 1086.73
P1677 0.07 3506.23 1748.77 3523.79 1862.41 3369.49 1886.24 3351.93 1772.61
P1677 0.06 72.61 1638.23 175.33 1638.23 175.33 1787.18 72.61 1787.18
P1677 0.04 1536.93 1031.45 1496.37 1038.99 1485.03 977.99 1525.60 970.45
P1677 0.04 3951.74 1546.18 3956.64 1603.49 3867.91 1611.08 3863.01 1553.76
P1677 0.04 3412.07 1508.61 3414.24 1570.32 3294.29 1574.55 3292.11 1512.83
P1677 0.03 1338.73 350.89 1388.73 501.68 1330.77 530.43 1280.70 379.43
P1677 0.03 3800.20 1938.72 3700.60 1943.12 3696.11 1841.58 3795.72 1837.18
P1677 0.03 347.17 3140.29 222.47 3209.78 94.45 2980.07 219.14 2910.57
P1677 0.03 1106.86 960.68 1111.45 1012.88 978.30 1024.59 973.71 972.39
P2652 0.47 590.00 824.00 1257.08 824.00 1257.08 1616.27 590.00 1616.27
P2652 0.19 590.00 466.22 1207.48 466.22 1207.48 1024.00 590.00 1024.00
P2652 0.12 130.06 280.32 421.12 280.32 421.12 564.75 130.06 564.75
P2652 0.06 590.00 1585.94 1301.84 1585.94 1301.84 1848.00 590.00 1848.00
P1729 0.86 4000.93 2011.33 3929.23 2027.90 3885.14 1837.14 3956.85 1820.57
P1729 0.86 2228.81 2500.86 2155.94 2515.24 2117.98 2322.86 2190.86 2308.49
P1729 0.86 194.89 2108.93 225.34 2199.05 61.75 2254.32 31.30 2164.21
P1729 0.11 230.06 2976.00 264.05 3087.66 206.33 3110.84 172.93 2999.34
P1729 0.06 147.34 1573.10 160.86 1629.73 116.68 1644.51 103.57 1588.51
P1729 0.04 517.27 1500.47 574.50 1548.62 509.97 1625.32 452.74 1577.17
P2208 0.06 4335.72 801.83 4710.12 801.83 4710.12 994.99 4335.72 994.99
P2208 0.04 4579.43 642.96 4715.08 642.96 4715.08 684.32 4579.43 684.32
P2208 0.04 3130.52 1441.44 3175.99 1494.81 3083.22 1573.86 3037.74 1520.49
P2208 0.03 2407.69 1648.00 2622.50 1648.00 2622.50 1907.00 2407.69 1907.00
P2208 0.03 3401.33 2788.61 3319.88 2825.32 3275.25 2726.30 3356.70 2689.59
P0017 0.03 2187.23 42.22 2387.18 350.19 2162.93 569.45 1965.05 271.78
P2424 0.09 911.55 524.71 885.65 529.84 875.96 480.88 901.86 475.76
P1536 0.86 1516.70 3726.25 1422.48 3749.76 1366.48 3525.34 1460.69 3501.83
P1536 0.12 1844.23 4587.25 1880.14 4720.15 1788.11 4746.54 1752.65 4614.48
P1536 0.07 2806.70 4279.36 2764.74 4291.73 2734.61 4189.50 2776.57 4177.13
P1536 0.04 69.83 592.91 92.14 684.62 -22.53 712.52 -44.84 620.80
P1536 0.03 3780.28 3868.23 3788.81 3965.89 3733.06 3975.01 3724.86 3878.74
P1536 0.03 4006.13 75.63 3925.40 95.10 3900.62 -7.60 3981.35 -27.08
P1536 0.03 1726.02 932.89 1739.80 981.92 1678.40 992.90 1664.79 944.45
P1536 0.03 3384.81 2405.23 3411.77 2493.92 3273.51 2535.95 3246.55 2447.26
P1536 0.03 2840.30 604.87 2852.56 652.39 2777.23 671.83 2764.97 624.31
P1385 0.34 1701.50 101.27 1664.73 158.18 1520.86 65.23 1557.63 8.33
P1385 0.11 239.30 902.13 409.96 1172.99 167.24 1464.57 0.00 1202.15
P0125 0.88 1693.25 464.82 1597.65 889.11 749.82 698.09 845.42 273.80
P0125 0.06 336.53 1208.03 773.62 1434.42 428.61 1746.26 0.00 1531.11
P0125 0.03 1061.65 796.00 1567.76 911.52 1222.29 1270.94 722.00 1163.42
P1559 0.09 1310.64 2298.67 1326.58 2366.96 1150.44 2408.08 1134.50 2339.79
P2398 0.87 1217.31 159.18 1310.85 198.39 1239.42 368.81 1145.88 329.61
P2398 0.04 1375.34 71.02 1441.76 115.23 1362.00 235.05 1295.58 190.84
P2398 0.03 261.11 161.39 227.20 164.76 220.76 100.06 254.67 96.69
P2376 0.03 1623.84 0.00 1848.00 184.93 1574.44 426.83 1351.59 236.82
P2376 0.03 1995.19 7.94 2335.00 453.54 2080.74 970.29 1738.28 518.84
P0500 0.16 563.79 346.26 981.28 672.65 598.27 949.10 180.97 619.25
P0500 0.03 1618.31 1768.59 1317.63 1795.33 1250.11 1036.24 1550.79 1009.49
P0842 0.19 1658.83 154.44 1676.65 164.36 1657.90 198.04 1640.08 188.12
P1320 0.11 302.82 652.26 318.33 700.19 284.79 710.47 269.65 663.08
P1320 0.03 1522.12 2062.16 1488.69 2075.42 1469.05 2025.93 1502.48 2012.66
P1303 0.79 4148.81 2491.49 4091.88 2505.71 4065.54 2400.28 4122.47 2386.06
P1303 0.14 3613.60 1790.69 3492.21 1823.94 3444.20 1648.62 3565.58 1615.37
P2383 0.87 489.63 232.11 577.79 294.23 469.52 447.87 381.36 385.75
P2383 0.04 851.28 1710.88 889.88 1737.86 859.15 1781.82 820.55 1754.83
P2451 0.86 1726.72 1297.22 1825.64 1305.34 1810.05 1495.25 1711.13 1487.14
P1922 0.86 509.90 814.78 232.41 881.30 71.64 210.74 349.13 144.21
P1922 0.11 396.51 594.00 465.01 775.25 222.87 807.42 156.75 627.72
P2526 0.91 594.59 1739.50 694.68 1765.95 646.65 1947.66 546.57 1921.20
P1755 0.11 1246.49 1923.91 1251.50 2019.05 1018.58 2031.33 1013.56 1936.18
P1755 0.1 171.84 620.48 282.14 620.48 282.14 801.22 171.84 801.22
P1755 0.07 743.82 2093.56 728.55 2136.34 661.43 2112.38 676.71 2069.60
P1755 0.06 2531.65 2950.90 2579.27 3040.39 2476.42 3092.75 2429.06 3003.64
P0135 0.25 1602.63 1200.23 1885.88 1331.64 1445.73 1628.65 1160.53 1495.86
P2274 0.47 690.92 519.60 699.67 566.93 672.90 573.54 664.39 526.93
P2274 0.34 697.78 238.90 636.00 244.97 624.50 127.82 686.28 121.75
P2274 0.03 663.15 474.81 678.52 506.06 646.14 523.25 630.68 492.06
P2493 0.04 1059.86 -82.87 1181.00 1.75 1040.71 202.57 919.58 117.95
P2493 0.04 889.81 1261.16 899.76 1323.99 812.91 1337.74 802.97 1274.91
P2425 0.86 426.35 1076.85 422.37 1185.43 217.44 1177.90 221.43 1069.32
P2425 0.25 121.59 1069.77 205.48 1074.45 197.66 1214.73 113.76 1210.05
P1447 0.86 1693.15 1083.78 1305.26 1152.81 1184.07 471.75 1571.96 402.73
P1447 0.49 631.53 2025.02 281.10 2062.22 227.49 1557.33 577.92 1520.12
P1447 0.4 824.00 1130.31 878.92 1130.31 878.92 1260.65 824.00 1260.65
P1447 0.16 696.07 1004.82 749.39 1004.82 749.39 1116.49 696.07 1116.49
P1447 0.04 1881.78 1538.84 1854.68 1559.99 1795.64 1484.36 1822.74 1463.21
P1447 0.03 1457.41 824.00 1685.73 965.59 1263.21 1091.34 1039.34 953.02
P1447 0.03 760.33 1138.89 818.58 1138.89 818.58 1253.75 760.33 1253.75
P1447 0.03 281.54 1873.00 588.35 1873.00 588.35 2006.99 281.54 2006.99
P1447 0.03 1231.44 1734.72 1207.63 1754.25 1168.89 1707.03 1192.69 1687.50
P1447 0.02 628.98 1004.16 685.97 1004.16 685.97 1117.50 628.98 1117.50
P2369 0.85 2280.21 1199.60 2251.20 1211.87 2225.28 1150.63 2254.29 1138.35
P0773 0.35 1360.93 41.44 1609.00 334.53 1450.69 614.97 1200.99 320.19
P0773 0.04 544.85 447.96 288.78 566.05 153.60 272.92 409.68 154.83
P1381 0.25 1435.26 2070.37 1356.76 2112.56 1308.44 2022.64 1386.94 1980.45
P1381 0.12 300.47 1533.64 329.31 1569.78 306.98 1582.09 277.98 1545.76
P1381 0.08 2326.33 4268.00 2593.16 4491.63 2284.00 4679.20 2015.13 4455.20
P1381 0.06 627.56 88.38 682.80 273.60 530.24 314.48 475.91 133.65
P1381 0.03 1344.34 3717.74 1400.25 3790.63 1304.41 3841.01 1248.79 3768.18
P1381 0.03 1347.61 3726.09 1377.99 3782.54 1296.42 3826.44 1266.04 3769.99
P1381 0.03 721.74 1914.56 747.52 1951.30 674.82 2002.30 649.04 1965.56
P2573 0.58 1901.31 0.00 2142.04 625.77 1800.00 790.09 1566.52 180.75
P2573 0.07 1716.92 0.00 1848.00 440.97 1702.41 759.69 1571.47 325.16
P2573 0.06 1225.97 610.61 1455.10 992.96 1056.69 1299.78 833.03 922.62
P2573 0.06 2103.31 697.38 2277.29 925.75 1921.42 1024.00 1751.29 804.94
P2573 0.04 1175.42 213.20 1407.64 649.07 1050.97 1024.00 824.00 608.93
P1694 0.88 584.58 876.71 474.32 901.83 415.39 643.26 525.65 618.13
P1694 0.76 291.71 3808.48 334.72 3975.62 212.75 4000.00 170.54 3836.04
P1694 0.05 1420.38 258.44 1433.20 367.90 1361.48 375.17 1349.18 266.75
P1176 0.04 5522.37 2160.71 5536.20 2160.71 5536.20 2190.68 5522.37 2190.68
P1629 0.86 2876.10 3817.83 2897.64 3876.68 2777.80 3920.56 2756.25 3861.71
P1629 0.86 1253.08 2581.77 1264.35 2643.86 1144.63 2665.58 1133.36 2603.50
P1629 0.85 1651.52 1262.55 1758.73 1348.85 1711.46 1393.35 1604.24 1305.37
P1629 0.58 1226.83 0.00 1284.33 54.61 1148.69 107.09 1092.34 51.62
P1629 0.34 2363.32 757.33 2449.66 841.65 2394.45 882.93 2307.60 797.81
P1629 0.09 486.61 2539.90 520.19 2588.04 448.69 2637.91 415.11 2589.77
P1629 0.04 1373.62 78.98 1421.12 100.36 1388.48 172.89 1340.98 151.52
P1629 0.03 895.40 2880.00 920.80 2932.75 815.48 2983.47 790.08 2930.73
P1648 0.86 1640.06 1395.38 1674.30 1524.35 1433.85 1588.19 1399.61 1459.22
P1648 0.04 3008.23 2576.10 3033.28 2597.58 3013.65 2628.67 2988.50 2607.29
P1648 0.03 525.32 2230.62 592.64 2413.50 468.54 2452.50 402.06 2271.09
P1611 0.85 3407.90 389.88 3457.53 468.21 3287.01 576.25 3237.38 497.91
P1611 0.72 2918.86 1321.21 2963.58 1416.97 2795.08 1490.75 2751.00 1394.73
P1611 0.23 585.19 2042.49 483.49 2087.28 397.48 1891.97 499.18 1847.18
P1611 0.04 1758.91 3229.09 1781.28 3277.84 1748.35 3292.56 1725.88 3243.90
P1611 0.04 1157.92 2258.91 1047.67 2316.05 959.59 2146.12 1069.84 2088.97
P1611 0.04 2878.40 2368.46 2921.15 2446.57 2760.83 2534.34 2718.07 2456.23
P1611 0.03 2179.42 3844.30 2215.47 3903.45 2075.23 3988.92 2039.18 3929.77
P1611 0.03 2329.93 947.35 2228.14 1000.41 2147.90 846.48 2249.70 793.42
P2546 0.03 330.34 0.00 603.91 266.23 283.53 523.65 13.52 257.34
P1302 0.06 431.59 2862.61 592.13 2862.61 592.13 2994.95 431.59 2994.95
P2489 0.08 1108.01 543.82 1181.94 676.27 1084.24 728.32 1010.69 596.90
P2489 0.03 1193.77 1891.91 1278.51 1891.91 1278.51 2018.72 1193.77 2018.72
P1568 0.07 1265.57 1278.95 1284.94 1352.28 1244.19 1368.44 1225.03 1294.93
P1637 0.75 3501.53 1144.54 3505.98 1193.05 3408.73 1201.99 3404.28 1153.48
P1637 0.56 2794.05 2056.87 2840.02 2076.60 2794.71 2182.17 2748.74 2162.43
P1637 0.4 3040.34 1954.07 3086.99 1979.38 3049.70 2049.94 3003.12 2023.58
P1637 0.15 3047.24 1925.55 3092.84 1948.41 3070.31 1983.91 3024.45 1960.56
P1637 0.03 2021.34 3243.27 2101.06 3292.64 2048.73 3377.66 1969.40 3328.21
P1621 0.23 448.44 0.00 673.87 31.16 627.51 123.59 401.33 91.18
P1516 0.17 1457.89 453.24 1467.38 510.42 1353.04 529.41 1343.54 472.23
P1516 0.14 1605.26 1864.17 1677.05 1925.38 1572.67 2064.82 1501.13 2002.82
P1516 0.05 2485.19 234.37 2518.54 342.32 2416.24 377.07 2384.18 272.89
P1516 0.04 1410.26 2991.21 1310.32 3100.92 1156.59 2960.87 1256.53 2851.17
P1516 0.02 783.88 3315.86 802.04 3349.34 776.95 3364.75 758.90 3331.41
P2361 0.68 276.07 454.72 232.30 504.97 143.95 428.00 187.73 377.76
P2361 0.03 587.43 1868.22 612.41 1892.26 577.01 1927.97 551.74 1904.17
P2500 0.04 1200.15 167.75 1300.11 176.07 1285.18 355.54 1185.22 347.22
P1544 0.07 2137.64 223.33 2218.32 262.66 2161.21 397.92 2080.24 358.02
P1544 0.03 3414.91 2472.00 3496.00 2502.47 3446.70 2664.01 3364.55 2631.56
P1544 0.03 1568.17 1825.85 1457.42 1878.13 1391.86 1739.25 1502.61 1686.97
P2139 0.86 357.33 777.73 80.36 778.96 77.39 110.75 354.36 109.52
P2763 0.34 1011.85 242.28 1011.92 325.00 800.87 325.18 800.80 242.45
P2763 0.1 4360.71 2537.05 4367.92 2647.58 4162.31 2661.00 4155.10 2550.47
P2763 0.04 4163.65 263.96 4054.77 264.92 4053.77 150.95 4162.64 149.99
P2524 0.1 143.75 725.93 163.19 725.93 163.19 766.18 143.75 766.18
P2524 0.03 30.59 735.12 51.26 735.12 51.26 778.00 30.59 778.00
P2589 0.34 447.25 356.34 752.42 579.43 469.92 1005.10 165.42 784.71
P2589 0.04 1102.78 734.00 1355.18 993.90 1070.37 1308.85 824.00 1052.66
P2589 0.03 795.40 734.00 1024.00 1038.68 803.01 1301.29 571.95 1002.50
P2487 0.86 160.64 2049.40 165.43 2132.69 -29.32 2143.89 -34.11 2060.60
P2487 0.06 1536.69 127.78 1848.00 404.79 1638.60 624.76 1329.57 352.17
P2487 0.02 371.39 619.21 741.10 805.86 477.79 1024.00 110.65 840.48
P1549 0.35 612.27 3230.75 936.49 3230.75 936.49 3341.92 612.27 3341.92
P1549 0.03 1707.72 3681.17 1723.18 3791.94 1662.84 3809.35 1648.00 3699.68
P0051 0.49 1812.85 4019.15 1901.55 4279.60 1236.51 4506.10 1147.80 4245.66
P0051 0.39 1642.70 2158.63 1805.37 2172.24 1781.56 2456.94 1618.88 2443.33
P0051 0.17 1512.05 4001.65 1848.00 4140.76 1459.16 4320.00 1121.65 4182.16
P0051 0.11 3190.29 2146.76 3496.00 2465.91 3137.82 2658.77 2833.26 2345.58
P0051 0.1 3708.74 2740.03 3973.99 3031.28 3556.45 3286.52 3296.00 2997.02
P0051 0.08 2910.95 2916.97 3297.55 3235.16 2855.60 3496.00 2472.00 3183.71
P0051 0.07 1937.34 4299.39 2187.87 4622.48 1894.49 4910.87 1648.00 4599.24
P0051 0.07 4110.50 2472.00 4367.67 2791.68 4125.19 3071.38 3872.61 2759.97
P0051 0.05 1354.80 1155.07 1638.29 1397.67 1257.83 1614.06 976.72 1378.86
P0051 0.04 2954.62 1298.12 3465.57 1631.24 2974.02 1848.00 2472.89 1523.92
P0051 0.04 2356.86 4729.75 2155.50 4805.43 1996.13 4381.40 2197.48 4305.72
P0051 0.04 2138.51 3269.62 2400.69 3604.85 2011.28 3909.40 1749.10 3574.16
P0051 0.03 2214.98 4297.29 2442.22 4585.82 2198.00 4875.40 1973.55 4591.48
P0051 0.03 1903.76 864.20 2137.63 1097.03 1876.20 1348.64 1648.00 1125.72
P0051 0.03 4246.42 2970.60 4534.78 3239.12 4247.98 3496.00 3961.79 3230.37
P0051 0.02 3023.81 3403.17 3496.00 3961.46 2961.20 4248.62 2493.52 3704.54
P1271 0.14 5100.86 3328.48 5200.00 3328.48 5200.00 3563.25 5100.86 3563.25
P2737 0.87 1125.32 669.27 1031.66 723.26 946.40 575.36 1040.07 521.37
P2737 0.85 2007.54 2517.64 2082.86 2553.63 2010.73 2656.00 1935.26 2619.40
P2737 0.8 2647.04 2331.04 2667.14 2367.22 2616.86 2395.16 2596.76 2358.98
P2737 0.66 2640.36 1851.40 2666.49 1864.23 2640.17 1917.84 2614.04 1905.01
P2737 0.17 2622.79 1857.74 2607.62 1886.75 2567.65 1865.86 2582.82 1836.85
P2737 0.04 1940.65 2450.30 1967.48 2466.22 1939.00 2514.19 1912.18 2498.27
P2737 0.03 978.82 541.15 1024.00 640.33 974.54 718.72 929.13 619.79
P2737 0.03 3169.65 2559.22 3182.38 2622.49 3157.24 2630.54 3144.83 2567.87
P2737 0.03 845.72 1139.05 861.51 1168.27 847.50 1179.41 831.84 1150.13
P1716 0.25 188.97 2546.05 106.57 2577.53 68.79 2478.63 151.20 2447.16
P1716 0.04 580.91 1881.96 607.20 2023.63 534.76 2036.95 509.40 1896.52
P1716 0.03 2540.09 139.92 2466.80 191.24 2358.01 35.89 2431.30 -15.43
P1716 0.03 4313.02 3182.68 4265.00 3208.38 4228.59 3140.37 4276.61 3114.66
P1716 0.03 212.08 214.37 214.69 294.94 123.71 297.89 121.10 217.32
P0106 0.04 948.96 807.71 1179.00 1003.19 997.27 1232.00 767.94 1042.91
P1624 0.09 3246.99 1948.91 3286.59 1986.59 3222.53 2053.90 3182.93 2016.21
P1334 0.86 345.12 2208.98 234.17 2249.86 155.68 2036.88 266.63 1995.99
P1334 0.47 1186.42 2396.88 1217.99 2599.18 1073.09 2628.51 1043.07 2429.19
P1334 0.03 2595.18 2677.01 2573.28 2702.46 2531.27 2666.32 2553.17 2640.87
P1496 0.07 2849.56 1674.79 2981.85 1939.36 2359.78 2250.41 2227.49 1985.83
P1496 0.04 1583.24 1296.49 1312.94 1479.59 1039.57 1076.04 1309.88 892.93
P2161 0.86 1334.13 1155.42 1504.71 1204.06 1420.23 1500.27 1249.66 1451.62
P1310 0.03 1968.20 603.88 2018.98 745.04 1783.41 829.79 1732.63 688.63
P1553 0.66 583.54 954.97 599.31 1024.40 468.88 1054.02 453.11 984.59
P1553 0.25 2459.53 3249.83 2497.45 3466.25 2235.27 3512.18 2197.36 3295.77
P1553 0.19 3476.60 1365.04 3492.61 1426.02 3369.30 1458.38 3353.29 1397.41
P1553 0.11 3810.89 3379.40 3836.85 3503.42 3773.76 3519.27 3748.10 3395.36
P1553 0.04 3472.69 1366.17 3496.00 1435.33 3369.71 1458.29 3346.65 1389.62
P1378 0.34 5279.97 4225.65 5199.80 4346.67 4949.15 4180.62 5029.32 4059.60
P1378 0.17 922.51 1825.20 844.57 1924.06 683.34 1796.95 761.29 1698.09
P1378 0.14 2720.50 3278.97 2769.03 3423.45 2523.46 3505.93 2474.93 3361.45
P1378 0.09 2099.27 3630.49 2163.28 3798.99 1878.93 3907.02 1814.92 3738.53
P1378 0.06 5038.34 3945.15 4948.06 4027.37 4824.48 3891.68 4914.76 3809.47
P1378 0.05 2052.46 2903.74 2073.25 2919.41 2037.70 2958.37 2016.76 2942.01
P1378 0.05 1501.36 2146.53 1605.48 2268.42 1446.02 2384.46 1345.29 2263.97
P1378 0.04 2061.08 3254.17 2025.64 3295.32 1909.83 3195.57 1945.27 3154.42
P1378 0.03 1396.14 3520.73 1518.47 4028.94 982.11 4158.04 859.78 3649.83
P1129 0.03 2098.60 824.00 2284.63 1173.57 2070.93 1472.36 1888.08 1143.29
P1857 0.88 1098.49 1680.57 1495.03 1714.91 1430.71 2457.46 1034.18 2423.12
P1857 0.27 1514.86 2111.34 1848.00 2271.23 1692.99 2672.00 1357.91 2512.86
P1857 0.07 587.33 824.00 1024.00 963.86 654.52 1278.68 223.32 1142.99
P1857 0.06 1755.99 1777.22 2004.55 2018.67 1789.18 2353.68 1541.51 2121.55
P1857 0.04 976.95 260.31 1295.48 418.64 1140.08 743.40 824.00 587.08
P1857 0.03 319.69 233.75 1024.00 233.75 1024.00 745.20 319.69 745.20
P1857 0.03 294.06 1942.51 802.96 2125.51 597.64 2672.00 93.33 2495.94
P1737 0.86 2149.26 623.92 2174.30 718.77 1981.97 769.54 1956.93 674.69
P1737 0.26 2826.85 411.13 2895.11 644.55 2754.93 690.55 2687.59 459.77
P1737 0.17 2882.34 2255.50 2908.98 2388.81 2765.73 2417.43 2739.10 2284.11
P1737 0.1 2980.94 3573.96 3024.76 3728.03 2936.09 3751.87 2893.05 3598.73
P1737 0.05 3579.87 2305.63 3631.16 2533.39 3508.96 2572.30 3457.75 2347.56
P1737 0.04 2727.09 3779.45 2642.17 3795.93 2623.26 3698.49 2708.18 3682.01
P1112 0.19 6610.08 2543.29 6792.00 2822.21 6650.88 3153.80 6467.92 2876.13
P1112 0.1 9202.48 3867.03 8848.33 3944.60 8770.70 3590.18 9124.86 3512.62
P1112 0.05 7002.17 2531.35 7434.48 2823.53 7061.87 3156.09 6632.72 2865.00
P0820 0.05 468.84 0.00 646.73 129.29 465.21 302.28 290.48 175.76
P2660 0.03 958.76 663.71 967.71 673.04 947.51 692.42 938.55 683.08
P1654 0.86 399.11 3111.45 426.83 3223.02 171.50 3286.44 143.79 3174.87
P1654 0.78 3127.97 2639.40 3243.20 2668.06 3185.15 2901.49 3069.91 2872.82
P1654 0.72 805.17 1386.30 843.64 1415.81 779.07 1489.97 740.35 1459.19
P0682 0.73 1529.31 918.03 1495.06 935.23 1462.05 869.49 1496.31 852.29
P2459 0.76 1830.41 949.19 1913.38 1105.74 1824.68 1148.19 1742.69 991.82
P2459 0.03 1166.14 848.44 1463.08 993.63 1198.74 1401.36 900.61 1255.58
P1655 0.25 2023.76 4293.27 2124.27 4324.46 2078.59 4475.66 1978.23 4444.17
P1655 0.07 2549.18 4189.47 2672.00 4208.78 2638.84 4320.00 2515.74 4300.52
P1655 0.06 3833.93 1343.95 3873.48 1469.90 3580.73 1561.83 3541.18 1435.87
P1655 0.04 3463.11 3044.14 3601.84 3063.87 3573.73 3261.52 3435.00 3241.80
P1655 0.04 1423.21 461.57 1446.04 535.22 1365.95 560.05 1343.12 486.40
P1655 0.03 598.34 1165.02 734.31 1165.02 734.31 1252.48 598.34 1252.48
P1655 0.03 107.05 1301.91 171.25 1301.91 171.25 1358.43 107.05 1358.43
P1175 0.03 1892.61 5120.74 1808.06 5134.99 1787.80 5014.74 1872.35 5000.50
P2567 0.25 642.24 416.04 774.74 717.26 125.11 1003.01 -7.39 701.79
P2567 0.06 287.96 0.00 569.60 161.76 278.41 474.77 0.00 311.47
P2567 0.04 1069.41 245.45 1404.49 669.09 1082.47 970.01 748.29 547.76
P2648 0.24 94.72 322.51 908.77 322.51 908.77 1024.00 94.72 1024.00
P2648 0.21 83.28 777.00 941.63 777.00 941.63 1555.04 83.28 1555.04
P2648 0.04 886.16 792.26 1585.67 792.26 1585.67 1670.39 886.16 1670.39
P2648 0.03 910.12 667.90 1517.07 667.90 1517.07 1024.00 910.12 1024.00
P1290 0.86 2104.93 2903.36 2059.43 2962.73 1938.42 2869.97 1983.92 2810.61
P1590 0.86 2389.84 3309.67 2327.60 3347.56 2250.96 3221.65 2313.20 3183.76
P1590 0.84 1923.31 1530.45 2023.61 1555.55 1984.07 1755.74 1883.93 1729.94
P1590 0.8 2242.63 824.00 2259.97 872.22 2137.59 888.23 2120.77 840.62
P1590 0.49 3054.44 3496.96 3076.80 3538.03 2970.73 3595.77 2948.37 3554.69
P1590 0.49 1385.70 2576.30 1329.43 2579.02 1324.60 2479.29 1380.87 2476.57
P1590 0.3 2358.79 3052.38 2428.18 3136.38 2312.21 3193.38 2244.12 3111.88
P1590 0.27 2802.82 3554.28 2898.53 3686.59 2738.83 3764.69 2642.66 3633.56
P1590 0.19 2221.24 2738.11 2242.00 2814.81 2154.61 2838.46 2133.85 2761.76
P1590 0.19 1638.09 367.86 1656.66 436.71 1561.95 462.24 1543.39 393.39
P1590 0.12 2216.61 2738.56 2245.66 2820.86 2154.11 2843.45 2125.88 2763.95
P1590 0.11 1671.09 2032.21 1720.39 2069.39 1671.46 2170.06 1621.92 2132.68
P1590 0.09 1765.76 3141.62 1686.68 3143.72 1683.59 3027.47 1762.67 3025.37
P1590 0.09 2804.98 3564.31 2864.06 3652.27 2724.49 3746.02 2665.41 3658.05
P1590 0.06 1127.27 1086.88 1146.86 1103.35 1125.88 1136.87 1106.22 1120.31
P1590 0.04 3040.37 3278.20 3005.89 3322.04 2929.28 3261.79 2963.77 3217.94
P1590 0.03 2040.16 1115.08 2166.83 1128.76 2149.03 1230.57 2022.43 1216.54
P1590 0.03 386.09 832.90 439.30 939.82 314.85 999.97 262.50 894.55
P1331 0.19 1096.29 1246.14 1115.04 1308.47 956.24 1356.25 937.49 1293.93
P2760 0.86 1955.26 2887.58 1902.03 2934.41 1798.51 2816.74 1851.73 2769.91
P2760 0.83 2129.45 3273.22 2077.54 3315.71 1985.56 3203.32 2037.48 3160.84
P2760 0.03 1142.33 480.48 1171.98 700.02 973.95 731.12 946.34 517.48
P0132 0.4 2594.86 824.00 3129.09 824.00 3129.09 1785.42 2594.86 1785.42
P0132 0.19 2684.47 346.51 3106.31 368.62 3060.55 1241.78 2638.71 1219.67
P0132 0.08 1863.09 824.00 2543.54 824.00 2543.54 1637.36 1863.09 1637.36
P0132 0.08 972.96 279.27 1800.15 279.27 1800.15 654.96 972.96 654.96
P1603 0.84 570.37 1656.58 523.88 1678.33 484.69 1594.56 531.18 1572.81
P1603 0.73 1776.00 1000.68 1675.33 1120.55 1502.97 975.80 1603.64 855.92
P1603 0.25 565.04 1177.00 596.03 1228.95 493.56 1290.06 462.58 1238.11
P1603 0.12 390.27 1679.19 440.31 1701.97 409.12 1760.34 358.99 1736.96
P1603 0.05 723.81 2823.40 743.78 2879.70 698.73 2898.89 679.08 2843.43
P1603 0.05 2397.67 2297.31 2371.05 2363.50 2264.45 2320.62 2291.07 2254.43
P1603 0.03 3623.21 521.12 3643.90 612.19 3473.98 650.80 3453.28 559.74
P2360 0.39 2505.88 211.42 2456.27 262.08 2372.61 180.16 2422.22 129.50
P1695 0.75 2242.70 423.43 2257.47 491.09 2051.81 535.98 2037.05 468.32
P1695 0.47 2229.55 426.17 2264.40 494.00 2046.91 534.20 2012.71 467.27
P1695 0.27 3304.71 3050.96 3352.05 3109.20 3302.71 3178.88 3255.89 3120.90
P1695 0.19 1742.85 3068.43 1539.84 3105.77 1438.23 2553.25 1641.24 2515.92
P1695 0.16 2880.18 3484.60 2890.97 3543.53 2702.27 3578.07 2691.48 3519.14
P1695 0.05 1436.57 2556.49 1653.30 2556.49 1653.30 2760.96 1436.57 2760.96
P1695 0.04 2824.89 3414.65 2841.52 3473.21 2691.95 3515.68 2675.32 3457.12
P1695 0.03 2911.34 4587.56 3014.18 4611.13 2993.13 4709.06 2890.12 4684.61
P2431 0.49 671.08 1155.70 564.84 1182.33 522.25 1012.43 628.48 985.79
P2431 0.1 996.80 601.15 1030.24 698.84 963.46 722.86 930.15 625.81
P1731 0.83 3916.21 250.22 3995.22 289.79 3908.73 462.49 3829.71 422.91
P1731 0.71 99.24 2777.30 131.05 2868.00 -13.52 2918.72 -45.33 2828.02
P1731 0.14 1059.65 1098.51 1040.60 1121.25 980.68 1071.05 999.73 1048.31
P1731 0.08 3944.19 2111.21 4000.00 2206.98 3957.90 2259.32 3901.43 2162.78
P1731 0.04 2178.40 2709.95 2194.08 2801.29 2108.85 2816.19 2093.81 2726.78
P1731 0.03 3708.59 276.73 3672.24 285.34 3659.25 230.50 3695.61 221.90
P1731 0.03 87.01 645.83 223.08 682.41 184.69 764.68 48.47 728.30
P2688 0.03 24.95 1251.76 56.31 1251.76 56.31 1287.89 24.95 1287.89
P1229 0.17 3445.61 997.49 3482.88 1067.82 3438.23 1092.82 3401.48 1022.28
P1282 0.03 941.62 2027.87 995.08 2156.04 889.04 2191.79 836.23 2063.97
P1767 0.06 2806.99 871.79 2833.08 922.00 2797.51 942.60 2771.75 892.14
P1767 0.03 3040.54 3531.14 3012.68 3560.15 2950.03 3500.00 2977.89 3470.99
P1527 0.79 3455.23 3320.46 3496.00 3417.24 3348.14 3468.48 3307.86 3372.34
P1527 0.12 1751.10 2171.33 1775.41 2336.20 1694.59 2354.84 1671.39 2191.79
P1527 0.11 2685.06 2158.87 2587.46 2173.43 2567.94 2042.56 2665.54 2028.00
P1527 0.07 4174.93 3714.55 4216.99 3874.88 3962.13 3907.56 3921.18 3750.59
P1527 0.02 2291.42 974.94 2325.89 1100.64 2201.59 1119.79 2168.08 996.16
P1769 0.27 3082.17 2918.01 3094.17 2976.91 3064.63 2987.55 3052.75 2928.79
P1769 0.14 2260.26 3997.01 2253.51 4067.87 2166.04 4059.54 2172.79 3988.68
P1769 0.04 2165.48 3384.15 2254.53 3409.34 2211.79 3560.44 2122.74 3535.25
P2202 0.03 34.81 192.06 577.38 192.06 577.38 715.93 34.81 715.93
P0043 0.04 1885.74 1903.34 2090.98 2131.71 1852.12 2512.19 1648.00 2285.73
P1050 0.03 549.68 81.08 825.84 281.43 626.30 506.44 351.18 305.27
P1593 0.79 3879.02 1964.29 3889.18 2024.57 3793.95 2040.63 3783.78 1980.35
P1593 0.36 2536.16 805.73 2582.99 815.38 2562.31 915.73 2515.47 906.08
P1593 0.25 3553.95 1680.52 3544.05 1733.84 3446.27 1715.68 3456.17 1662.36
P1593 0.25 1937.69 2348.71 1968.59 2527.62 1867.89 2555.44 1838.10 2379.87
P1593 0.24 3409.26 2129.82 3454.80 2167.72 3371.12 2247.86 3325.32 2208.66
P1593 0.11 1169.74 1786.27 1227.26 1786.27 1227.26 1930.27 1169.74 1930.27
P1593 0.06 3285.07 203.37 3242.57 278.08 3115.45 205.75 3157.95 131.04
P1593 0.06 1956.25 2530.81 1883.05 2544.30 1852.00 2375.82 1925.20 2362.33
P1593 0.04 604.39 1677.04 662.28 1689.98 644.30 1770.43 586.41 1757.49
P1593 0.03 1405.75 1942.21 1462.73 1997.14 1417.19 2033.36 1360.53 1978.19
P1941 0.02 960.07 792.64 1289.00 925.55 980.03 1173.00 653.35 1040.58
P1183 0.49 1006.48 2615.42 1250.35 2905.16 747.32 3328.54 503.46 3038.80
P1183 0.14 5656.07 633.71 6238.73 633.71 6238.73 1024.00 5656.07 1024.00
P1183 0.06 5696.72 0.00 6248.18 0.00 6248.18 693.35 5696.72 693.35
P1183 0.06 1098.51 3231.00 1408.54 3508.16 1129.70 3772.38 824.00 3492.85
P1183 0.05 550.79 1916.12 1024.00 2255.92 557.89 2672.00 81.70 2334.73
P1183 0.04 5594.54 824.00 6254.44 824.00 6254.44 1522.54 5594.54 1522.54
P1183 0.03 763.81 1438.31 1024.00 1653.08 714.86 1848.00 456.19 1638.17
P1183 0.03 2461.99 2430.12 2694.19 2678.96 2350.51 2999.64 2118.32 2750.80
P1760 0.1 686.63 3572.76 774.18 3684.65 637.34 3789.39 550.67 3677.80
P1760 0.05 2437.98 1445.13 2523.96 1458.89 2494.23 1644.60 2408.25 1630.83
P1760 0.04 2474.19 1119.16 2561.74 1135.82 2542.53 1306.81 2454.61 1289.38
P2525 0.81 2286.08 977.68 2358.87 1053.15 2226.56 1180.77 2153.77 1105.31
P1363 0.87 3432.06 3334.54 3536.54 3352.18 3497.76 3581.83 3393.28 3564.19
P1363 0.86 2221.05 975.52 2109.70 1006.53 2057.17 817.92 2168.52 786.91
P1363 0.36 460.84 3045.61 401.69 3072.33 322.03 2895.96 381.19 2869.24
P1363 0.23 2042.29 1029.08 1962.77 1050.16 1924.88 907.25 2004.40 886.17
P1363 0.12 5101.38 149.37 5144.00 181.76 5112.20 245.13 5069.20 212.20
P1363 0.11 3636.53 1648.00 3800.50 1666.40 3779.18 1737.94 3615.20 1717.97
P1363 0.1 3270.50 3352.47 3405.81 3386.77 3371.05 3576.35 3236.22 3541.90
P1363 0.03 4355.39 862.06 4404.89 876.09 4382.04 954.30 4332.34 939.62
P2463 0.12 1248.36 2050.98 1289.90 2065.36 1270.36 2192.27 1228.58 2177.26
P2463 0.03 1469.67 0.00 1766.87 148.31 1518.76 463.53 1221.38 314.50
P2188 0.03 109.23 32.95 139.30 39.19 130.25 82.81 100.17 76.57
P2400 0.17 1189.48 1785.47 1128.51 1798.88 1105.37 1693.70 1166.34 1680.29
P2340 0.19 501.77 1350.13 478.66 1350.97 477.44 1317.47 500.55 1316.63
P2340 0.07 661.36 720.28 682.16 729.69 662.31 773.55 641.51 764.13
P2440 0.86 181.40 1577.02 202.43 1680.44 12.07 1719.14 -8.96 1615.72
P2440 0.32 148.66 1648.00 185.44 1703.88 35.85 1722.35 0.00 1667.11
P2806 0.06 333.59 683.00 540.58 695.59 507.59 1065.05 300.63 1052.41
P2806 0.04 497.62 1136.49 812.65 1168.91 747.88 1345.93 433.98 1313.86
P2774 0.84 2683.90 1581.44 2702.91 1594.90 2677.56 1630.69 2658.56 1617.23
P2774 0.74 2683.34 1582.29 2702.42 1596.01 2677.06 1631.86 2657.93 1617.89
P2774 0.34 3171.05 1934.12 3165.27 1952.07 3130.69 1940.94 3136.47 1922.99
P2774 0.04 3168.98 2821.60 3149.88 2821.78 3149.60 2790.96 3168.69 2790.79
P1244 0.87 3176.62 2187.88 3228.02 2410.38 3107.02 2433.94 3056.73 2212.71
P1244 0.49 2100.70 755.74 2053.96 773.48 2025.06 697.35 2071.79 679.61
P2386 0.11 2247.61 1953.33 2281.66 1986.82 2259.14 2012.89 2225.35 1979.89
P2386 0.05 2084.62 1739.17 2147.19 1772.24 2116.93 1817.17 2054.49 1784.28
P1862 0.05 1027.14 1949.12 1483.91 2147.38 1298.41 2613.24 840.44 2418.44
P1862 0.03 1879.83 1136.73 2272.82 1419.43 2040.55 1827.35 1648.00 1551.51
P1528 0.32 3411.84 2866.52 3345.48 2879.97 3315.51 2732.09 3381.87 2718.64
P1528 0.09 1040.19 1466.62 1051.19 1523.28 953.25 1542.30 942.25 1485.64
P0394 0.11 1274.84 168.65 1552.80 443.35 1234.90 628.20 957.00 357.56
P1525 0.49 3043.51 1243.16 3055.13 1290.17 2925.52 1322.19 2913.91 1275.18
P1525 0.49 2012.86 3791.98 1933.14 3808.63 1902.32 3661.09 1982.04 3644.44
P1525 0.26 2398.34 2837.26 2449.94 2926.72 2192.01 2979.36 2140.88 2890.85
P1525 0.1 2106.18 2900.89 2166.24 3003.25 1877.33 3060.28 1818.30 2958.81
P1525 0.04 875.67 276.84 900.23 308.32 832.94 352.06 808.06 319.22
P1525 0.03 1872.70 3769.64 1893.42 3835.85 1777.33 3872.19 1756.61 3805.98
P1525 0.03 3087.62 3791.99 3027.91 3800.15 3009.39 3664.69 3069.10 3656.53
P1261 0.75 3913.23 862.72 3854.85 876.21 3829.81 767.89 3888.19 754.40
P1261 0.17 1045.23 3893.50 1098.90 3969.46 1032.15 4000.00 978.68 3924.06
P1710 0.04 871.50 1349.47 839.05 1412.21 760.26 1371.47 792.70 1308.72
P1710 0.03 520.10 2587.60 617.01 2731.52 481.87 2875.87 386.65 2738.23
P1710 0.03 3785.06 3325.67 3798.92 3401.81 3704.30 3419.03 3690.44 3342.90
P1710 0.03 1195.45 2606.38 1203.55 2689.76 1025.73 2707.03 1017.63 2623.66
P1710 0.02 272.70 1549.22 313.97 1569.44 296.88 1607.27 255.55 1586.13
P2508 0.88 1534.96 1415.61 1430.61 1417.28 1427.39 1216.21 1531.74 1214.53
P2508 0.05 1560.29 1278.33 1672.71 1278.33 1672.71 1423.10 1560.29 1423.10
P2473 0.06 33.46 695.60 62.41 695.60 62.41 738.29 33.46 738.29
P2473 0.05 121.86 121.47 136.76 155.72 99.75 171.81 84.85 137.57
P1538 0.86 1202.52 2292.53 1103.49 2316.59 1049.27 2093.46 1148.29 2069.39
P1538 0.66 1783.02 3132.08 1651.01 3169.65 1607.20 3015.73 1739.22 2978.16
P1538 0.14 3316.32 3831.08 3231.16 3866.23 3172.50 3724.08 3257.66 3688.94
P1538 0.1 2414.06 1571.82 2416.35 1610.51 2339.54 1615.06 2337.24 1576.38
P1538 0.09 1953.82 754.78 1870.44 780.19 1839.48 678.54 1922.85 653.14
P1538 0.06 3999.28 4173.83 4006.96 4270.47 3968.48 4281.02 3961.13 4185.80
P1538 0.05 1635.70 3131.75 1658.66 3240.17 1580.62 3260.29 1557.60 3152.76
P1538 0.03 1985.07 834.21 1994.01 867.73 1931.15 884.48 1922.22 850.96
P1538 0.03 2293.44 3063.55 2336.66 3135.46 2179.57 3162.31 2136.51 3090.86
P1538 0.03 2350.00 2841.81 2391.29 2841.81 2391.29 2901.59 2350.00 2901.59
P1538 0.02 2413.62 3680.95 2435.90 3746.55 2373.41 3768.31 2351.30 3703.82
P1692 0.06 1392.15 1532.34 1413.00 1638.59 1343.89 1658.32 1323.44 1553.08
P1692 0.03 462.49 0.36 483.95 101.62 259.57 149.16 238.11 47.90
P2410 0.85 456.45 626.03 284.56 632.11 275.02 362.47 446.91 356.39
P2410 0.11 953.06 278.68 976.76 289.95 966.40 329.17 942.87 318.07
P2410 0.04 502.66 608.22 532.23 608.22 532.23 666.09 502.66 666.09
P2410 0.04 973.97 438.40 939.20 438.52 938.80 328.81 973.57 328.68
P2410 0.03 465.54 610.22 502.37 610.22 502.37 659.48 465.54 659.48
P1270 0.86 1522.43 1907.87 1572.57 1937.00 1510.82 2043.30 1460.68 2014.18
P1270 0.56 3154.24 909.45 3124.81 953.10 3041.61 897.01 3071.04 853.36
P1270 0.16 1785.89 1519.97 1762.77 1553.46 1676.13 1493.65 1699.25 1460.16
P1270 0.11 2403.75 891.29 2443.43 915.73 2400.02 988.08 2360.35 963.38
P1270 0.04 3032.31 812.66 3003.07 854.77 2917.37 795.26 2946.61 753.15
P1422 0.04 1661.78 210.35 1848.00 564.63 1607.76 735.66 1421.61 388.65
P1422 0.03 1926.10 137.58 2012.40 489.28 1730.72 713.00 1648.00 375.42
P1728 0.86 3694.92 303.71 3627.12 367.67 3501.32 234.31 3569.13 170.35
P1728 0.79 879.05 866.63 915.17 888.91 875.24 967.54 838.82 943.97
P1728 0.5 3037.59 2994.82 3133.07 3110.75 3070.89 3172.60 2976.00 3055.79
P1728 0.11 1766.18 824.00 2024.54 866.28 1953.22 961.85 1694.69 917.61
P1728 0.05 2477.80 1807.46 2663.57 2009.71 2525.95 2091.86 2340.40 1887.77
P1728 0.05 692.23 1526.71 608.55 1537.74 589.18 1390.87 672.86 1379.83
P1728 0.04 2542.41 1876.58 2627.95 2002.00 2557.08 2083.35 2472.00 1956.06
P1728 0.04 1693.92 746.94 1762.34 785.77 1715.35 868.56 1646.93 829.73
P1728 0.04 2583.87 2247.74 2490.24 2254.92 2481.00 2134.34 2574.64 2127.16
P1728 0.03 591.65 1573.09 515.34 1587.03 488.33 1439.22 564.65 1425.28
P1436 0.78 2141.83 3554.91 2145.58 3692.80 1896.20 3699.59 1892.44 3561.70
P1436 0.06 535.72 3054.66 667.81 3147.11 585.56 3354.67 453.43 3261.50
P1870 0.03 3266.49 2618.36 3286.81 2660.72 3138.43 2731.89 3118.12 2689.53
P1635 0.87 3137.85 2433.23 3262.00 2460.86 3248.20 2525.61 3123.97 2496.46
P1635 0.6 3382.62 824.00 3419.29 851.33 3357.20 885.29 3320.56 857.03
P1635 0.47 3908.92 1112.64 4000.00 1245.61 3926.62 1306.80 3835.13 1172.60
P1635 0.25 1511.29 834.45 1570.64 863.74 1523.76 958.71 1464.41 929.41
P1635 0.25 2563.68 2976.00 2747.44 3014.13 2694.39 3087.41 2511.97 3048.26
P1635 0.19 1603.88 2981.76 1653.69 3012.11 1590.71 3115.47 1540.90 3085.13
P1635 0.11 1488.29 1555.58 1582.62 1659.50 1527.11 1700.24 1433.09 1594.71
P1635 0.04 2673.67 2042.17 2705.57 2063.93 2681.10 2099.04 2648.96 2076.72
P1635 0.04 3869.94 1296.46 3832.46 1341.64 3758.11 1279.96 3795.59 1234.78
P1635 0.03 1616.57 3283.97 1564.97 3301.63 1512.57 3148.52 1564.17 3130.86
P1635 0.03 3465.51 525.71 3358.74 653.26 3222.21 538.98 3328.98 411.42
P1635 0.03 628.81 3721.45 600.24 3777.79 500.34 3727.13 528.90 3670.80
P1635 0.03 3698.58 3890.32 3626.86 3967.35 3506.47 3855.26 3578.19 3778.23
P1635 0.03 1573.10 3982.50 1521.06 4008.97 1486.08 3940.21 1538.13 3913.74
P1635 0.03 2578.95 2976.00 2672.00 3017.55 2626.40 3074.16 2533.06 3031.88
P2540 0.9 1014.80 1261.62 914.90 1266.77 904.99 1074.65 1004.89 1069.50
P2540 0.1 746.11 1281.40 831.18 1295.32 810.91 1419.21 725.84 1405.29
P2540 0.06 2060.97 729.91 2095.35 729.91 2095.35 780.67 2060.97 780.67
P1572 0.03 2951.14 2660.81 2847.32 2688.49 2783.96 2450.84 2887.77 2423.16
P2767 0.06 636.29 1169.18 830.27 1360.37 725.93 1458.78 533.02 1265.31
P2556 0.04 2132.73 339.46 2185.52 434.96 2011.25 531.28 1958.47 435.77
P2556 0.02 2954.38 1718.01 3287.05 2175.33 3009.96 2476.20 2678.00 2014.43
P0046 0.83 865.46 816.27 555.78 881.14 430.24 281.83 739.92 216.95
P0046 0.11 888.63 824.00 1234.57 1103.55 914.98 1293.17 572.00 1018.09
P0046 0.05 471.40 1051.73 736.32 1216.40 338.31 1448.29 78.03 1287.90
P0046 0.04 1333.72 1837.82 1580.55 2127.37 1308.79 2380.56 1064.66 2095.68
P1348 0.79 826.59 3257.71 837.34 3304.47 743.13 3326.13 732.38 3279.37
P1348 0.17 165.92 2860.33 179.88 2912.77 88.00 2937.22 74.05 2884.78
P1348 0.11 3501.96 563.03 3531.34 608.69 3447.61 633.84 3418.31 588.98
P1348 0.03 2102.78 3746.08 2150.59 3946.92 1988.73 3983.50 1941.41 3785.44
P2405 0.86 920.41 572.09 830.89 603.90 766.16 421.75 855.68 389.94
P2405 0.82 860.33 388.96 922.84 579.15 822.74 606.67 760.51 417.54
P1595 0.86 2518.42 182.42 2440.64 240.75 2335.66 100.77 2413.44 42.44
P1595 0.32 1777.98 533.35 1848.00 686.76 1790.56 745.63 1720.31 591.60
P1595 0.25 3204.01 3378.50 3175.16 3417.01 3092.69 3355.25 3121.54 3316.73
P1595 0.19 732.75 3482.24 836.07 3535.46 793.87 3621.57 690.03 3566.84
P1595 0.16 1705.04 2961.26 1795.51 2977.67 1774.08 3095.82 1683.61 3079.41
P1595 0.16 1266.66 1746.01 1336.17 1753.25 1322.28 1886.58 1252.76 1879.33
P1595 0.12 662.32 2506.97 756.58 2553.08 709.68 2723.10 615.50 2677.09
P1595 0.09 2450.12 3969.94 2378.62 3995.99 2337.14 3882.13 2408.64 3856.08
P1595 0.08 663.55 5.97 782.99 136.30 677.98 205.58 557.95 74.98
P1595 0.07 765.41 124.20 695.82 198.31 585.39 94.60 654.98 20.49
P1595 0.07 410.71 68.30 357.83 117.21 279.04 32.04 331.92 -16.88
P1595 0.05 845.72 711.76 796.37 722.88 771.41 612.11 820.77 600.99
P1595 0.04 948.44 116.30 1024.00 156.45 991.66 329.96 915.52 289.88
P1595 0.04 2305.49 1986.03 2208.06 2010.91 2179.00 1897.15 2276.44 1872.27
P1595 0.04 4052.59 3565.28 4124.34 3672.99 3989.64 3762.71 3917.90 3655.00
P1595 0.04 2149.71 2541.87 2100.47 2604.60 1967.38 2500.15 2016.62 2437.42
P1595 0.03 4162.47 3751.69 4184.29 3792.38 4121.09 3826.27 4099.26 3785.57
P1595 0.03 157.22 2897.28 182.25 2947.24 78.49 2999.23 53.46 2949.27
P1595 0.02 2648.26 918.93 2672.00 1012.67 2588.22 1024.00 2564.84 930.82
P1330 0.79 690.31 2336.62 574.17 2350.05 548.10 2124.52 664.25 2111.09
P1330 0.12 1564.17 513.37 1675.89 590.59 1624.17 646.95 1512.59 569.21
P1330 0.04 1659.57 589.30 1632.14 630.05 1528.67 560.40 1556.10 519.65
P2762 0.86 5993.16 173.88 6046.31 256.33 5877.35 365.25 5824.20 282.79
P1383 0.88 2654.73 4167.01 2347.42 4196.27 2287.20 3563.77 2594.52 3534.51
P1383 0.39 2006.70 4157.68 1904.24 4168.50 1875.73 3898.64 1978.20 3887.81
P1383 0.34 976.80 2256.40 1024.00 2355.45 977.96 2387.48 930.85 2288.61
P1383 0.15 1991.22 3875.63 2013.31 4178.04 1892.95 4195.41 1872.13 3896.59
P1383 0.11 2370.68 4089.58 2135.35 4116.32 2076.74 3600.57 2312.08 3573.82
P1383 0.05 1985.82 735.83 2073.85 859.05 2000.56 911.94 1913.11 789.23
P1280 0.04 2358.88 702.28 2446.93 814.71 2225.73 946.51 2139.80 833.21
P1197 0.1 550.15 522.11 466.79 732.83 91.15 584.22 174.51 373.50
P1197 0.06 621.57 251.83 950.27 393.58 707.67 892.13 380.85 748.07
P1197 0.04 1296.34 506.12 1201.92 707.76 880.76 557.38 975.17 355.74
P1735 0.85 610.59 1211.42 642.46 1296.28 491.84 1352.84 459.97 1267.98
P1735 0.83 1311.83 4689.06 1361.12 4725.88 1296.89 4811.87 1247.59 4775.05
P1735 0.81 453.89 123.46 481.66 205.14 327.86 257.43 300.09 175.75
P1735 0.47 2694.53 2256.57 2783.29 2384.95 2718.15 2437.05 2628.75 2307.90
P1735 0.1 530.61 234.62 562.04 399.53 450.57 418.89 419.88 256.34
P1735 0.04 117.54 4624.23 196.22 4643.70 163.27 4776.86 84.59 4757.40
P1735 0.04 182.13 4428.06 155.10 4432.07 146.88 4376.73 173.91 4372.72
P1735 0.03 307.52 225.45 243.78 242.22 224.86 170.30 288.60 153.53
P2486 0.9 1199.54 713.69 1293.59 714.53 1291.97 896.34 1197.92 895.51
P2486 0.65 1195.03 824.00 1289.68 824.00 1289.68 887.79 1195.03 887.79
P2486 0.17 895.78 2021.71 947.66 2038.18 920.60 2123.38 868.72 2106.91
P1718 0.82 2768.15 1488.41 2783.97 1595.83 2610.02 1621.47 2594.19 1514.04
P1718 0.04 1243.40 -19.47 1273.07 96.18 1091.57 142.74 1061.90 27.10
P1407 0.04 5985.14 1153.55 5944.70 1205.86 5874.00 1151.21 5914.44 1098.90
P1407 0.02 5220.27 2411.46 5247.97 2433.65 5222.05 2475.53 5194.41 2453.04
P2544 0.04 98.20 348.22 117.21 386.07 98.56 396.80 79.49 358.80
P2666 0.81 2658.90 1654.85 2686.14 1686.74 2625.39 1738.63 2598.15 1706.74
P2666 0.09 2898.81 1660.43 2880.51 1683.15 2853.31 1661.25 2871.61 1638.52
P2407 0.34 1647.32 1593.63 1565.51 1622.53 1518.42 1489.21 1600.23 1460.32
P2407 0.06 326.47 1770.19 347.44 1784.57 338.28 1823.31 317.44 1808.81
P2272 0.86 486.51 718.66 613.84 730.94 596.51 910.71 469.17 898.43
P2272 0.8 873.35 259.05 840.16 273.75 812.74 211.86 845.93 197.16
P2272 0.36 266.69 2073.58 242.70 2092.99 203.74 2044.87 227.72 2025.45
P2272 0.32 1085.04 1431.73 1097.35 1465.11 1048.02 1486.07 1035.85 1453.72
P2272 0.17 634.84 1058.90 670.97 1058.90 670.97 1152.71 634.84 1152.71
P2272 0.17 3226.50 595.75 3242.42 632.26 3223.86 642.42 3207.76 605.80
P2272 0.16 3254.86 231.17 3232.58 243.44 3219.69 220.05 3241.98 207.77
P2272 0.1 2832.08 234.83 2844.93 339.06 2756.60 350.54 2744.39 248.63
P2272 0.07 3062.05 392.90 2990.82 400.84 2982.66 327.69 3053.90 319.75
P2272 0.04 3324.23 544.77 3343.90 616.07 3314.06 629.13 3294.53 557.60
P2272 0.04 2055.38 1795.69 2060.66 1821.31 2030.08 1827.34 2024.92 1802.51
P2272 0.03 322.39 859.60 344.52 862.36 336.73 924.89 314.59 922.13
P2272 0.03 597.95 1329.54 605.25 1384.87 581.82 1391.43 574.74 1336.60
P2272 0.03 1048.62 765.77 1067.15 788.44 1040.83 809.94 1022.31 787.27
P2336 0.86 287.21 2751.89 375.57 2759.45 362.40 2913.29 274.04 2905.72
P2336 0.8 2696.72 2974.55 2623.15 3012.96 2553.32 2879.23 2626.89 2840.82
P2336 0.04 629.20 958.58 664.20 958.58 664.20 1027.49 629.20 1027.49
P2350 0.03 1724.81 1728.89 1722.53 1810.75 1636.43 1808.35 1638.71 1726.49
P1706 0.35 3049.62 844.52 3315.59 844.52 3315.59 975.99 3049.62 975.99
P1706 0.32 3138.07 474.99 3125.19 531.98 2994.11 502.36 3006.98 445.37
P1706 0.14 1461.56 596.77 1427.74 622.85 1351.91 524.53 1385.72 498.45
P1706 0.04 3603.96 1257.78 3626.39 1332.95 3584.22 1353.59 3561.78 1278.35
P1706 0.03 818.99 451.47 721.94 511.73 611.65 334.10 708.69 273.85
P1706 0.03 380.37 648.95 434.54 786.03 266.50 852.44 212.33 715.36
P1335 0.86 2086.86 1884.37 2003.10 1902.90 1966.06 1735.48 2049.82 1716.95
P2736 0.03 3.47 1418.78 30.22 1418.78 30.22 1456.65 3.47 1456.65
P1668 0.24 516.58 1262.47 463.52 1294.40 388.50 1169.71 441.56 1137.79
P1668 0.09 2711.60 3217.48 2722.59 3266.13 2639.75 3284.83 2628.76 3236.19
P1668 0.03 3099.16 2839.63 3075.58 2898.68 2945.47 2846.72 2969.05 2787.67
P2170 0.04 72.67 119.16 236.53 159.24 194.04 332.93 30.18 292.85
P2170 0.03 491.93 166.00 697.40 166.00 697.40 361.78 491.93 361.78
P1715 0.09 444.11 2424.26 396.70 2439.15 363.36 2332.95 410.77 2318.06
P2603 0.05 445.88 2497.57 388.75 2535.74 331.20 2449.62 388.33 2411.44
P1248 0.86 2809.97 2812.00 2703.21 2824.68 2675.77 2593.77 2782.53 2581.09
P1248 0.85 3839.44 901.09 3778.20 915.14 3751.40 798.38 3812.63 784.32
P1248 0.85 3209.35 2591.02 3316.33 2592.54 3313.15 2816.28 3206.18 2814.76
P1248 0.76 1070.32 3442.78 1200.25 3442.78 1200.25 3651.77 1070.32 3651.77
P1248 0.06 3580.45 2472.23 3621.35 2472.23 3621.35 2559.20 3580.45 2559.20
P1248 0.04 1808.46 890.64 1848.00 917.16 1811.73 1021.26 1771.76 993.77
P1248 0.03 2881.31 2472.00 2936.10 2472.00 2936.10 2511.10 2881.31 2511.10
P1576 0.86 3727.96 3572.36 3609.55 3597.70 3556.44 3349.53 3674.85 3324.19
P1576 0.79 1450.24 1473.71 1467.74 1543.24 1222.10 1605.08 1204.59 1535.55
P1576 0.14 313.48 3704.63 238.28 3719.51 204.94 3551.11 280.14 3536.22
P1576 0.07 2194.36 3026.41 2152.03 3039.73 2130.83 2972.33 2173.16 2959.02
P1576 0.06 3130.70 4014.16 3076.85 4022.41 3064.66 3942.80 3118.52 3934.56
P1576 0.05 1154.50 193.65 1173.71 248.06 1070.29 284.57 1051.08 230.16
P1576 0.04 928.46 1735.67 884.48 1745.69 870.78 1685.53 914.75 1675.51
P1576 0.03 2553.36 3160.72 2494.03 3174.12 2464.07 3041.46 2523.40 3028.06
P0880 0.06 1822.94 984.63 2125.41 1379.53 1885.58 1598.23 1587.52 1210.06
P0880 0.04 1310.48 1147.18 1583.20 1606.73 1348.50 1821.19 1076.52 1364.86
P0880 0.03 1686.53 898.46 2059.55 1418.16 1626.83 1848.00 1259.00 1343.06
P0880 0.03 880.97 241.57 1101.32 254.13 1081.95 593.92 861.61 581.36
P1592 0.88 2574.95 137.17 2712.91 144.24 2698.54 424.65 2560.57 417.58
P1592 0.73 660.76 3302.32 629.46 3325.07 571.71 3245.62 603.01 3222.87
P1592 0.17 978.49 2472.00 1061.06 2472.00 1061.06 2597.09 978.49 2597.09
P1592 0.06 748.51 3532.90 720.22 3559.08 657.90 3491.72 686.20 3465.55
P1592 0.05 1771.88 899.60 1893.03 946.29 1841.29 1059.65 1720.32 1010.92
P1592 0.05 1267.29 743.24 1341.83 912.36 1229.73 961.01 1155.57 793.89
P1592 0.04 2529.00 0.00 2711.21 0.00 2711.21 118.95 2529.00 118.95
P1592 0.03 2697.54 252.77 2754.42 252.77 2754.42 320.06 2697.54 320.06
P1592 0.03 2815.12 751.72 2750.12 760.18 2737.98 666.92 2802.98 658.46
P2643 0.05 4947.34 3790.92 4930.90 3810.87 4893.77 3780.28 4910.21 3760.32
P2643 0.03 6312.81 775.75 6320.52 870.87 6214.97 879.43 6207.26 784.32
P0048 0.02 222.85 898.64 291.74 974.83 249.74 1012.79 181.17 936.83
P0513 0.03 716.56 463.03 959.47 805.78 616.47 1024.00 378.15 695.12
P2391 0.84 2051.26 1351.50 2159.51 1351.50 2159.51 1532.15 2051.26 1532.15
P2391 0.14 2251.60 1437.70 2222.49 1441.22 2216.78 1393.92 2245.89 1390.41
P0399 0.04 323.99 588.34 631.54 1015.33 317.44 1425.00 14.00 1002.02
P1626 0.04 370.11 4407.39 402.52 4445.05 346.21 4499.08 313.61 4460.53
P1626 0.04 1377.42 3977.66 1425.72 4094.18 1332.61 4160.32 1284.92 4046.02
P1626 0.03 1140.25 3768.43 1247.37 3789.60 1216.92 3943.62 1109.80 3922.45
P1711 0.83 1635.99 3289.24 1576.32 3394.77 1375.99 3281.51 1435.65 3175.98
P1711 0.41 951.62 3917.46 908.69 3924.24 895.95 3843.60 938.89 3836.82
P1711 0.04 1328.99 3074.07 1452.14 3152.97 1357.22 3314.52 1234.59 3234.19
P1711 0.04 1680.38 3794.64 1715.89 3976.32 1580.67 4000.00 1545.56 3819.87
P1711 0.03 3647.67 531.27 3696.97 672.66 3542.75 726.43 3493.45 585.04
P2511 0.88 858.80 2248.72 926.92 2319.91 794.27 2446.85 726.14 2375.66
P2333 0.86 1048.31 429.52 1138.38 438.65 1122.61 594.28 1032.53 585.14
P2333 0.04 1078.03 1751.98 801.50 1876.60 628.91 1493.60 905.43 1368.99
P0506 0.03 1896.92 1508.88 2025.86 1533.92 1983.70 1750.97 1854.75 1725.92
P1681 0.86 3434.34 3536.59 3501.84 3593.00 3391.58 3724.94 3324.07 3668.52
P1681 0.85 2498.20 1128.83 2518.97 1181.17 2401.55 1227.76 2380.78 1175.42
P1681 0.17 4015.93 2542.18 3871.29 2575.37 3835.04 2417.37 3979.68 2384.18
P1681 0.17 940.44 4694.84 1024.00 4712.20 1009.99 4775.27 926.12 4757.18
P1681 0.14 2638.99 3857.11 2680.83 3951.09 2551.09 4002.57 2509.61 3909.26
P1681 0.11 3962.49 2310.48 3970.61 2363.81 3866.93 2379.60 3858.81 2326.27
P1681 0.08 2480.30 4730.56 2459.27 4786.32 2373.87 4754.12 2394.89 4698.36
P1681 0.06 3659.10 2344.36 3682.41 2458.84 3586.36 2479.58 3563.75 2367.68
P1681 0.04 3176.19 2381.97 3192.72 2431.04 3119.69 2455.64 3103.16 2406.58
P1681 0.03 3599.66 2844.95 3512.95 2857.58 3499.79 2767.26 3586.51 2754.63
P1681 0.03 1857.09 3782.76 1889.22 3794.52 1878.43 3842.00 1846.36 3829.99
P1681 0.03 855.29 3977.51 1024.00 3977.51 1024.00 4186.73 855.29 4186.73
P1681 0.03 4044.77 2929.84 4067.05 2980.89 3952.07 3031.06 3929.79 2980.01
P1681 0.03 3502.83 1621.58 3582.34 1702.69 3411.60 1870.05 3332.09 1788.94
P1681 0.02 47.66 2662.97 60.69 2723.05 28.92 2733.02 16.06 2673.25
P2119 0.1 1167.05 534.84 1056.50 551.23 1020.65 309.51 1131.20 293.11
P2119 0.04 1139.39 290.69 1172.79 541.50 1044.44 573.90 1012.28 326.08
P2119 0.03 1817.94 1231.76 1849.50 1533.23 1396.26 1580.67 1364.71 1279.21
P1546 0.86 3419.06 2591.29 3437.67 2644.95 3302.07 2672.00 3283.92 2619.38
P1546 0.8 3599.17 247.70 3550.97 257.63 3532.59 168.37 3580.78 158.45
P1546 0.03 211.58 2946.16 153.87 2964.75 114.76 2843.35 172.48 2824.76
P1546 0.03 1621.75 955.79 1636.69 1011.16 1558.01 1032.40 1543.07 977.03
P1532 0.82 1772.46 2338.03 1810.98 2443.31 1598.43 2489.16 1560.65 2384.94
P1532 0.7 455.78 485.56 364.33 499.96 334.69 311.75 426.14 297.35
P1532 0.04 2171.42 3815.75 2104.33 3828.21 2070.80 3647.72 2137.89 3635.25
P1532 0.04 1934.70 1857.43 1903.79 1866.33 1886.92 1807.70 1917.83 1798.80
P1532 0.03 911.92 3653.17 928.60 3685.83 882.89 3705.04 866.44 3672.84
P1532 0.03 1999.55 245.87 2041.42 390.20 1896.36 432.28 1854.49 287.96
P1532 0.03 982.45 3634.26 992.08 3677.08 910.88 3695.36 901.24 3652.54
P2515 0.88 502.36 889.91 408.45 895.34 397.29 702.49 491.19 697.05
P2515 0.21 402.56 824.00 497.35 824.00 497.35 882.34 402.56 882.34
P2515 0.1 672.47 1230.75 706.87 1272.17 630.58 1335.51 596.19 1294.08
P2515 0.03 682.06 621.76 671.88 755.85 449.62 738.98 459.80 604.89
P1313 0.17 196.40 3330.66 245.19 3526.95 154.62 3550.25 106.23 3354.74
P1313 0.07 2837.87 634.22 2926.55 634.22 2926.55 789.25 2837.87 789.25
P1313 0.03 2764.22 3359.41 2634.66 3397.82 2592.88 3256.91 2722.44 3218.49
P2276 0.05 608.32 380.65 629.14 408.73 598.33 433.02 577.66 404.82
P2276 0.03 217.35 380.34 162.69 384.78 156.20 304.87 210.87 300.43
P1678 0.07 56.35 2874.17 69.90 2934.34 -13.02 2953.01 -26.56 2892.83
P1678 0.04 115.87 3231.59 57.20 3255.49 30.62 3190.26 89.29 3166.36
P1678 0.04 616.27 2624.31 677.28 2657.38 594.66 2809.81 533.64 2776.74
P0148 0.85 319.11 430.02 483.20 430.02 483.20 743.13 319.11 743.13
P0148 0.06 332.42 164.01 530.86 164.01 530.86 434.27 332.42 434.27
P2568 0.04 799.79 1230.00 1024.00 1542.00 875.47 1777.37 650.33 1464.46
P2568 0.03 1026.89 1230.00 1482.56 1525.93 975.05 1754.55 524.72 1462.57
P1684 0.86 3654.20 347.17 3549.84 357.12 3527.75 125.56 3632.12 115.60
P1684 0.81 3489.34 1587.76 3740.04 1587.76 3740.04 1725.63 3489.34 1725.63
P1684 0.27 3407.36 824.00 3486.87 877.40 3394.11 981.16 3314.24 925.77
P1684 0.27 2458.27 1278.33 2584.66 1335.84 2536.34 1388.19 2410.39 1328.54
P1684 0.25 3936.42 1625.31 3831.25 1640.06 3801.66 1429.16 3906.84 1414.41
P1684 0.05 3752.99 1459.53 3763.01 1510.94 3642.40 1534.46 3632.38 1483.06
P1684 0.03 3024.04 254.25 3030.43 288.91 3015.30 296.20 3009.10 261.94
P2174 0.25 433.72 396.12 653.49 396.12 653.49 630.82 433.72 630.82
P2174 0.08 297.32 397.24 467.53 397.24 467.53 624.38 297.32 624.38
P2174 0.07 452.95 138.11 628.35 138.11 628.35 375.61 452.95 375.61
P2658 0.27 1009.75 635.57 1827.48 635.57 1827.48 1024.00 1009.75 1024.00
P2658 0.27 985.21 867.94 1795.31 867.94 1795.31 1749.31 985.21 1749.31
P2658 0.21 1623.94 207.81 1921.00 458.11 1279.97 654.44 990.69 416.58
P2575 0.08 510.12 778.05 933.21 778.05 933.21 1280.38 510.12 1280.38
P1530 0.5 998.36 340.28 1024.00 421.33 907.09 458.63 881.44 378.22
P1530 0.29 1078.38 318.21 1139.96 401.17 919.72 464.57 858.51 381.81
P1530 0.24 822.75 1944.22 743.37 1951.89 735.37 1869.16 814.75 1861.48
P1530 0.1 3161.57 3161.34 3201.86 3172.16 3185.04 3258.29 3144.43 3246.64
P1530 0.07 3920.21 2682.21 3935.05 2723.88 3901.48 2735.37 3886.94 2694.27
P1530 0.06 3445.25 1049.86 3678.05 1100.63 3626.52 1269.86 3393.04 1218.01
P1530 0.04 1123.59 185.22 1132.76 219.62 1091.83 231.90 1082.77 198.39
P1530 0.04 2275.30 3178.14 2231.09 3194.27 2209.97 3136.39 2254.18 3120.26
P1530 0.03 2518.15 2229.46 2550.99 2410.39 2447.55 2432.06 2415.97 2254.18
P1530 0.03 793.69 2781.70 825.69 2824.92 754.92 2849.91 723.06 2807.34
P2195 0.08 77.03 302.01 492.48 302.01 492.48 763.85 77.03 763.85
P2195 0.04 33.69 824.00 479.00 824.00 479.00 1254.48 33.69 1254.48
P2195 0.04 720.35 983.62 1012.37 1140.07 762.91 1374.25 473.46 1226.33
P2195 0.03 500.94 1378.21 927.01 1378.21 927.01 1759.69 500.94 1759.69
P2195 0.03 31.18 710.24 494.27 710.24 494.27 862.46 31.18 862.46
P1172 0.03 1482.57 5606.12 1487.47 5875.89 998.38 5884.77 993.49 5615.01
P1172 0.03 361.38 3298.31 474.02 3357.09 373.90 3548.94 261.27 3490.17
P1477 0.86 1291.99 2193.11 1160.06 2212.31 1119.65 1934.70 1251.58 1915.50
P1477 0.82 1263.97 1912.03 1295.93 2194.90 1144.20 2215.12 1113.08 1935.11
P1564 0.36 1083.54 2440.66 1038.40 2454.37 1011.91 2367.08 1057.05 2353.38
P1564 0.15 259.50 1693.64 318.36 1908.15 170.53 1931.50 113.12 1719.16
P1564 0.1 309.53 1880.57 185.59 1924.59 118.89 1736.81 242.83 1692.79
P1628 0.71 467.32 1851.88 504.09 1920.81 385.73 1983.92 348.97 1914.99
P1628 0.34 3992.64 1.25 4027.51 55.38 3901.13 136.78 3866.26 82.65
P1628 0.09 3458.31 2827.35 3430.79 2882.36 3351.62 2842.75 3379.14 2787.74
P1628 0.04 2448.59 3211.84 2421.54 3258.16 2360.22 3222.34 2387.27 3176.02
P1628 0.03 3451.02 2879.75 3435.92 2930.14 3355.20 2905.96 3370.30 2855.56
P1628 0.03 2888.47 3465.26 2838.84 3490.06 2771.27 3354.83 2820.90 3330.03
P2555 0.07 1877.14 3418.84 1529.66 3472.07 1450.18 2953.29 1797.66 2900.05
P2555 0.04 1516.70 3442.23 1208.82 3465.10 1180.54 3084.32 1488.42 3061.45
P2555 0.03 1761.49 811.80 1437.06 845.41 1378.21 277.32 1702.64 243.72
P0675 0.14 320.46 122.00 604.17 243.74 445.73 417.94 163.81 295.70
P0628 0.03 603.84 434.72 609.37 483.50 523.82 493.20 518.30 444.42
P1588 0.86 2452.41 1478.44 2398.59 1493.91 2362.25 1367.51 2416.07 1352.04
P1588 0.34 2521.45 2122.19 2575.58 2133.06 2554.69 2236.99 2500.56 2226.11
P1588 0.29 2707.54 2767.53 2771.96 2802.31 2712.56 2955.74 2647.98 2919.82
P1588 0.06 1749.38 3040.72 1803.31 3095.41 1769.10 3128.33 1714.89 3073.29
P1588 0.04 1131.88 615.08 1174.25 655.21 1109.80 723.25 1067.43 683.12
P1345 0.86 3698.64 3581.58 3600.83 3600.48 3569.23 3437.00 3667.04 3418.10
P1345 0.03 411.31 2652.07 417.79 2694.20 397.80 2699.69 391.34 2657.97
P1345 0.03 3656.79 3416.46 3675.87 3481.00 3595.82 3496.00 3577.58 3433.89
P1764 0.86 3625.22 4122.69 3757.99 4190.06 3639.90 4422.79 3507.13 4355.42
P1764 0.49 495.63 1240.45 527.34 1262.83 489.79 1314.82 457.77 1291.53
P1764 0.03 3021.20 4686.98 3040.54 4730.90 2923.61 4782.39 2904.27 4738.47
P1237 0.84 4675.51 3997.18 4576.96 4063.90 4453.08 3880.95 4551.63 3814.22
P1237 0.09 4059.13 3450.84 4057.41 3499.67 3941.98 3495.59 3943.71 3446.76
P1237 0.03 3187.56 154.59 3216.28 174.12 3187.18 222.31 3158.00 202.03
P2723 0.9 4188.73 2048.61 4146.23 2062.00 4123.95 1991.26 4166.45 1977.87
P2723 0.9 1344.14 505.23 1305.58 526.35 1266.92 455.78 1305.48 434.66
P2723 0.9 1978.26 2222.51 1937.36 2237.59 1909.66 2162.41 1950.57 2147.34
P2723 0.89 2642.94 1135.12 2614.20 1143.03 2596.84 1079.94 2625.58 1072.03
P2723 0.87 3679.58 1866.06 3649.91 1866.93 3648.12 1805.64 3677.79 1804.77
P2723 0.87 2937.77 2090.92 2906.60 2092.14 2904.43 2036.96 2935.60 2035.73
P2723 0.87 3075.82 697.31 3119.76 707.38 3099.62 795.32 3055.68 785.26
P2723 0.86 2211.56 2469.27 2184.76 2479.89 2164.49 2428.75 2191.29 2418.13
P2723 0.86 385.45 388.95 381.06 416.18 327.20 407.51 331.59 380.28
P2723 0.85 1938.00 1957.41 1912.10 1959.59 1908.83 1920.82 1934.73 1918.64
P2723 0.83 2194.01 2534.33 2173.50 2543.46 2154.36 2500.51 2174.87 2491.37
P2723 0.81 2749.32 1994.50 2768.47 2009.10 2741.63 2044.33 2722.48 2029.73
P2723 0.66 2517.47 1754.48 2533.64 1766.98 2512.36 1794.51 2496.19 1782.01
P2723 0.56 3874.45 1393.29 3889.41 1393.53 3889.10 1413.00 3874.14 1412.76
P2723 0.34 462.51 693.45 453.43 704.90 428.22 684.89 437.31 673.45
P2723 0.1 205.62 2131.38 231.89 2131.38 231.89 2185.63 205.62 2185.63
P2723 0.04 4221.51 548.99 4245.25 577.36 4229.50 589.32 4205.78 560.75
P2723 0.04 1891.17 1924.64 1908.47 1924.64 1908.47 1965.79 1891.17 1965.79
P2723 0.04 2658.65 2595.66 2636.89 2595.88 2636.58 2565.16 2658.34 2564.94
P2723 0.03 2629.23 2299.35 2635.69 2335.28 2617.19 2339.14 2610.88 2303.55
P2723 0.03 3573.38 1921.63 3592.87 1921.98 3592.39 1949.55 3572.89 1949.20
P2723 0.03 235.80 556.66 253.56 564.71 245.44 582.62 227.68 574.57
P2723 0.03 1889.91 2094.35 1868.40 2100.06 1855.90 2053.01 1877.40 2047.30
P2723 0.03 971.24 257.12 979.29 271.27 965.06 287.74 957.06 273.97
P2723 0.03 861.59 1066.14 848.85 1076.30 832.05 1055.23 844.80 1045.07
P2723 0.03 736.42 573.55 717.26 589.07 693.34 559.53 712.51 544.01
P2723 0.03 2586.75 1055.96 2575.21 1059.01 2569.04 1035.68 2580.58 1032.63
P1180 0.78 927.16 1785.65 987.64 1853.04 855.24 1971.86 794.76 1904.47
P2448 0.03 395.20 1317.80 522.67 1436.58 382.27 1591.96 256.24 1472.86
P1504 0.04 779.98 2624.60 774.16 2642.88 729.79 2628.75 735.60 2610.47
P1504 0.04 531.45 903.23 273.88 1083.69 53.11 768.58 310.69 588.12
P1504 0.03 694.46 2466.23 724.17 2502.86 675.51 2541.63 646.03 2505.04
P1157 0.7 1860.67 184.38 1892.09 222.55 1802.13 296.61 1770.71 258.44
P1157 0.66 4760.20 257.26 4800.95 298.70 4717.05 381.19 4676.30 339.74
P1157 0.14 6804.40 1121.05 6839.10 1146.44 6789.40 1214.37 6754.69 1188.98
P1157 0.09 6692.62 3738.93 6672.18 3740.22 6669.82 3702.67 6690.25 3701.38
P1157 0.09 6976.66 2452.93 7026.34 2699.16 6647.68 2775.55 6598.01 2529.32
P1157 0.04 6800.90 1115.00 6845.43 1150.74 6785.65 1219.70 6741.31 1183.61
P1157 0.03 1871.80 519.66 1887.47 539.45 1849.00 569.91 1833.32 550.12
P1157 0.03 3910.15 1475.55 3646.66 1645.00 3448.50 1336.87 3711.99 1167.42
P2193 0.04 1270.70 2067.04 905.32 2123.72 847.79 1752.82 1213.17 1696.14
P2193 0.03 2062.96 155.24 2095.70 177.36 2082.10 229.66 2049.68 208.14
P1701 0.53 3975.31 997.15 3941.21 1036.60 3867.88 973.20 3901.99 933.75
P1701 0.17 1794.78 3535.78 1848.00 3688.74 1640.31 3718.83 1588.48 3567.97
P1701 0.11 729.28 628.64 812.25 695.22 740.80 808.51 657.84 740.83
P1701 0.04 1799.58 3551.15 1825.81 3664.96 1648.79 3705.75 1622.57 3591.94
P1468 0.86 1983.95 1074.59 1713.02 1091.86 1669.49 409.11 1940.42 391.84
P1468 0.34 2941.70 6845.01 2617.49 6862.70 2596.85 6484.42 2921.05 6466.73
P1468 0.32 1726.70 824.00 1928.09 824.00 1928.09 1063.17 1726.70 1063.17
P1468 0.17 1129.55 2708.76 1128.95 3002.73 761.56 3001.98 762.15 2708.02
P1468 0.05 2637.86 6765.16 2910.87 6765.16 2910.87 7047.41 2637.86 7047.41
P1468 0.04 771.20 7505.50 1024.00 7505.50 1024.00 7643.12 771.20 7643.12
P1468 0.03 2125.80 1284.40 2432.91 1284.40 2432.91 1534.74 2125.80 1534.74
P1362 0.84 3130.84 3886.49 3199.02 3895.68 3167.88 4000.00 3099.28 3990.59
P1362 0.84 1033.09 825.46 1089.07 829.31 1079.08 974.75 1023.09 970.90
P1362 0.69 1734.55 2849.22 1787.72 2849.22 1787.72 2967.37 1734.55 2967.37
P1362 0.49 922.35 2667.41 866.86 2707.12 773.54 2576.70 829.04 2537.00
P1362 0.32 839.72 2539.74 934.03 2657.83 868.80 2717.42 774.49 2598.78
P1627 0.21 220.89 3190.15 247.93 3235.54 185.45 3265.77 158.24 3219.75
P1627 0.07 1903.79 2146.20 2025.38 2188.62 1990.55 2274.07 1868.50 2232.06
P1627 0.03 3043.49 1432.60 3062.57 1482.60 3020.44 1495.88 3001.61 1446.29
P1627 0.03 3056.98 809.12 3068.34 883.50 2983.43 896.47 2972.08 822.08
P2588 0.07 720.65 991.69 1019.72 1183.75 798.03 1444.00 498.30 1251.94
P0115 0.49 643.09 667.70 739.02 825.64 462.60 993.52 366.68 835.59
P0115 0.03 260.76 839.12 503.95 1103.52 239.37 1357.00 0.00 1102.07
P2510 0.02 99.26 1683.59 171.60 1724.11 137.74 1835.69 65.77 1795.42
P2510 0.02 1463.34 1500.50 1774.03 1665.21 1515.39 1848.00 1204.96 1686.26
P0089 0.04 3094.19 824.00 3264.42 1215.98 2921.39 1368.91 2757.47 991.40
P2654 0.14 2088.69 1262.87 2079.46 1619.68 1316.36 1599.94 1325.59 1243.13
P2654 0.1 740.78 824.00 1024.00 824.00 1024.00 1488.31 740.78 1488.31
P2654 0.09 776.64 539.59 1322.24 543.40 1315.64 1487.20 770.04 1483.39
P2654 0.08 1325.46 653.76 2023.67 653.76 2023.67 1024.00 1325.46 1024.00
P2654 0.06 1416.27 1253.83 1660.68 1253.83 1660.68 1629.09 1416.27 1629.09
P2654 0.03 708.09 405.30 1024.00 405.30 1024.00 1024.00 708.09 1024.00
P1548 0.75 3412.16 3540.16 3327.73 3555.91 3299.11 3402.46 3383.53 3386.71
P1548 0.25 2175.15 3344.98 2128.45 3357.39 2104.11 3265.81 2150.81 3253.39
P1548 0.2 2706.36 959.29 2729.92 1002.00 2608.58 1024.00 2585.30 982.33
P1548 0.14 1158.89 795.26 1186.74 839.13 1140.39 872.24 1112.64 828.22
P1548 0.04 3469.62 1916.48 3496.00 2095.35 3384.48 2125.73 3358.52 1949.23
P1548 0.03 3644.28 1907.87 3708.10 2082.52 3416.43 2128.97 3353.36 1957.43
P1523 0.25 2634.24 90.55 2661.91 200.67 2491.90 243.39 2464.23 133.27
P1523 0.09 3386.42 1312.39 3312.14 1314.95 3308.76 1216.54 3383.04 1213.99
P1523 0.03 3369.71 2609.70 3379.07 2641.52 3352.98 2652.61 3343.86 2621.88
P2273 0.53 708.34 756.63 725.22 760.67 717.67 792.26 700.79 788.22
P2273 0.32 909.58 125.12 927.41 138.16 903.66 177.14 885.86 163.96
P2273 0.19 1280.28 717.76 1264.34 722.47 1255.45 692.38 1271.39 687.67
P1733 0.86 2825.04 1856.06 2748.28 1873.78 2700.51 1666.85 2777.27 1649.13
P1733 0.86 3095.13 3544.11 3116.52 3632.37 2964.28 3669.27 2942.89 3581.01
P1733 0.86 1303.22 1182.03 1230.94 1194.92 1195.24 994.79 1267.52 981.90
P1733 0.86 402.90 2758.80 324.24 2777.24 278.10 2580.44 356.76 2562.00
P1733 0.86 2680.52 2564.72 2617.26 2575.66 2581.90 2371.18 2645.16 2360.24
P1733 0.86 3683.70 3816.13 3616.19 3847.88 3535.34 3675.97 3602.85 3644.22
P1733 0.66 2652.91 2472.00 2679.31 2547.91 2619.11 2562.59 2593.09 2486.89
P1733 0.17 3865.13 1813.10 3890.68 1887.90 3747.54 1936.78 3722.00 1861.99
P1733 0.06 3111.68 3489.11 3067.77 3497.52 3057.73 3445.09 3101.63 3436.68
P1733 0.05 2365.86 344.91 2334.46 418.29 2175.22 350.15 2206.62 276.77
P1733 0.04 526.04 2557.93 550.12 2700.56 455.26 2717.23 432.33 2576.65
P1733 0.04 2902.14 1023.09 2872.38 1028.66 2860.79 966.80 2890.55 961.22
P1733 0.03 3546.42 3684.41 3597.16 3782.31 3529.41 3836.58 3478.82 3740.03
P1733 0.03 2213.63 281.89 2403.10 340.77 2367.16 424.73 2177.40 364.14
P1733 0.03 986.61 3300.86 996.95 3330.37 968.24 3339.39 958.16 3310.70
P1733 0.03 470.17 2710.24 400.93 2726.31 359.86 2549.38 429.10 2533.31
P1163 0.07 2472.00 4120.00 2802.53 4120.00 2802.53 5091.87 2472.00 5091.87
P1664 0.19 1578.41 3985.50 1491.88 4044.53 1395.01 3902.55 1481.53 3843.51
P1664 0.1 1347.09 3768.89 1442.71 3888.37 1293.39 3969.19 1198.10 3849.46
P1622 0.04 2354.70 2070.09 2321.72 2076.38 2310.51 2017.58 2343.48 2011.29
P1622 0.03 2112.10 3575.68 2069.72 3584.24 2058.53 3528.80 2100.91 3520.25
P2461 0.89 736.77 1085.71 636.38 1087.51 632.97 897.33 733.36 895.53
P2461 0.1 537.06 993.64 627.38 993.64 627.38 1130.78 537.06 1130.78
P2461 0.03 1020.47 879.00 1354.33 879.00 1354.33 1047.80 1020.47 1047.80
P2461 0.02 953.93 1016.08 1397.13 1016.08 1397.13 1416.97 953.93 1416.97
P1202 0.03 1055.13 499.07 1092.07 545.41 1041.93 578.83 1004.98 532.88
P2562 0.88 843.30 1621.73 457.42 1801.96 106.42 1050.46 492.30 870.23
P2562 0.47 584.04 907.48 756.03 1430.23 591.56 1724.00 423.00 1203.46
P2292 0.1 1151.51 499.79 1169.07 524.81 1154.28 536.18 1136.60 511.25
P0031 0.03 4803.97 1045.10 4818.63 1333.92 4511.28 1349.52 4496.62 1060.70
P1304 0.86 330.75 3211.22 271.93 3256.91 172.03 3128.32 230.85 3082.62
P1304 0.25 1147.22 3485.00 1196.41 3623.76 1143.12 3648.42 1093.83 3509.63
P1304 0.03 86.59 1648.00 106.83 1677.87 47.14 1692.66 27.05 1662.73
P1520 0.67 1753.27 2484.14 1703.35 2491.11 1687.72 2379.12 1737.64 2372.16
P1520 0.58 2496.51 2799.04 2534.88 2809.79 2510.62 2896.44 2472.25 2885.70
P1520 0.25 2093.47 984.60 2066.56 997.57 2044.51 951.80 2071.42 938.84
P1520 0.19 342.16 2707.21 372.20 2718.70 344.85 2790.20 314.80 2778.71
P1520 0.11 755.00 3420.89 810.63 3441.06 791.82 3539.80 735.98 3519.32
P1520 0.06 149.94 3515.64 122.24 3519.09 113.86 3451.91 141.56 3448.46
P1520 0.05 1448.83 2097.28 1420.10 2103.06 1409.74 2051.54 1438.47 2045.76
P1520 0.03 1965.84 2719.23 2041.25 2719.23 2041.25 2801.88 1965.84 2801.88
P1520 0.03 525.51 498.40 574.64 532.94 538.48 584.38 489.34 549.84
P1520 0.03 712.06 2341.32 625.55 2363.86 602.99 2277.29 689.50 2254.74
P2752 0.82 2601.91 639.46 2622.25 891.15 2110.24 932.53 2089.90 680.84
P2752 0.8 1943.24 1108.03 1805.95 1111.21 1800.68 883.59 1937.97 880.41
P2752 0.79 804.02 1014.95 801.52 1302.70 365.37 1298.91 367.87 1011.16
P1774 0.12 3559.96 1714.05 3885.46 2021.56 3660.88 2584.64 3333.04 2273.14
P1774 0.09 4653.16 2151.70 5008.48 2234.34 4878.93 2791.39 4523.61 2708.75
P1774 0.03 3805.67 1677.10 4320.00 1818.55 3942.04 2026.59 3425.13 1883.39
P1236 0.83 3932.26 1215.66 3866.36 1241.37 3819.46 1121.15 3885.36 1095.44
P1236 0.11 1194.54 965.76 1149.06 978.34 1117.99 866.04 1163.46 853.46
P2434 0.79 775.32 1662.85 949.37 1715.34 912.59 1801.98 738.51 1747.70
P2434 0.04 1114.98 1758.55 1091.07 1829.43 997.94 1798.01 1021.86 1727.13
P2434 0.03 196.28 1498.65 246.09 1524.49 220.47 1587.97 170.69 1561.37
P1442 0.86 470.28 2211.33 814.24 2215.12 806.44 2922.08 462.48 2918.29
P1442 0.86 192.84 115.97 520.06 119.62 513.16 738.60 185.93 734.95
P1442 0.78 216.95 1461.06 95.50 1463.56 89.70 1181.36 211.15 1178.86
P1442 0.15 568.81 438.30 1024.00 438.30 1024.00 772.04 568.81 772.04
P1442 0.03 430.32 764.34 490.53 764.34 490.53 885.85 430.32 885.85
P1442 0.03 1031.77 472.11 1178.53 472.49 1177.88 724.59 1031.12 724.21
P1252 0.71 3221.96 1399.97 3203.40 1446.38 3093.16 1402.29 3111.72 1355.88
P2574 0.04 502.49 1012.71 778.66 1288.12 268.39 1474.00 0.00 1211.85
P2574 0.04 599.35 450.00 1024.00 759.71 618.91 1036.23 195.40 727.30
P2353 0.06 522.98 1559.93 541.74 1629.44 510.03 1640.86 491.49 1571.60
P2353 0.03 1026.66 997.77 734.33 1050.02 667.64 676.88 959.97 624.63
P2586 0.75 974.01 135.75 1388.67 179.25 1302.15 1004.20 887.48 960.71
P2586 0.08 42.97 1806.56 464.45 1806.56 464.45 2365.98 42.97 2365.98
P2586 0.06 1299.94 1645.03 1413.69 1949.15 888.97 2145.40 775.23 1841.28
P2586 0.04 349.87 112.71 967.92 112.71 967.92 573.55 349.87 573.55
P2586 0.04 653.03 545.83 919.26 545.83 919.26 866.54 653.03 866.54
P2586 0.04 1927.69 698.47 2293.79 820.11 1995.79 1024.00 1633.13 906.72
P2586 0.03 1874.69 824.00 2245.08 997.32 2008.20 1281.83 1644.06 1108.57
P2586 0.03 866.17 892.49 1414.15 892.49 1414.15 1493.85 866.17 1493.85
P2586 0.03 2362.55 320.09 2261.89 647.21 1771.93 496.44 1872.60 169.32
P1642 0.86 2215.46 1922.77 2294.63 1940.56 2267.37 2061.81 2188.21 2044.01
P1642 0.8 671.75 3720.36 673.93 3785.46 547.18 3789.72 544.99 3724.62
P1642 0.53 2717.93 454.19 2755.76 489.39 2691.27 558.69 2653.44 523.49
P1642 0.17 2362.15 4496.93 2370.31 4544.59 2283.67 4559.42 2275.51 4511.76
P1642 0.14 3355.91 4516.98 3431.56 4619.87 3359.51 4670.75 3283.82 4566.38
P1642 0.12 178.80 2634.72 213.32 2672.38 179.06 2696.06 144.51 2658.63
P1642 0.11 2367.15 4496.23 2375.02 4550.65 2275.41 4559.10 2267.82 4505.74
P1642 0.06 2839.82 2488.39 2918.42 2488.39 2918.42 2559.52 2839.82 2559.52
P1642 0.06 26.87 4044.75 111.83 4044.75 111.83 4175.65 26.87 4175.65
P1642 0.04 690.30 2765.62 731.72 2804.22 707.47 2829.03 665.73 2789.35
P1642 0.04 4000.66 3460.55 3980.30 3502.04 3903.71 3464.47 3924.07 3422.97
P1642 0.03 1573.99 2833.60 1540.66 2899.11 1431.52 2843.58 1464.85 2778.07
P1642 0.03 4244.55 3958.00 4288.35 4005.52 4231.07 4040.61 4187.76 3993.61
P0137 0.06 2770.49 3362.74 3041.86 3362.74 3041.86 3622.39 2770.49 3622.39
P0137 0.04 3258.22 3465.22 3476.46 3465.22 3476.46 3794.54 3258.22 3794.54
P0137 0.04 635.81 828.38 899.49 828.38 899.49 1125.68 635.81 1125.68
P0137 0.04 4196.96 4036.56 4271.94 4055.47 4240.23 4181.21 4165.25 4162.30
P0137 0.03 5093.73 1557.07 5144.00 1585.08 5118.25 1711.79 5067.35 1683.51
P0137 0.03 2954.76 3587.69 3290.14 3918.96 3061.33 4308.00 2729.37 3988.39
P0137 0.03 3048.59 3465.78 3304.97 3465.78 3304.97 3690.03 3048.59 3690.03
P1402 0.64 2021.11 989.75 1947.56 989.96 1947.11 833.59 2020.66 833.38
P1402 0.06 565.26 3698.85 643.86 3771.23 599.64 3816.54 521.33 3743.56
P1402 0.03 632.75 3771.47 602.11 3809.17 524.97 3746.46 555.62 3708.76
P1734 0.87 1619.33 1536.04 1644.59 1622.70 1495.63 1666.13 1470.37 1579.47
P1734 0.86 509.96 2872.10 440.74 2880.82 415.37 2679.52 484.59 2670.79
P1734 0.82 1048.34 4497.14 1104.35 4516.55 1066.99 4653.26 1010.79 4633.30
P1734 0.76 3152.93 3744.47 3184.87 3901.42 3120.86 3921.82 3089.48 3765.90
P1734 0.47 2087.24 3201.16 2121.90 3284.57 1991.55 3314.55 1957.50 3233.11
P1734 0.26 106.70 4413.18 197.54 4525.76 126.80 4571.50 35.82 4459.16
P1734 0.13 82.49 1297.96 107.02 1470.36 23.58 1505.25 0.00 1335.94
P1734 0.08 3873.78 4152.12 3940.24 4170.94 3919.33 4240.71 3852.51 4221.33
P1734 0.06 1639.25 2488.37 1668.54 2574.39 1573.90 2593.57 1544.66 2508.65
P1734 0.04 1069.12 864.13 1182.56 893.87 1160.27 989.87 1047.01 959.44
P1734 0.03 3980.13 4018.96 4000.00 4060.49 3979.38 4099.57 3959.29 4058.26
P0669 0.05 374.61 86.36 786.93 297.71 458.15 588.90 49.17 380.03
P0669 0.05 1400.03 761.18 1723.02 1085.06 1444.09 1407.69 1126.10 1090.59
P1605 0.53 205.55 3111.60 138.54 3129.64 108.39 3017.71 175.41 2999.66
P1605 0.44 246.26 3312.19 184.06 3327.76 151.42 3197.32 213.62 3181.76
P1605 0.19 2020.15 1042.30 2010.39 1097.01 1893.13 1076.11 1902.88 1021.39
P1605 0.1 824.36 2870.03 836.51 2978.71 697.73 2994.23 685.58 2885.55
P1605 0.04 3238.68 2596.25 3317.18 2596.25 3317.18 2672.00 3238.68 2672.00
P1605 0.03 84.63 3376.24 102.12 3471.88 16.61 3496.00 0.00 3403.49
P1605 0.03 3372.09 3170.76 3349.14 3192.29 3320.68 3161.94 3343.63 3140.42
P0640 0.1 503.92 1110.72 -26.58 1275.62 -204.78 702.32 325.72 537.42
P2715 0.9 1529.39 211.02 1488.22 224.34 1464.16 149.96 1505.33 136.64
P2715 0.86 3773.79 1157.83 3731.77 1157.85 3731.74 1083.44 3773.76 1083.42
P2715 0.86 935.89 151.45 959.41 155.40 950.42 208.84 926.91 204.89
P2715 0.85 3190.61 1032.54 3168.22 1033.01 3167.40 993.76 3189.79 993.30
P2715 0.84 2739.68 43.17 2758.23 57.14 2732.37 91.47 2713.82 77.51
P2715 0.83 777.28 2053.44 792.41 2075.59 749.56 2104.86 734.43 2082.71
P2715 0.82 1399.58 205.81 1411.48 247.48 1390.80 253.35 1379.07 212.03
P2715 0.74 1026.80 501.90 1041.97 508.59 1025.66 545.60 1010.48 538.91
P2715 0.71 3036.66 198.54 3078.27 198.54 3078.27 268.72 3036.66 268.72
P2715 0.68 1410.29 244.24 1390.07 249.87 1380.76 216.48 1400.98 210.84
P2715 0.5 3189.06 243.11 3211.40 243.11 3211.40 284.19 3189.06 284.19
P2715 0.44 3861.13 38.53 3854.70 69.63 3820.82 62.62 3827.25 31.52
P2715 0.25 832.90 656.69 818.49 661.55 809.44 634.70 823.85 629.84
P2715 0.24 785.13 736.35 794.83 757.13 765.12 770.99 755.42 750.22
P2715 0.19 3151.52 996.96 3169.84 996.96 3169.84 1030.74 3151.52 1030.74
P2715 0.16 3406.35 31.67 3432.98 37.53 3425.19 72.92 3398.56 67.06
P2715 0.09 1956.22 1345.01 1979.85 1356.41 1960.83 1395.83 1937.20 1384.43
P2715 0.06 326.67 515.37 357.46 515.37 357.46 579.39 326.67 579.39
P2715 0.05 3118.85 195.26 3118.77 211.85 3087.48 211.69 3087.57 195.10
P2715 0.04 390.07 1498.69 408.28 1498.70 408.26 1524.85 390.06 1524.84
P2715 0.04 3285.95 1194.45 3269.22 1195.21 3268.24 1173.43 3284.97 1172.68
P2715 0.04 2900.73 189.99 2917.99 202.75 2891.06 239.19 2873.79 226.43
P2715 0.04 2175.67 1718.26 2176.57 1736.16 2143.84 1737.80 2142.94 1719.90
P2715 0.03 1501.67 1594.38 1512.85 1594.38 1512.85 1615.98 1501.67 1615.98
P2715 0.03 1504.07 476.97 1505.17 493.00 1487.05 494.26 1485.95 478.22
P2715 0.03 1277.48 1371.48 1277.36 1386.31 1262.14 1386.18 1262.26 1371.36
P2715 0.02 3151.76 341.06 3168.16 350.92 3141.31 355.45 3125.51 346.09
P1657 0.86 3818.91 3681.22 3716.41 3734.66 3596.55 3504.73 3699.05 3451.30
P1657 0.07 3128.77 4071.34 3182.58 4273.92 3067.63 4309.08 3014.58 4107.70
P1657 0.04 2774.56 2684.69 2796.56 2721.71 2665.59 2799.54 2643.59 2762.51
P2341 0.66 683.28 314.00 643.43 372.87 523.49 291.68 563.34 232.80
P2341 0.04 1738.57 143.72 1756.16 188.37 1731.79 199.07 1714.54 154.63
P2341 0.04 1465.54 1458.41 1496.85 1458.41 1496.85 1521.70 1465.54 1521.70
P2649 0.24 0.00 304.18 887.76 304.18 887.76 1024.00 0.00 1024.00
P2649 0.04 907.12 944.23 1169.51 944.23 1169.51 1229.06 907.12 1229.06
P1671 0.66 2851.58 793.23 2916.22 853.52 2767.25 1013.26 2702.61 952.97
P1671 0.35 1455.49 3679.84 1490.41 3691.02 1469.57 3761.39 1434.45 3749.54
P1671 0.07 653.37 526.22 917.64 526.22 917.64 579.57 653.37 579.57
P1671 0.05 2109.21 1491.16 2056.04 1537.75 1963.20 1431.80 2016.36 1385.21
P1567 0.25 3885.63 1166.46 3971.11 1237.41 3837.73 1398.10 3752.25 1327.15
P1567 0.17 1703.47 2676.23 1678.07 2682.97 1659.86 2614.35 1685.26 2607.61
P1567 0.06 688.95 1240.84 731.00 1408.87 615.88 1431.75 574.77 1266.40
P1567 0.05 2724.53 1231.77 2595.13 1260.58 2561.80 1110.90 2691.20 1082.09
P1567 0.03 155.02 2883.98 302.43 2970.94 248.92 3035.07 101.36 2946.56
P1567 0.03 1393.96 3881.17 1365.12 3941.25 1268.88 3895.05 1297.72 3834.98
P1567 0.03 2721.56 2100.26 2738.63 2161.49 2641.61 2188.54 2624.54 2127.31
P2338 0.86 551.35 2354.62 648.33 2362.57 636.65 2504.88 539.67 2496.92
P2338 0.85 3070.27 2544.94 2995.68 2588.62 2916.26 2453.01 2990.86 2409.32
P2338 0.82 3887.81 2715.71 3952.13 2867.40 3720.24 2965.73 3655.92 2814.05
P2338 0.8 176.62 2822.26 252.11 2889.82 163.21 2989.15 87.72 2921.59
P2338 0.06 893.10 651.30 926.38 651.30 926.38 713.22 893.10 713.22
P2338 0.04 867.10 653.03 896.75 653.03 896.75 707.99 867.10 707.99
P2338 0.03 1791.77 1552.83 1779.41 1553.40 1778.64 1537.04 1791.00 1536.46
P2338 0.03 3712.55 2194.76 3728.67 2251.06 3694.80 2262.04 3678.71 2205.71
