P0165 0.17 2928.39 2498.43 2941.41 2494.96 2945.08 2508.75 2932.06 2512.22
P0165 0.11 1055.12 1068.80 1087.68 1068.64 1087.85 1103.04 1055.29 1103.20
P0165 0.02 2618.23 726.55 2659.71 732.48 2654.01 772.29 2612.54 766.36
P0165 0.01 2258.65 2115.39 2258.29 2133.28 2238.18 2132.87 2238.54 2114.99
P0165 0.01 1129.94 1953.73 1104.61 1982.37 1069.73 1951.52 1095.06 1922.88
P0165 0.01 3354.34 1586.18 3315.99 1587.39 3314.68 1545.93 3353.03 1544.72
P0165 0.01 2247.62 3201.68 2256.96 3224.67 2228.80 3236.12 2219.46 3213.12
P0165 0.01 2812.38 1305.78 2806.20 1372.57 2734.63 1365.95 2740.81 1299.16
P0165 0.01 2960.46 1805.49 2997.28 1841.90 2958.13 1881.48 2921.31 1845.07
P0165 0.01 2919.50 1173.71 2965.68 1180.10 2959.25 1226.54 2913.08 1220.16
P0165 0.01 2905.56 1891.85 2938.53 1912.89 2916.00 1948.19 2883.03 1927.16
P0165 0.01 2870.77 2420.30 2862.97 2421.73 2861.22 2412.17 2869.02 2410.74
P0165 0.01 2255.72 1620.94 2286.87 1625.37 2281.56 1662.75 2250.40 1658.32
P0165 0.01 3217.50 2408.91 3247.50 2413.17 3242.58 2447.82 3212.58 2443.55
P0927 0.01 1456.35 970.04 1455.20 996.25 1404.58 994.04 1405.72 967.83
P2212 0.01 1691.92 612.70 1691.43 632.33 1670.65 631.81 1671.14 612.18
P2212 0.01 1024.74 607.76 1030.10 625.25 1005.84 632.67 1000.48 615.19
P1379 0.01 2800.65 3388.51 2796.09 3418.08 2755.16 3411.77 2759.72 3382.20
P1379 0.01 252.72 2313.36 298.51 2335.36 274.41 2385.53 228.62 2363.53
P1379 0.01 1752.51 3713.73 1840.25 3825.48 1705.09 3931.59 1617.35 3819.84
P1379 0.01 256.57 2340.90 290.74 2334.48 295.06 2357.43 260.89 2363.86
P1723 0.01 1224.85 3940.78 1351.58 3909.66 1379.79 4024.54 1253.06 4055.67
P1372 0.01 3193.21 738.14 3215.33 747.82 3206.98 766.89 3184.86 757.20
P1372 0.01 2971.53 3517.65 2979.27 3555.11 2928.41 3565.61 2920.67 3528.15
P1372 0.0 2699.31 3298.92 2725.58 3277.06 2747.54 3303.44 2721.27 3325.30
P1448 0.17 4101.60 245.66 4145.04 222.31 4170.20 269.13 4126.76 292.48
P1461 0.03 3985.72 1963.59 3884.25 2014.42 3819.53 1885.25 3921.00 1834.42
P1503 0.04 1103.63 1612.71 1061.11 1631.69 1040.44 1585.36 1082.96 1566.39
P1503 0.01 313.33 2112.45 274.81 2135.18 230.92 2060.80 269.44 2038.07
P1503 0.01 456.63 458.20 466.32 486.59 427.57 499.82 417.88 471.43
P2441 0.01 872.60 1394.46 878.31 1408.30 864.24 1414.11 858.53 1400.26
P1677 0.01 1126.81 3130.78 1146.52 3190.27 1078.49 3212.81 1058.78 3153.32
P0197 0.01 113.17 202.01 166.10 187.12 181.34 241.31 128.42 256.20
P2208 0.23 1122.76 2367.63 1158.83 2382.74 1148.96 2406.29 1112.89 2391.18
P2208 0.17 4078.33 1137.19 4118.99 1154.20 4098.66 1202.77 4058.01 1185.76
P2208 0.11 3948.28 616.34 3968.47 618.84 3965.54 642.42 3945.35 639.91
P2208 0.08 3161.56 1288.36 3213.61 1252.47 3249.39 1304.35 3197.33 1340.25
P2208 0.08 3536.34 739.43 3561.08 739.68 3560.74 772.72 3536.01 772.47
P2208 0.04 3574.99 2471.28 3637.98 2485.09 3622.11 2557.46 3559.13 2543.65
P2208 0.04 4285.84 336.08 4312.46 323.84 4326.74 354.89 4300.12 367.13
P2208 0.04 2774.11 243.38 2791.32 230.72 2803.74 247.59 2786.53 260.26
P2208 0.04 4460.20 1501.56 4490.75 1525.27 4466.75 1556.19 4436.20 1532.48
P2208 0.03 2317.21 502.28 2291.29 502.33 2291.23 474.68 2317.16 474.63
P2208 0.03 4755.49 1267.25 4758.63 1296.43 4723.33 1300.23 4720.19 1271.04
P2208 0.03 4502.08 1538.75 4507.47 1579.00 4461.81 1585.12 4456.42 1544.88
P2208 0.02 2751.00 2650.68 2850.18 2630.47 2869.14 2723.50 2769.95 2743.71
P2208 0.02 2384.15 526.48 2404.61 513.78 2420.11 538.73 2399.65 551.43
P2208 0.02 3430.38 1634.69 3372.15 1677.78 3316.41 1602.46 3374.65 1559.37
P2208 0.02 4335.81 675.14 4361.71 674.46 4361.99 685.17 4336.09 685.85
P2208 0.01 3396.50 471.14 3423.48 500.82 3392.22 529.25 3365.23 499.57
P2208 0.01 4223.74 252.96 4222.12 275.81 4196.20 273.98 4197.82 251.13
P2208 0.01 3891.28 2683.20 3955.79 2674.23 3963.15 2727.17 3898.64 2736.15
P2208 0.01 3560.11 2489.23 3595.71 2508.97 3577.99 2540.92 3542.40 2521.17
P2208 0.01 4348.72 251.90 4373.57 249.73 4375.86 275.99 4351.01 278.15
P2208 0.01 1957.15 2540.95 1974.01 2557.32 1956.43 2575.42 1939.57 2559.05
P2208 0.01 3649.21 2528.17 3691.98 2561.30 3635.80 2633.82 3593.02 2600.68
P2208 0.01 4175.28 2692.60 4145.95 2745.67 4080.05 2709.25 4109.39 2656.18
P2208 0.01 2102.16 541.91 2121.22 554.06 2106.72 576.79 2087.66 564.64
P2208 0.01 2128.18 2592.99 2141.35 2606.71 2126.33 2621.13 2113.15 2607.41
P2208 0.01 1150.71 2401.88 1134.24 2401.89 1134.22 2381.29 1150.69 2381.28
P2208 0.01 2109.01 577.57 2147.07 582.04 2142.08 624.49 2104.02 620.02
P2208 0.01 3378.34 2114.04 3352.40 2168.67 3280.63 2134.60 3306.56 2079.97
P2208 0.01 3429.12 2088.39 3368.25 2124.25 3325.97 2052.50 3386.83 2016.64
P2208 0.01 4867.28 1629.34 4883.57 1654.67 4855.95 1672.43 4839.66 1647.09
P2208 0.01 4221.42 342.02 4221.61 363.40 4197.09 363.62 4196.91 342.24
P2208 0.01 2422.70 520.85 2450.66 527.44 2441.28 567.24 2413.32 560.64
P2208 0.01 4533.98 1774.73 4530.31 1832.34 4446.40 1827.00 4450.07 1769.39
P2208 0.01 4915.98 1689.46 4945.00 1753.23 4872.28 1786.32 4843.26 1722.55
P2208 0.01 2419.92 2196.78 2411.76 2197.59 2408.98 2169.75 2417.14 2168.94
P2208 0.01 4383.04 307.65 4364.65 308.09 4364.15 286.94 4382.54 286.50
P2208 0.01 1724.65 2536.60 1724.00 2556.44 1700.94 2555.68 1701.59 2535.84
P2208 0.01 1031.15 2483.14 1013.97 2484.18 1012.80 2464.89 1029.98 2463.85
P2208 0.01 3217.62 2696.37 3273.06 2698.30 3270.30 2777.98 3214.85 2776.05
P2208 0.01 3145.84 2697.67 3193.77 2698.63 3192.28 2772.30 3144.36 2771.33
P2208 0.01 2749.56 318.45 2749.13 370.42 2690.84 369.93 2691.28 317.96
P2208 0.01 2216.13 2345.78 2192.87 2355.73 2182.90 2332.41 2206.16 2322.47
P2208 0.01 4352.85 262.94 4332.41 267.80 4327.52 247.26 4347.96 242.39
P2208 0.01 3340.56 2018.79 3385.85 2036.71 3375.84 2062.02 3330.55 2044.10
P2208 0.01 4198.49 368.63 4225.07 370.99 4222.65 398.31 4196.07 395.95
P2208 0.01 4232.27 246.17 4203.70 257.74 4191.66 228.01 4220.23 216.44
P2208 0.01 4222.94 327.20 4206.01 335.94 4195.57 315.71 4212.49 306.97
P2208 0.01 4742.11 1526.86 4741.60 1538.84 4721.64 1538.00 4722.14 1526.02
P2208 0.01 3242.11 442.50 3266.86 448.03 3261.31 472.89 3236.56 467.37
P2208 0.01 4607.45 2605.43 4688.44 2599.46 4693.74 2671.30 4612.75 2677.27
P2208 0.01 3014.07 1914.89 3030.10 1948.57 2994.10 1965.70 2978.07 1932.03
P2208 0.01 4362.69 313.70 4384.85 314.88 4383.58 338.75 4361.41 337.57
P2208 0.01 4528.61 1610.27 4511.49 1668.66 4438.71 1647.32 4455.82 1588.93
P0017 0.01 700.65 404.41 714.64 424.25 669.47 456.10 655.48 436.26
P2679 0.01 2709.55 1642.70 2719.67 1647.82 2712.73 1661.52 2702.62 1656.39
P2679 0.01 1002.23 2083.54 1021.07 2091.11 1008.51 2122.36 989.68 2114.79
P2679 0.01 1043.23 2786.24 1060.55 2787.17 1059.62 2804.58 1042.30 2803.65
P0784 0.02 2748.35 1598.47 2705.77 1598.81 2705.42 1554.48 2748.00 1554.14
P0784 0.01 1819.41 1313.42 1833.80 1331.15 1803.09 1356.07 1788.70 1338.35
P0784 0.01 486.83 1412.24 470.84 1416.46 464.75 1393.36 480.73 1389.15
P0842 0.01 37.51 41.50 56.46 44.32 49.70 89.70 30.75 86.88
P0842 0.01 2350.10 743.09 2385.96 751.49 2370.38 817.98 2334.53 809.58
P1320 0.01 2526.46 3511.84 2529.62 3535.29 2504.42 3538.68 2501.27 3515.23
P2602 0.01 3182.46 2021.04 3228.45 2022.08 3227.24 2076.09 3181.25 2075.05
P1135 0.01 988.64 705.53 1131.24 838.28 995.79 983.78 853.19 851.03
P1578 0.01 3673.83 445.00 3654.56 449.09 3649.69 426.12 3668.96 422.04
P1423 0.01 1984.30 2510.33 2159.88 2601.51 1976.92 2953.84 1801.34 2862.66
P1381 0.01 2777.50 4007.12 2794.22 4012.44 2787.98 4032.04 2771.27 4026.72
P1381 0.01 2787.76 3476.66 2834.11 3536.97 2767.40 3588.25 2721.04 3527.93
P1381 0.01 1587.71 1729.94 1645.91 1806.37 1550.21 1879.24 1492.01 1802.81
P2559 0.02 1514.26 2024.18 1497.07 2032.29 1485.79 2008.36 1502.98 2000.25
P1694 0.01 1727.81 1625.66 1723.53 1661.34 1687.25 1656.98 1691.54 1621.30
P1176 0.84 1011.78 2061.82 1047.87 2050.83 1058.32 2085.15 1022.24 2096.14
P1176 0.81 924.73 2073.97 962.52 2060.43 976.24 2098.72 938.45 2112.26
P1176 0.81 3536.13 1675.58 3564.21 1672.18 3568.55 1708.07 3540.47 1711.47
P1176 0.8 3366.44 1701.98 3393.30 1698.23 3397.93 1731.33 3371.07 1735.08
P1176 0.78 3567.66 1673.31 3597.22 1666.91 3604.30 1699.61 3574.73 1706.01
P1176 0.78 3398.64 1694.60 3425.48 1691.28 3429.85 1726.62 3403.01 1729.94
P1176 0.78 3331.58 1706.35 3361.99 1704.30 3364.23 1737.64 3333.81 1739.68
P1176 0.78 3497.45 1683.65 3523.33 1678.82 3529.35 1711.08 3503.46 1715.91
P1176 0.78 3461.67 1687.32 3487.52 1684.96 3490.66 1719.33 3464.80 1721.68
P1176 0.78 3604.17 1668.98 3633.49 1665.68 3637.00 1696.92 3607.68 1700.22
P1176 0.65 3739.89 1775.87 3769.84 1769.11 3777.30 1802.16 3747.35 1808.92
P1176 0.65 3702.79 1781.93 3730.98 1777.81 3736.13 1813.07 3707.95 1817.19
P1176 0.17 1409.32 1970.01 1467.99 1964.89 1472.74 2019.35 1414.07 2024.46
P1176 0.04 516.70 2025.79 543.21 2023.48 545.70 2051.93 519.18 2054.24
P1176 0.04 4377.53 1560.40 4415.41 1555.26 4421.61 1600.93 4383.74 1606.07
P1176 0.03 1466.38 2166.05 1438.81 2170.65 1433.00 2135.81 1460.56 2131.21
P1176 0.03 1813.47 1966.34 1755.35 1978.07 1742.94 1916.56 1801.05 1904.83
P1176 0.03 1725.19 1921.03 1729.95 1977.17 1668.50 1982.37 1663.75 1926.23
P1176 0.02 4454.10 1552.03 4494.47 1543.29 4504.54 1589.74 4464.17 1598.49
P1176 0.02 4250.99 1702.01 4281.70 1697.17 4288.16 1738.14 4257.45 1742.99
P1176 0.02 1346.31 1979.11 1385.73 1974.95 1391.55 2030.10 1352.13 2034.25
P1176 0.02 1891.58 1894.85 1897.39 1955.06 1835.17 1961.06 1829.36 1900.85
P1176 0.02 4216.91 1600.59 4237.37 1599.05 4239.42 1626.41 4218.97 1627.95
P1176 0.02 3862.37 1643.59 3891.90 1640.07 3896.20 1676.17 3866.67 1679.68
P1176 0.01 4296.07 1582.06 4316.23 1578.35 4322.13 1610.38 4301.97 1614.10
P1176 0.01 1497.48 2167.41 1470.78 2170.33 1465.82 2124.99 1492.52 2122.07
P1176 0.01 4743.04 1720.33 4717.07 1725.56 4709.33 1687.20 4735.30 1681.96
P1176 0.01 4626.82 1562.36 4590.62 1570.74 4580.66 1527.72 4616.86 1519.34
P1176 0.01 1567.27 2094.55 1592.82 2091.11 1597.34 2124.62 1571.80 2128.06
P1176 0.01 4577.40 1575.64 4536.88 1582.94 4528.94 1538.87 4569.47 1531.57
P1176 0.01 4211.39 1635.62 4186.63 1639.46 4181.15 1604.12 4205.92 1600.28
P1176 0.01 4002.76 1848.99 3985.18 1883.58 3947.36 1864.36 3964.94 1829.77
P1176 0.01 1567.82 2141.15 1541.58 2147.84 1533.03 2114.29 1559.28 2107.60
P1176 0.01 4183.66 1633.15 4156.52 1636.21 4152.77 1602.97 4179.91 1599.91
P1176 0.01 3857.89 1671.39 3832.19 1675.69 3826.26 1640.25 3851.96 1635.95
P2140 0.01 130.74 991.65 123.74 1006.93 85.58 989.45 92.58 974.17
P2140 0.01 147.96 955.14 141.69 971.02 106.09 956.98 112.36 941.09
P0034 0.08 706.16 1688.93 732.26 1673.44 769.37 1735.99 743.26 1751.47
P0034 0.05 2021.57 935.71 2042.17 925.62 2075.00 992.66 2054.40 1002.75
P0034 0.04 3044.45 335.17 3082.09 315.66 3111.29 371.98 3073.65 391.49
P0034 0.02 1869.98 1014.28 1888.91 1003.69 1912.30 1045.49 1893.38 1056.09
P0034 0.02 1293.63 1347.93 1318.85 1333.19 1358.26 1400.61 1333.04 1415.35
P0034 0.02 2062.48 347.45 2116.16 317.19 2154.20 384.69 2100.52 414.95
P0034 0.02 2575.62 671.06 2624.27 691.30 2600.18 749.21 2551.53 728.97
P2546 0.01 660.91 587.43 691.40 585.56 692.98 611.41 662.49 613.28
P0935 0.01 1575.90 359.42 1608.94 367.62 1598.57 409.38 1565.53 401.18
P0055 0.01 1416.23 997.50 1349.90 1020.28 1288.53 841.56 1354.86 818.79
P0055 0.01 1051.50 997.90 1000.52 1014.19 941.39 829.10 992.37 812.81
P2263 0.01 182.88 173.98 195.45 171.86 198.25 188.47 185.68 190.59
P1901 0.01 890.82 623.18 890.07 656.96 795.50 654.84 796.26 621.06
P1123 0.03 2926.48 273.09 2964.45 377.04 2852.80 417.82 2814.83 313.87
P1123 0.01 5944.37 327.76 6216.27 225.17 6295.64 435.52 6023.74 538.12
P1123 0.01 6753.10 136.33 6759.20 183.21 6607.33 202.96 6601.23 156.08
P1123 0.01 481.70 559.27 491.59 613.25 299.94 648.38 290.05 594.40
P1126 0.04 2082.00 1697.67 2199.03 1666.20 2222.61 1753.88 2105.58 1785.35
P1126 0.02 4567.93 1525.88 4903.57 1426.19 4972.37 1657.83 4636.74 1757.52
P1126 0.02 4120.07 985.79 4185.67 971.24 4189.96 990.58 4124.36 1005.13
P1126 0.01 4091.94 974.28 4146.75 957.47 4154.13 981.55 4099.32 998.36
P1126 0.01 2361.15 2013.83 2660.17 1736.12 2850.24 1940.78 2551.22 2218.49
P2487 0.01 420.29 1872.41 429.27 1890.40 392.70 1908.64 383.73 1890.65
P1153 0.08 1645.86 2465.21 1827.45 2322.67 1985.97 2524.61 1804.38 2667.16
P1153 0.02 935.02 3055.31 1029.26 2997.88 1108.27 3127.55 1014.02 3184.97
P1153 0.01 272.28 3674.95 166.98 3738.16 90.81 3611.29 196.10 3548.07
P1153 0.01 1863.91 838.32 2023.63 981.38 1796.74 1234.69 1637.02 1091.62
P1153 0.01 637.64 3650.84 537.96 3727.91 451.91 3616.62 551.59 3539.55
P1153 0.01 1671.38 2784.64 1540.55 2882.00 1418.84 2718.45 1549.67 2621.09
P1153 0.01 1097.21 3235.31 971.80 3392.52 811.60 3264.72 937.01 3107.51
P1153 0.01 838.63 218.71 899.59 309.27 798.19 377.53 737.23 286.97
P1153 0.0 2220.71 1348.06 2384.89 1422.88 2298.77 1611.84 2134.59 1537.02
P0982 0.01 1175.34 1016.59 1180.93 1029.58 1166.30 1035.87 1160.71 1022.88
P1048 0.01 1612.81 3104.72 1626.28 3109.04 1621.12 3125.12 1607.66 3120.80
P1048 0.01 12.79 844.86 29.82 857.26 12.40 881.19 -4.62 868.80
P0051 0.01 2740.03 2147.36 2717.35 2153.05 2707.51 2113.86 2730.19 2108.17
P0051 0.01 2352.49 4586.10 2328.63 4591.80 2320.88 4559.42 2344.75 4553.71
P1496 0.01 2002.17 657.38 2037.45 676.32 2012.24 723.28 1976.95 704.33
P1496 0.01 1420.37 1941.08 1435.54 1961.57 1410.47 1980.13 1395.30 1959.64
P2596 0.01 438.54 524.70 458.60 634.56 275.01 668.09 254.94 558.24
P1378 0.27 3718.36 3034.95 3739.94 3046.86 3723.05 3077.45 3701.47 3065.54
P1378 0.01 1847.59 1953.40 1831.75 1973.71 1808.44 1955.54 1824.28 1935.22
P1378 0.01 1820.11 1220.17 1814.18 1249.78 1782.88 1243.51 1788.81 1213.90
P1378 0.01 721.70 2395.25 700.97 2399.08 696.96 2377.44 717.70 2373.60
P1378 0.01 1801.84 1199.32 1816.79 1204.28 1809.72 1225.59 1794.77 1220.63
P1129 0.87 3121.70 5786.48 3211.65 5800.75 3195.45 5902.92 3105.50 5888.66
P1129 0.85 531.45 1865.89 588.31 1882.24 571.57 1940.45 514.71 1924.10
P1129 0.83 592.48 1875.56 649.25 1884.04 639.53 1949.10 582.76 1940.62
P1129 0.81 728.72 1694.76 787.88 1702.92 778.80 1768.80 719.64 1760.64
P1129 0.81 3428.83 4656.03 3519.10 4665.31 3510.24 4751.58 3419.97 4742.30
P1129 0.81 3398.75 4861.50 3487.26 4878.02 3471.14 4964.39 3382.64 4947.88
P1129 0.81 298.62 1449.69 358.78 1457.73 349.85 1524.55 289.69 1516.51
P1129 0.78 263.46 1766.39 321.29 1783.59 302.44 1846.95 244.61 1829.75
P1129 0.78 3355.84 5059.26 3451.99 5091.82 3421.17 5182.84 3325.02 5150.27
P1129 0.77 411.17 1753.69 470.54 1757.39 466.29 1825.50 406.92 1821.80
P1129 0.69 3127.17 4443.90 3203.94 4477.24 3168.24 4559.46 3091.46 4526.12
P1129 0.56 429.56 1677.44 498.12 1693.84 482.99 1757.08 414.43 1740.68
P1129 0.03 1158.92 5550.81 1198.22 5560.13 1183.65 5621.57 1144.35 5612.25
P1129 0.01 1302.62 3708.20 1378.22 3722.08 1360.89 3816.49 1285.28 3802.61
P1129 0.01 3135.46 4156.88 3195.22 4188.13 3162.82 4250.08 3103.06 4218.83
P1129 0.01 1122.16 5101.63 1117.94 5124.50 1081.15 5117.72 1085.37 5094.85
P1129 0.01 783.20 1674.47 777.49 1705.73 737.96 1698.52 743.67 1667.25
P1112 0.01 880.42 496.06 946.01 574.28 832.95 669.08 767.36 590.86
P1112 0.01 2547.51 1267.58 2537.29 1308.42 2433.67 1282.49 2443.89 1241.65
P1112 0.01 4296.76 1798.84 4297.35 1874.65 4174.12 1875.61 4173.53 1799.80
P1112 0.01 721.47 1564.46 725.77 1644.52 558.48 1653.51 554.18 1573.46
P1112 0.01 2583.33 2671.56 2723.29 2775.19 2689.79 2820.44 2549.83 2716.81
P1112 0.01 1379.85 3456.20 1362.46 3498.70 1248.90 3452.25 1266.28 3409.75
P1415 0.02 1206.70 3599.68 1227.14 3624.06 1197.69 3648.75 1177.25 3624.37
P1415 0.02 4409.65 3423.74 4514.03 3479.47 4454.88 3590.27 4350.50 3534.55
P1655 0.05 3738.63 3087.11 3765.89 3080.63 3771.27 3103.24 3744.00 3109.72
P1655 0.02 3659.42 3104.03 3686.66 3100.84 3689.68 3126.66 3662.44 3129.84
P1175 0.31 2195.49 2682.23 2219.67 2679.86 2221.94 2703.05 2197.76 2705.41
P1175 0.02 1772.43 3326.99 1792.33 3336.23 1775.58 3372.30 1755.69 3363.06
P1175 0.01 1719.94 3282.30 1745.42 3288.46 1733.02 3339.80 1707.54 3333.64
P1175 0.01 1861.39 2859.95 1850.06 2877.20 1829.33 2863.58 1840.66 2846.33
P1175 0.01 2305.46 2318.32 2362.02 2344.79 2329.15 2415.02 2272.59 2388.55
P1175 0.01 1850.92 2826.42 1872.11 2839.41 1862.39 2855.28 1841.20 2842.29
P1494 0.01 2106.15 1842.88 2078.09 1858.71 2026.34 1766.99 2054.40 1751.16
P2760 0.01 1369.90 1591.81 1349.95 1606.30 1331.88 1581.43 1351.83 1566.94
P2667 0.01 195.40 1944.04 174.75 1944.49 174.11 1914.74 194.75 1914.29
P1488 0.01 19.56 2297.90 20.07 2313.75 -2.50 2314.48 -3.01 2298.63
P1488 0.01 788.15 1112.30 825.88 1112.63 825.47 1159.70 787.74 1159.37
P0132 0.01 1567.40 907.39 1544.88 909.56 1541.57 875.18 1564.09 873.01
P1169 0.04 2615.18 2536.12 2626.45 2527.28 2636.01 2539.45 2624.74 2548.30
P1169 0.02 1802.32 743.87 1836.88 755.45 1825.27 790.09 1790.71 778.51
P1169 0.02 1697.76 682.46 1664.82 688.33 1658.91 655.17 1691.85 649.30
P1169 0.01 1754.29 623.71 1781.09 635.71 1766.52 668.25 1739.72 656.25
P1169 0.01 2173.77 1238.85 2149.37 1256.30 2125.99 1223.61 2150.38 1206.16
P1169 0.01 1935.62 936.25 1933.53 959.58 1907.37 957.23 1909.47 933.90
P1169 0.01 1821.38 781.54 1825.98 810.27 1781.36 817.42 1776.75 788.69
P1169 0.01 1595.16 740.98 1572.80 763.79 1546.03 737.54 1568.39 714.74
P1169 0.01 1958.77 1041.51 1973.39 1055.23 1958.23 1071.39 1943.61 1057.67
P1169 0.01 2676.23 2580.43 2689.15 2595.27 2674.03 2608.43 2661.11 2593.60
P1169 0.01 2456.89 1493.01 2461.16 1505.68 2442.00 1512.13 2437.73 1499.46
P1169 0.01 2783.09 2606.30 2798.44 2620.87 2780.50 2639.78 2765.15 2625.22
P1169 0.01 2768.08 2677.09 2759.63 2685.52 2749.95 2675.81 2758.40 2667.38
P1169 0.01 2751.12 2658.01 2743.60 2666.29 2734.89 2658.38 2742.41 2650.10
P1169 0.01 1835.47 1174.09 1846.73 1185.65 1834.43 1197.63 1823.18 1186.08
P1169 0.01 2426.29 1414.75 2430.71 1426.73 2413.04 1433.25 2408.62 1421.27
P1169 0.01 1461.21 728.81 1449.55 739.99 1437.09 727.00 1448.75 715.82
P1169 0.01 2205.30 1224.36 2215.06 1239.25 2198.38 1250.18 2188.62 1235.28
P1169 0.01 1807.76 688.03 1778.02 697.71 1768.19 667.52 1797.92 657.83
P1169 0.01 2196.01 1088.52 2211.96 1109.01 2190.86 1125.44 2174.90 1104.95
P1169 0.01 2168.48 1074.96 2176.19 1096.62 2152.52 1105.04 2144.81 1083.39
P1169 0.01 2274.79 1362.09 2300.55 1353.59 2309.13 1379.59 2283.37 1388.09
P1169 0.01 2339.37 1370.28 2328.49 1373.95 2324.51 1362.16 2335.39 1358.49
P1169 0.01 2750.84 2662.16 2756.59 2668.95 2749.74 2674.75 2743.99 2667.96
P1396 0.81 2044.35 467.33 2083.58 487.08 2033.24 587.11 1994.01 567.36
P1396 0.81 2123.85 468.50 2163.07 471.00 2155.86 583.87 2116.65 581.37
P1396 0.81 2174.06 470.66 2214.82 474.09 2204.19 600.23 2163.44 596.80
P1396 0.8 2239.82 1218.83 2276.54 1220.98 2269.40 1342.71 2232.68 1340.56
P1396 0.78 586.99 2287.67 614.31 2291.00 602.98 2383.90 575.67 2380.57
P1396 0.78 2052.73 689.18 2095.14 691.42 2088.29 821.24 2045.88 819.00
P1396 0.78 2129.32 697.50 2176.42 699.16 2171.67 833.13 2124.57 831.46
P1396 0.77 551.10 2285.48 578.59 2289.96 563.89 2380.24 536.41 2375.77
P1396 0.77 628.05 2292.53 655.69 2296.69 642.09 2387.17 614.46 2383.02
P1396 0.77 2144.54 1176.67 2188.99 1174.31 2196.20 1309.85 2151.75 1312.22
P1396 0.77 2002.06 619.31 2044.36 616.16 2053.47 738.89 2011.18 742.03
P1396 0.76 2090.08 693.48 2133.72 694.70 2130.01 827.55 2086.38 826.33
P1396 0.76 2052.79 592.58 2171.99 603.26 2168.34 644.00 2049.14 633.31
P1396 0.75 2194.41 1198.84 2236.45 1199.24 2235.21 1328.17 2193.17 1327.77
P1396 0.72 2165.63 611.78 2209.17 613.32 2204.91 734.06 2161.37 732.52
P1396 0.66 765.34 2071.59 796.43 2073.03 792.16 2165.47 761.07 2164.03
P1396 0.62 665.89 2305.62 697.18 2311.90 678.22 2406.27 646.94 2399.98
P1396 0.57 713.89 2097.16 733.88 2096.22 736.18 2144.73 716.19 2145.68
P1396 0.45 2054.66 633.29 2167.10 634.17 2166.80 673.11 2054.36 672.23
P1396 0.26 1253.96 1206.94 1332.33 1215.73 1326.23 1270.12 1247.86 1261.33
P1396 0.22 881.23 2086.33 935.05 2082.42 941.51 2171.31 887.69 2175.22
P1396 0.17 764.34 2221.97 804.62 2216.56 811.90 2270.83 771.63 2276.24
P1396 0.04 1957.98 2845.51 1924.23 2845.52 1924.18 2702.68 1957.93 2702.67
P1396 0.04 1301.84 2427.65 1301.76 2456.43 1196.11 2456.12 1196.19 2427.34
P1396 0.04 2054.18 2847.09 2021.28 2847.64 2018.97 2710.71 2051.87 2710.16
P1396 0.04 1970.28 2706.54 2008.76 2708.06 2003.17 2850.52 1964.68 2849.01
P1396 0.04 1915.59 2847.49 1881.52 2848.45 1877.42 2702.46 1911.49 2701.50
P1396 0.04 1069.46 2613.15 1066.38 2652.78 857.65 2636.52 860.74 2596.89
P1396 0.03 1185.45 2424.78 1184.59 2452.75 1085.47 2449.69 1086.33 2421.72
P1396 0.03 1782.56 2782.31 1754.78 2784.87 1749.48 2727.24 1777.26 2724.69
P1396 0.03 1756.39 2779.71 1728.02 2788.10 1708.51 2722.19 1736.88 2713.79
P1396 0.03 904.53 2503.27 903.13 2568.87 502.81 2560.33 504.21 2494.73
P1396 0.03 1066.75 2574.25 1062.32 2620.22 859.32 2600.64 863.76 2554.67
P1396 0.03 1304.29 2403.15 1303.32 2428.06 1213.43 2424.55 1214.40 2399.64
P1396 0.03 1189.32 2398.94 1188.70 2427.72 1089.87 2425.62 1090.48 2396.84
P1396 0.03 2128.03 2445.33 2161.07 2448.07 2154.94 2521.83 2121.91 2519.09
P1396 0.02 1140.64 1661.10 1196.63 1663.89 1195.41 1688.50 1139.42 1685.71
P1396 0.02 1188.82 2371.49 1187.46 2400.63 1086.50 2395.93 1087.86 2366.79
P1396 0.02 820.49 2558.55 819.84 2602.15 624.90 2599.26 625.54 2555.66
P1396 0.02 641.97 2553.29 639.26 2603.66 489.64 2595.61 492.35 2545.23
P1396 0.02 2066.14 2735.82 2100.29 2736.59 2097.82 2846.44 2063.67 2845.67
P1396 0.01 1804.43 5511.42 1801.84 5545.96 1668.25 5535.95 1670.84 5501.40
P1396 0.01 1443.63 779.77 1415.66 781.16 1411.68 700.96 1439.64 699.57
P1396 0.01 2157.32 2709.59 2189.99 2710.30 2187.07 2843.98 2154.40 2843.26
P1396 0.01 2021.04 2253.61 2016.09 2297.18 1913.22 2285.50 1918.17 2241.93
P1396 0.01 1996.92 2606.25 1996.27 2641.45 1882.94 2639.38 1883.58 2604.17
P1396 0.01 1840.15 2699.44 1875.98 2701.40 1868.81 2832.61 1832.98 2830.66
P1396 0.01 2483.45 1038.03 2510.46 1040.28 2504.64 1110.13 2477.64 1107.88
P1396 0.01 1836.19 2818.29 1806.95 2818.89 1804.91 2719.59 1834.15 2718.99
P1396 0.01 2087.55 2445.41 2130.71 2448.40 2125.91 2517.85 2082.74 2514.87
P1396 0.01 950.79 793.62 922.17 795.10 917.86 711.62 946.48 710.14
P1396 0.01 1308.51 2367.20 1307.15 2401.41 1195.50 2396.99 1196.86 2362.78
P1396 0.01 2109.69 2706.45 2143.33 2706.57 2142.85 2843.47 2109.20 2843.35
P1396 0.01 1485.09 2384.02 1481.76 2411.75 1399.77 2401.91 1403.10 2374.19
P1396 0.01 879.83 2397.06 875.42 2494.45 489.48 2476.95 493.89 2379.56
P1396 0.01 2168.44 5221.88 2139.82 5225.31 2130.33 5146.16 2158.95 5142.73
P1396 0.01 819.40 2069.59 848.28 2071.76 841.76 2158.69 812.88 2156.52
P1396 0.01 2010.58 2386.73 2008.56 2420.47 1918.19 2415.08 1920.20 2381.34
P1396 0.01 1006.52 1631.83 1084.76 1636.38 1083.29 1661.74 1005.04 1657.19
P1396 0.01 1979.43 2977.12 1973.11 3015.51 1835.06 2992.82 1841.37 2954.42
P1396 0.01 1153.47 2003.64 1145.83 2045.67 1042.71 2026.93 1050.35 1984.89
P1396 0.01 707.30 2443.62 702.87 2493.92 491.24 2475.32 495.66 2425.02
P1396 0.01 2198.71 5373.65 2194.11 5398.07 2109.38 5382.11 2113.98 5357.69
P1396 0.01 2007.76 1486.48 2010.90 1530.63 1864.72 1541.04 1861.58 1496.88
P1396 0.01 876.04 2597.71 875.00 2647.01 694.86 2643.22 695.90 2593.92
P1396 0.01 1908.94 2958.81 1910.72 2979.79 1850.69 2984.88 1848.91 2963.90
P1396 0.01 2060.73 2443.64 2084.31 2443.84 2083.70 2516.87 2060.11 2516.68
P1396 0.01 1061.94 2382.24 1056.01 2436.86 897.85 2419.68 903.78 2365.06
P1396 0.01 579.21 2630.51 568.50 2681.58 496.32 2666.45 507.03 2615.37
P1396 0.01 2266.48 2224.94 2265.88 2254.00 2184.90 2252.35 2185.50 2223.29
P1396 0.01 1148.45 3075.78 1145.13 3108.73 1079.79 3102.13 1083.12 3069.18
P1396 0.01 1180.98 2337.20 1183.07 2372.34 1091.85 2377.75 1089.76 2342.61
P1396 0.01 869.11 2568.65 864.07 2615.54 792.63 2607.87 797.67 2560.97
P1396 0.01 885.38 2420.69 879.56 2475.34 678.96 2453.97 684.78 2399.32
P1396 0.01 2302.78 923.87 2328.75 929.30 2314.66 996.67 2288.70 991.24
P1396 0.01 1579.72 2431.28 1579.44 2462.24 1474.72 2461.30 1475.00 2430.34
P1396 0.01 850.09 2362.05 846.40 2418.82 682.09 2408.15 685.78 2351.37
P1396 0.01 2151.68 2442.41 2178.67 2445.28 2169.54 2531.02 2142.55 2528.15
P1396 0.01 1029.67 6634.24 1056.23 6636.19 1049.61 6726.22 1023.05 6724.27
P1396 0.01 922.49 2561.53 986.60 2561.57 986.50 2705.15 922.39 2705.11
P1396 0.01 1998.73 1662.35 2052.42 1711.47 1971.43 1800.00 1917.74 1750.88
P1396 0.01 877.38 2319.87 946.13 2326.98 931.20 2471.43 862.45 2464.33
P1396 0.01 2265.44 2179.16 2261.04 2248.35 2159.56 2241.89 2163.97 2172.70
P1396 0.01 1444.53 2680.31 1468.33 2680.88 1466.63 2751.74 1442.82 2751.17
P1396 0.01 1817.09 2817.20 1788.65 2818.95 1782.63 2721.03 1811.06 2719.28
P1396 0.01 1031.78 829.33 995.84 829.53 995.01 681.66 1030.96 681.46
P1396 0.01 1873.31 2383.98 1900.99 2385.36 1897.34 2458.22 1869.66 2456.83
P1396 0.01 2158.93 2600.36 2187.96 2601.93 2184.50 2665.70 2155.47 2664.13
P1396 0.01 806.13 2589.77 868.10 2592.59 862.94 2705.58 800.98 2702.76
P1396 0.01 1060.79 2339.26 1044.04 2401.27 898.38 2361.93 915.14 2299.92
P1396 0.01 623.11 2605.31 678.55 2611.68 668.02 2703.23 612.58 2696.85
P1396 0.01 2126.15 2609.05 2147.75 2609.77 2146.23 2655.41 2124.63 2654.69
P1396 0.01 1447.06 2174.94 1391.33 2176.12 1389.25 2077.44 1444.98 2076.26
P1396 0.01 1953.42 2841.03 1928.78 2841.53 1927.62 2784.17 1952.26 2783.67
P1396 0.01 1573.99 2490.25 1606.13 2490.34 1605.87 2579.34 1573.74 2579.25
P1396 0.01 1505.00 4388.61 1496.13 4440.25 1407.95 4425.09 1416.82 4373.46
P1396 0.01 993.51 3077.55 993.57 3119.00 925.14 3119.10 925.08 3077.65
P1396 0.01 745.40 2540.37 814.32 2547.85 797.37 2704.11 728.44 2696.63
P1396 0.01 2189.37 2608.86 2208.55 2609.70 2206.36 2659.69 2187.18 2658.85
P1396 0.01 1071.06 1655.70 1070.99 1672.64 1023.42 1672.47 1023.48 1655.53
P1396 0.01 759.68 3063.23 756.60 3102.43 680.58 3096.45 683.67 3057.25
P1396 0.01 2149.06 2602.98 2166.42 2604.15 2162.63 2660.67 2145.27 2659.51
P1396 0.01 660.19 5567.95 630.88 5569.78 626.54 5500.11 655.85 5498.29
P2499 0.01 22.24 471.28 30.61 474.42 23.21 494.14 14.83 490.99
P1873 0.03 1301.52 376.56 1299.11 401.61 1257.21 397.57 1259.63 372.52
P1873 0.03 751.47 3158.21 741.07 3163.40 733.53 3148.30 743.93 3143.10
P1873 0.02 955.51 4349.24 976.14 4351.99 970.26 4396.22 949.63 4393.48
P1873 0.02 1299.23 3165.81 1297.65 3188.22 1266.72 3186.04 1268.31 3163.63
P1873 0.02 730.65 3163.14 716.02 3165.28 712.46 3140.94 727.09 3138.80
P1873 0.01 695.31 3146.31 683.06 3147.05 681.17 3115.66 693.42 3114.92
P1873 0.01 2046.37 4302.49 2062.55 4304.58 2058.85 4333.22 2042.68 4331.13
P1873 0.01 1376.37 669.02 1392.33 706.42 1354.83 722.41 1338.88 685.01
P1873 0.01 2236.11 4379.80 2227.59 4395.18 2185.37 4371.79 2193.89 4356.41
P1873 0.01 1270.70 3477.22 1239.36 3492.96 1221.40 3457.20 1252.74 3441.46
P1873 0.01 1908.06 4216.04 1897.08 4230.72 1861.48 4204.12 1872.46 4189.44
P1873 0.01 1233.54 4061.35 1196.94 4063.63 1194.37 4022.48 1230.97 4020.19
P1873 0.01 2059.45 273.56 2054.19 286.84 2018.98 272.89 2024.24 259.61
P1873 0.01 2097.98 3751.62 2098.91 3765.66 2058.95 3768.32 2058.02 3754.29
P1873 0.01 707.17 3056.04 732.94 3056.32 732.54 3092.74 706.77 3092.45
P1873 0.01 816.49 3153.18 827.11 3153.73 826.49 3165.72 815.87 3165.18
P1873 0.01 2337.65 3293.52 2326.61 3293.91 2325.67 3267.11 2336.71 3266.73
P1873 0.01 429.10 2449.40 426.13 2463.27 402.37 2458.20 405.33 2444.33
P1873 0.01 2328.05 3290.34 2317.12 3294.95 2304.23 3264.41 2315.15 3259.79
P1873 0.01 2317.59 4206.90 2293.79 4210.10 2286.32 4154.67 2310.12 4151.46
P1873 0.01 761.04 3155.97 749.98 3158.78 745.99 3143.06 757.05 3140.26
P1873 0.01 2187.12 4417.13 2179.12 4434.11 2141.48 4416.37 2149.49 4399.39
P1873 0.01 996.65 3233.54 1002.46 3233.75 1001.69 3255.25 995.89 3255.04
P1873 0.01 145.31 4410.95 153.32 4421.10 141.40 4430.51 133.39 4420.35
P1873 0.01 308.38 2384.01 321.66 2384.37 320.64 2422.33 307.36 2421.97
P1873 0.01 424.70 3813.70 409.50 3817.66 398.86 3776.88 414.05 3772.91
P1873 0.01 766.86 3137.32 779.81 3138.13 778.28 3162.48 765.33 3161.66
P1873 0.01 1440.20 4325.28 1486.60 4325.89 1485.87 4381.87 1439.46 4381.26
P1873 0.01 1928.12 2859.81 1920.93 2876.41 1882.16 2859.61 1889.35 2843.00
P1873 0.01 833.41 2180.16 853.97 2192.73 841.37 2213.32 820.82 2200.75
P1873 0.01 1027.81 3165.77 1016.46 3165.83 1016.23 3122.15 1027.58 3122.09
P1873 0.01 1003.76 3234.86 1012.57 3243.32 1002.18 3254.13 993.38 3245.66
P1873 0.01 2313.85 3384.55 2291.47 3398.27 2275.11 3371.58 2297.49 3357.86
P1873 0.01 800.93 3055.87 808.88 3068.40 785.31 3083.34 777.36 3070.81
P1873 0.01 379.51 4443.26 388.99 4449.00 374.65 4472.69 365.17 4466.95
P1873 0.01 2198.19 4469.41 2186.16 4471.99 2182.08 4452.92 2194.11 4450.35
P1873 0.01 689.95 3145.87 704.76 3146.37 704.15 3164.45 689.34 3163.96
P1873 0.01 1648.29 1598.30 1634.94 1602.41 1629.24 1583.93 1642.59 1579.81
P1873 0.01 2049.73 2805.04 2018.05 2862.86 1949.86 2825.50 1981.53 2767.68
P1873 0.01 2217.74 4186.16 2248.60 4225.41 2183.66 4276.45 2152.80 4237.20
P1873 0.01 2082.24 3711.46 2097.63 3729.97 2065.54 3756.63 2050.16 3738.13
P1873 0.01 2305.08 4159.33 2279.64 4231.90 2206.38 4206.22 2231.82 4133.65
P1873 0.01 896.77 3230.03 907.31 3230.36 906.37 3259.99 895.83 3259.66
P1873 0.01 977.33 4411.82 975.83 4421.78 947.99 4417.60 949.49 4407.64
P1873 0.0 2308.34 3388.97 2328.46 3408.08 2308.82 3428.76 2288.69 3409.64
P0247 0.01 474.20 1160.76 437.08 1199.86 384.01 1149.46 421.13 1110.36
P1769 0.01 2814.81 1710.25 2819.37 1726.42 2801.82 1731.37 2797.26 1715.20
P2202 0.01 92.87 419.69 89.72 436.91 71.29 433.55 74.44 416.32
P2447 0.01 381.11 88.75 394.21 92.40 390.82 104.58 377.72 100.93
P0043 0.01 3209.43 2311.95 3253.31 2312.68 3252.58 2357.27 3208.69 2356.55
P0043 0.01 1567.36 3124.28 1583.86 3149.05 1531.41 3184.00 1514.91 3159.23
P0043 0.01 1359.64 4317.36 1371.91 4331.67 1342.97 4356.50 1330.70 4342.19
P1400 0.86 4272.15 1868.14 4310.41 1871.51 4299.82 1991.92 4261.56 1988.55
P1400 0.85 3668.84 1847.82 3708.38 1849.45 3703.44 1969.16 3663.90 1967.53
P1400 0.85 3619.38 1849.83 3660.49 1850.48 3658.58 1971.53 3617.47 1970.88
P1400 0.85 4317.76 1872.06 4358.09 1874.67 4350.24 1996.32 4309.90 1993.71
P1400 0.85 3993.51 1861.07 4032.57 1861.31 4031.80 1983.40 3992.74 1983.16
P1400 0.85 4225.48 1870.51 4262.41 1871.85 4258.34 1984.40 4221.41 1983.06
P1400 0.84 3945.97 1855.67 3982.75 1854.93 3985.28 1981.73 3948.50 1982.46
P1400 0.83 3903.27 1853.35 3941.84 1855.95 3933.43 1980.72 3894.86 1978.12
P1400 0.83 3859.19 1846.88 3895.97 1850.59 3882.87 1980.43 3846.09 1976.72
P1400 0.83 4138.24 1862.65 4174.75 1867.64 4158.80 1984.29 4122.29 1979.29
P1400 0.83 4083.86 1862.95 4124.14 1863.58 4122.28 1984.27 4082.00 1983.65
P1400 0.83 3715.13 1848.45 3753.81 1848.96 3752.28 1965.17 3713.60 1964.66
P1400 0.83 3805.62 1846.70 3846.37 1847.40 3844.17 1974.17 3803.42 1973.46
P1400 0.83 4037.10 1860.58 4079.47 1860.73 4079.03 1985.88 4036.65 1985.72
P1400 0.82 4181.96 1864.65 4220.55 1867.91 4210.13 1991.04 4171.53 1987.77
P1400 0.82 3762.24 1850.38 3799.04 1850.35 3799.13 1970.74 3762.33 1970.77
P1400 0.79 2842.38 1817.82 2878.74 1820.65 2869.24 1942.23 2832.89 1939.39
P1400 0.78 5038.48 1975.42 5074.65 1980.93 5057.08 2096.20 5020.91 2090.69
P1400 0.78 3165.59 3383.25 3202.44 3385.46 3194.31 3521.27 3157.46 3519.06
P1400 0.77 4422.23 1883.99 4464.46 1890.62 4446.20 2006.92 4403.97 2000.29
P1400 0.77 3224.93 3263.65 3264.67 3263.48 3265.23 3389.96 3225.49 3390.14
P1400 0.77 5171.13 1983.55 5207.31 1987.99 5193.55 2099.95 5157.38 2095.51
P1400 0.77 3034.43 3382.72 3071.80 3380.70 3079.06 3515.00 3041.69 3517.02
P1400 0.77 5010.20 1975.76 5038.26 1978.05 5028.72 2094.86 5000.65 2092.57
P1400 0.76 3346.83 3267.67 3389.44 3269.33 3383.95 3409.79 3341.34 3408.12
P1400 0.69 3707.65 3278.19 3755.82 3278.39 3755.22 3419.26 3707.05 3419.06
P1400 0.69 2715.65 1819.05 2766.16 1819.88 2763.40 1986.49 2712.89 1985.65
P1400 0.69 3285.75 3399.20 3322.33 3400.90 3316.45 3527.13 3279.86 3525.42
P1400 0.69 5949.50 2540.29 5996.88 2502.58 6089.49 2618.96 6042.11 2656.67
P1400 0.69 3830.04 3273.99 3877.17 3274.16 3876.64 3420.62 3829.52 3420.45
P1400 0.66 3150.78 3823.38 3190.90 3824.56 3186.65 3969.40 3146.53 3968.23
P1400 0.65 2780.25 1815.09 2828.60 1814.22 2831.36 1967.51 2783.00 1968.38
P1400 0.63 5136.07 1980.08 5170.14 1981.85 5164.22 2095.82 5130.15 2094.05
P1400 0.62 5074.32 1978.68 5102.72 1980.50 5096.84 2072.34 5068.44 2070.52
P1400 0.62 3269.87 3819.78 3320.36 3823.30 3309.25 3982.75 3258.76 3979.23
P1400 0.62 2382.89 1805.46 2421.10 1807.53 2415.74 1906.30 2377.53 1904.23
P1400 0.62 3214.28 3704.44 3251.79 3705.13 3249.49 3829.59 3211.98 3828.90
P1400 0.59 2977.09 3686.37 3017.65 3689.87 3004.50 3842.07 2963.94 3838.57
P1400 0.59 5109.53 1984.23 5136.16 1987.27 5126.64 2070.66 5100.01 2067.62
P1400 0.57 2912.91 3379.10 2958.71 3380.02 2955.86 3521.18 2910.06 3520.26
P1400 0.57 2611.48 3236.88 2659.13 3238.45 2654.69 3372.84 2607.04 3371.27
P1400 0.57 3585.67 3264.04 3635.76 3264.56 3634.24 3411.16 3584.15 3410.64
P1400 0.5 2790.11 3374.51 2839.35 3375.36 2836.81 3522.69 2787.57 3521.84
P1400 0.4 2978.39 3252.96 3027.23 3254.16 3024.03 3383.71 2975.19 3382.51
P1400 0.27 3526.95 3406.73 3567.51 3408.16 3563.16 3531.94 3522.60 3530.51
P1400 0.27 4028.42 1489.28 4094.24 1495.25 4078.99 1663.37 4013.17 1657.40
P1400 0.23 2490.87 3242.26 2536.39 3241.86 2537.57 3377.40 2492.05 3377.80
P1400 0.22 1728.63 2485.33 1758.00 2483.28 1767.34 2616.86 1737.97 2618.91
P1400 0.22 2855.55 2615.69 2910.75 2618.55 2903.65 2755.63 2848.45 2752.77
P1400 0.17 2731.59 3253.48 2774.71 3253.23 2775.43 3382.46 2732.31 3382.70
P1400 0.17 5758.68 2350.63 5811.78 2316.10 5892.17 2439.72 5839.07 2474.25
P1400 0.1 3467.09 3264.79 3522.23 3267.96 3513.48 3420.03 3458.35 3416.86
P1400 0.1 398.73 567.83 449.43 573.51 434.77 704.17 384.07 698.48
P1400 0.08 5587.50 2923.09 5623.63 2889.87 5707.03 2980.59 5670.90 3013.80
P1400 0.08 5603.76 2066.16 5686.60 2005.24 5713.43 2041.72 5630.60 2102.64
P1400 0.08 1703.98 2492.17 1728.03 2491.09 1731.09 2559.46 1707.04 2560.54
P1400 0.06 3180.70 2601.68 3236.68 2605.14 3226.47 2770.66 3170.49 2767.21
P1400 0.04 1453.05 983.93 1513.77 987.48 1505.06 1136.42 1444.34 1132.87
P1400 0.04 2894.68 1902.81 2871.58 1903.59 2868.80 1820.76 2891.90 1819.99
P1400 0.04 4702.73 1456.67 4668.60 1532.67 4351.58 1390.31 4385.71 1314.31
P1400 0.04 5611.22 2073.68 5630.82 2106.05 5550.70 2154.57 5531.10 2122.20
P1400 0.04 4567.64 2303.77 4534.44 2310.82 4518.25 2234.55 4551.45 2227.51
P1400 0.04 3340.83 2624.34 3396.82 2628.67 3386.31 2764.40 3330.32 2760.07
P1400 0.04 5903.23 2616.65 5958.53 2581.65 6019.23 2677.58 5963.93 2712.57
P1400 0.03 4652.91 378.62 4636.29 446.55 4355.42 377.83 4372.03 309.91
P1400 0.03 2573.99 705.01 2634.26 709.35 2625.27 834.03 2565.00 829.68
P1400 0.03 4636.93 403.80 4650.46 475.79 4370.86 528.33 4357.34 456.34
P1400 0.03 4645.93 314.67 4616.12 389.77 4350.83 284.48 4380.64 209.37
P1400 0.03 5793.70 2080.91 5808.90 2100.26 5771.23 2129.85 5756.03 2110.51
P1400 0.02 5856.32 2099.15 5874.95 2123.51 5802.95 2178.58 5784.32 2154.23
P1400 0.02 1420.54 328.41 1450.43 330.20 1446.34 398.50 1416.46 396.71
P1400 0.02 5958.44 500.28 5910.64 580.37 5674.78 439.60 5722.58 359.51
P1400 0.02 671.54 1322.51 747.63 1332.35 727.11 1491.03 651.02 1481.20
P1400 0.02 2969.49 1825.43 2964.26 1858.48 2871.89 1843.88 2877.11 1810.83
P1400 0.02 2807.56 419.55 2876.02 420.81 2873.07 580.63 2804.62 579.37
P1400 0.02 5756.74 526.58 5754.73 560.15 5647.19 553.72 5649.20 520.15
P1400 0.02 3839.59 1745.79 3864.50 1789.49 3759.11 1849.56 3734.20 1805.86
P1400 0.02 6063.78 591.47 6063.37 630.00 5948.40 628.77 5948.82 590.24
P1400 0.02 4811.96 3797.27 4790.05 3816.63 4716.31 3733.22 4738.21 3713.86
P1400 0.02 3611.80 2975.81 3665.50 2980.67 3655.88 3086.94 3602.18 3082.08
P1400 0.01 4760.30 3838.92 4738.43 3857.25 4667.34 3772.48 4689.21 3754.14
P1400 0.01 4736.60 3857.99 4715.75 3875.31 4646.19 3791.57 4667.05 3774.25
P1400 0.01 1262.23 393.67 1235.53 397.73 1225.68 333.08 1252.37 329.01
P1400 0.01 4881.68 3738.60 4859.98 3757.84 4785.72 3674.09 4807.43 3654.85
P1400 0.01 4856.68 3758.20 4835.91 3775.63 4764.90 3691.06 4785.66 3673.62
P1400 0.01 4906.80 3718.01 4885.52 3737.88 4809.43 3656.43 4830.71 3636.55
P1400 0.01 4787.98 3818.51 4764.94 3838.23 4692.53 3753.64 4715.57 3733.92
P1400 0.01 4834.77 3779.13 4814.06 3796.15 4743.08 3709.78 4763.79 3692.76
P1400 0.01 3083.12 3690.93 3151.38 3697.00 3138.78 3838.63 3070.53 3832.56
P1400 0.01 1507.39 309.36 1559.34 314.30 1549.94 413.19 1497.98 408.25
P1400 0.01 3660.29 2967.12 3714.30 2972.96 3703.71 3070.98 3649.70 3065.14
P1400 0.01 5583.94 2048.31 5598.95 2072.57 5530.59 2114.85 5515.59 2090.59
P1400 0.01 4673.36 1478.31 4657.41 1577.73 4302.97 1520.88 4318.92 1421.46
P1400 0.01 5744.37 559.06 5743.32 585.94 5656.25 582.55 5657.30 555.67
P1400 0.01 4717.29 2912.90 4695.20 2936.22 4636.86 2880.96 4658.95 2857.64
P1400 0.01 5804.52 2098.08 5816.72 2112.32 5782.74 2141.43 5770.54 2127.19
P1400 0.01 3894.42 1512.06 3973.17 1514.60 3968.35 1664.07 3889.61 1661.53
P1400 0.01 2707.49 3503.44 2687.95 3504.70 2684.28 3447.85 2703.82 3446.59
P1400 0.01 3328.41 3709.42 3387.30 3711.15 3383.58 3838.05 3324.69 3836.32
P1400 0.01 2377.15 2898.28 2430.21 2901.93 2421.73 3025.08 2368.67 3021.43
P1400 0.01 4212.18 2978.04 4265.01 2981.65 4257.40 3093.05 4204.57 3089.44
P1400 0.01 4685.26 1444.40 4725.44 1598.00 4356.33 1694.53 4316.16 1540.93
P1400 0.01 4744.33 696.67 4748.09 731.22 4623.60 744.76 4619.85 710.21
P1400 0.01 1839.64 423.69 1791.52 425.88 1787.40 335.65 1835.53 333.45
P1400 0.01 3839.23 1455.05 3914.49 1458.93 3905.50 1633.39 3830.24 1629.51
P1400 0.01 2828.96 3691.23 2899.88 3691.21 2899.91 3822.91 2829.00 3822.93
P1400 0.01 1143.46 1511.29 1075.61 1511.62 1074.90 1367.31 1142.75 1366.97
P1400 0.01 4121.23 3108.60 4081.26 3109.58 4078.54 2998.36 4118.51 2997.38
P1400 0.01 4717.08 3874.17 4695.67 3893.40 4623.83 3813.41 4645.24 3794.18
P1400 0.01 3952.46 1466.86 4036.11 1467.37 4035.07 1636.85 3951.41 1636.34
P1400 0.01 4771.38 2923.45 4749.60 2943.90 4663.69 2852.41 4685.48 2831.96
P1400 0.01 5820.88 2109.41 5830.09 2121.90 5789.27 2152.00 5780.06 2139.50
P1400 0.01 5846.84 2083.87 5858.68 2098.76 5826.05 2124.69 5814.21 2109.80
P1400 0.01 2542.67 401.72 2624.47 404.77 2618.69 560.18 2536.88 557.13
P1400 0.01 5971.27 2112.31 5957.40 2123.79 5930.05 2090.72 5943.92 2079.24
P1400 0.01 814.69 1362.88 879.23 1370.33 864.33 1499.45 799.79 1492.00
P1400 0.01 4076.35 3083.74 4024.78 3083.86 4024.55 2980.75 4076.12 2980.64
P1400 0.01 4799.59 2907.12 4776.57 2927.62 4688.68 2828.91 4711.70 2808.41
P1400 0.01 500.87 277.07 521.10 282.15 508.45 332.50 488.22 327.41
P1400 0.01 5465.74 529.90 5554.37 858.59 5167.55 962.90 5078.91 634.21
P1400 0.01 3308.39 438.15 3388.96 444.57 3377.28 591.06 3296.72 584.64
P1400 0.01 5767.85 1868.36 5780.38 1882.62 5734.60 1922.82 5722.07 1908.56
P1400 0.01 1884.83 321.83 1947.16 326.59 1939.27 429.93 1876.93 425.17
P1400 0.01 4830.65 2890.25 4806.85 2911.40 4710.61 2803.15 4734.41 2781.99
P1400 0.01 5296.79 514.21 5296.79 550.13 5197.05 550.12 5197.05 514.20
P1400 0.01 2476.22 1887.62 2475.67 1914.09 2420.28 1912.94 2420.83 1886.47
P1400 0.01 5630.97 2107.63 5666.90 2156.81 5594.79 2209.49 5558.86 2160.31
P1400 0.01 5790.85 1906.19 5803.39 1922.34 5760.11 1955.96 5747.57 1939.81
P1400 0.01 1129.81 292.69 1183.38 296.47 1176.82 389.38 1123.24 385.59
P1400 0.01 3888.54 3375.01 3910.96 3383.91 3891.38 3433.19 3868.97 3424.28
P1400 0.01 5676.36 2172.36 5687.91 2188.13 5653.11 2213.62 5641.56 2197.86
P1400 0.01 1691.83 985.20 1778.11 989.84 1770.15 1137.67 1683.86 1133.03
P1400 0.01 5544.63 1065.52 5515.54 1430.40 5126.08 1399.35 5155.17 1034.47
P1400 0.01 564.41 266.72 616.20 270.19 609.92 363.97 558.14 360.51
P1400 0.01 658.94 267.16 714.81 272.33 705.86 369.07 649.98 363.90
P1400 0.01 1270.68 311.39 1321.39 316.97 1311.05 410.80 1260.35 405.21
P1400 0.01 4708.86 1030.91 4704.94 1051.56 4648.67 1040.88 4652.59 1020.23
P1183 0.77 5500.71 1994.56 5583.81 2011.52 5570.57 2076.41 5487.46 2059.46
P1183 0.01 2317.41 2033.39 2340.77 2039.39 2330.45 2079.56 2307.09 2073.56
P1183 0.01 3201.36 2391.16 3222.38 2410.77 3201.30 2433.37 3180.28 2413.76
P1183 0.01 3601.30 2643.47 3621.31 2662.86 3596.92 2688.03 3576.91 2668.64
P2635 0.02 3278.19 1588.82 3306.77 1591.70 3300.23 1656.84 3271.65 1653.97
P2635 0.02 2549.37 1904.37 2597.74 1901.98 2603.57 2020.00 2555.20 2022.39
P2635 0.02 2301.86 1162.26 2437.05 1186.79 2410.61 1332.46 2275.42 1307.92
P2635 0.02 3347.91 1435.18 3373.86 1435.85 3372.06 1505.83 3346.11 1505.16
P2635 0.01 2191.19 1134.93 2214.46 1136.42 2210.28 1201.62 2187.02 1200.13
P2635 0.01 2448.42 1211.50 2437.60 1248.23 2352.83 1223.26 2363.66 1186.52
P2635 0.01 2832.66 1379.65 2807.05 1381.05 2803.89 1323.20 2829.50 1321.80
P1363 0.02 3666.97 139.88 3693.13 127.87 3706.63 157.28 3680.46 169.29
P2188 0.01 1232.84 1529.59 1235.73 1542.64 1200.13 1550.53 1197.24 1537.48
P2188 0.01 937.93 1497.32 998.84 1476.55 1018.52 1534.29 957.61 1555.06
P2774 0.01 772.98 3518.99 782.26 3531.67 765.61 3543.86 756.33 3531.18
P1125 0.04 2662.11 3574.16 2719.99 3559.81 2734.35 3617.71 2676.46 3632.06
P1125 0.02 3155.59 3711.45 3201.09 3701.38 3215.73 3767.46 3170.22 3777.54
P1125 0.02 4892.36 3242.99 4914.97 3246.93 4908.81 3282.33 4886.20 3278.39
P1125 0.01 754.79 4006.68 729.63 4014.48 699.27 3916.62 724.43 3908.82
P1125 0.01 2033.93 3792.20 2052.96 3899.01 1919.78 3922.74 1900.75 3815.93
P2772 0.01 2346.39 1673.50 2352.66 1696.38 2325.13 1703.93 2318.86 1681.04
P2535 0.01 906.60 1795.79 909.01 1822.89 873.42 1826.05 871.01 1798.95
P2284 0.01 738.16 2454.93 736.52 2474.52 706.09 2471.97 707.73 2452.39
P2037 0.04 1612.44 575.51 1566.58 590.27 1550.98 541.77 1596.83 527.01
P0057 0.01 2504.27 374.93 2510.34 439.01 2407.67 448.74 2401.60 384.66
P2410 0.01 827.79 1707.57 833.95 1721.80 818.55 1728.47 812.39 1714.23
P1422 0.01 3132.85 3354.59 3071.26 3422.45 2913.28 3279.04 2974.88 3211.19
P1436 0.01 3525.12 1263.10 3468.10 1276.37 3453.48 1213.56 3510.50 1200.29
P1436 0.01 2092.71 2613.04 2026.47 2617.08 2022.38 2550.09 2088.62 2546.05
P1436 0.01 3215.98 737.78 3215.21 828.02 3111.69 827.13 3112.47 736.89
P1870 0.01 1972.92 2575.81 1974.33 2593.29 1950.93 2595.17 1949.53 2577.69
P1870 0.01 5392.52 627.09 5400.54 656.27 5370.92 664.41 5362.90 635.23
P1870 0.01 1989.74 2615.01 1970.54 2622.96 1962.34 2603.17 1981.55 2595.22
P1870 0.01 3661.83 2046.42 3647.83 2054.12 3639.62 2039.19 3653.62 2031.49
P1870 0.01 5263.28 899.72 5307.27 882.06 5323.89 923.47 5279.91 941.13
P1870 0.01 4851.08 1260.80 4835.96 1266.64 4829.41 1249.69 4844.52 1243.84
P1424 0.02 1860.30 202.09 2082.03 231.02 2042.87 531.21 1821.14 502.28
P1424 0.01 1843.62 2131.81 1957.36 2229.50 1828.66 2379.35 1714.92 2281.65
P1424 0.01 5022.77 2600.06 4945.45 2692.99 4851.60 2614.90 4928.92 2521.97
P2767 0.01 1754.37 2212.75 1778.78 2227.10 1757.51 2263.29 1733.10 2248.94
P2556 0.69 3296.24 4647.95 3365.89 4598.81 3408.53 4659.25 3338.88 4708.38
P2556 0.05 1343.62 26.18 1376.31 47.75 1355.64 79.09 1322.94 57.51
P2556 0.03 1415.48 2992.28 1341.04 3016.92 1316.20 2941.89 1390.64 2917.24
P2556 0.03 685.54 930.01 693.15 944.57 668.84 957.28 661.23 942.72
P2556 0.01 2389.70 1891.99 2361.88 1899.46 2353.93 1869.88 2381.76 1862.41
P2556 0.01 280.21 4719.10 334.04 4692.79 356.61 4738.97 302.78 4765.27
P2556 0.01 2329.39 1776.32 2308.90 1787.35 2291.76 1755.50 2312.26 1744.47
P2556 0.01 675.18 917.80 681.21 926.85 663.92 938.38 657.88 929.33
P2556 0.01 688.07 949.58 693.88 958.99 679.87 967.64 674.06 958.23
P2556 0.01 2118.91 1432.56 2137.96 1446.96 2121.84 1468.29 2102.79 1453.89
P2556 0.01 3337.46 3811.70 3278.09 3853.96 3227.48 3782.86 3286.85 3740.60
P2556 0.01 857.93 2176.56 872.27 2198.47 831.22 2225.34 816.87 2203.44
P2556 0.01 1762.61 838.17 1787.75 826.11 1800.31 852.29 1775.17 864.35
P1160 0.83 905.83 3719.88 986.11 3751.78 957.76 3823.14 877.48 3791.24
P1160 0.83 182.89 4052.50 268.64 4091.13 239.77 4155.22 154.02 4116.60
P1160 0.81 226.06 3954.47 306.47 3982.49 281.16 4055.13 200.75 4027.11
P1160 0.81 1022.83 3414.92 1107.61 3460.45 1067.17 3535.74 982.39 3490.21
P1160 0.8 150.55 4147.74 232.61 4183.97 200.84 4255.93 118.78 4219.70
P1160 0.78 564.13 4155.34 646.97 4172.31 627.21 4268.75 544.38 4251.78
P1160 0.78 492.05 4325.35 572.39 4345.31 550.43 4433.72 470.08 4413.76
P1160 0.78 338.95 4193.07 413.39 4240.90 366.20 4314.36 291.75 4266.54
P1160 0.02 178.55 4048.76 216.93 4015.84 259.05 4064.93 220.68 4097.85
P1160 0.02 918.54 3678.96 957.83 3701.55 930.13 3749.70 890.85 3727.11
P1160 0.01 1100.50 3440.04 1084.71 3475.48 1026.93 3449.74 1042.72 3414.30
P1160 0.01 1083.39 3438.02 1102.11 3451.62 1087.50 3471.71 1068.78 3458.10
P1160 0.01 242.91 4019.19 230.26 4061.48 187.41 4048.66 200.07 4006.37
P1160 0.01 1096.51 3467.67 1087.42 3503.90 1023.06 3487.75 1032.15 3451.52
P1160 0.01 979.74 3755.68 971.00 3772.31 947.81 3760.12 956.56 3743.49
P1160 0.01 1105.09 3472.92 1092.51 3497.84 1065.03 3483.97 1077.60 3459.05
P1160 0.01 1863.87 692.25 2056.04 655.62 2073.35 746.42 1881.18 783.05
P1160 0.01 698.13 3432.19 754.14 3451.77 726.81 3529.92 670.81 3510.33
P2683 0.01 2256.60 2597.35 2275.15 2614.40 2253.72 2637.71 2235.17 2620.66
P1146 0.05 2233.06 3263.88 2282.63 3240.61 2314.97 3309.47 2265.40 3332.75
P1146 0.01 4608.63 1162.69 4570.80 1179.50 4545.25 1122.01 4583.08 1105.20
P1146 0.01 2388.94 195.20 2447.24 205.75 2444.07 223.24 2385.77 212.69
P2717 0.02 1521.40 884.63 1545.41 901.25 1524.86 930.93 1500.86 914.31
P2762 0.01 1896.09 3375.29 1909.18 3383.78 1899.40 3398.86 1886.30 3390.37
P0680 0.01 2010.42 712.32 1993.32 729.75 1969.31 706.20 1986.41 688.76
P2069 0.12 1033.67 931.76 1052.22 930.26 1055.68 973.07 1037.13 974.56
P2069 0.06 1011.15 930.33 1024.66 928.65 1029.18 965.14 1015.67 966.82
P2069 0.01 653.25 902.25 669.28 918.48 611.17 975.90 595.13 959.68
P1865 0.01 525.21 5341.17 495.03 5342.41 491.06 5245.96 521.24 5244.72
P2666 0.01 2025.29 938.43 2031.16 943.86 2024.14 951.45 2018.27 946.02
P2272 0.01 3017.39 869.96 3021.92 883.13 2996.29 891.94 2991.76 878.77
P1162 0.77 500.42 545.66 679.92 540.28 687.80 803.19 508.30 808.57
P2252 0.05 241.02 819.55 221.65 840.91 196.68 818.27 216.05 796.91
P2252 0.03 349.41 1121.45 386.50 1149.74 355.77 1190.01 318.69 1161.72
P2252 0.03 248.81 841.47 253.84 863.59 230.19 868.97 225.15 846.86
P2252 0.02 375.10 882.17 377.29 905.88 352.55 908.16 350.37 884.45
P2252 0.01 92.15 1021.48 76.14 1031.46 54.45 996.70 70.46 986.71
P2252 0.01 426.82 1011.05 403.82 1015.52 399.12 991.29 422.11 986.83
P2252 0.01 413.09 1271.62 388.27 1284.35 373.98 1256.49 398.80 1243.76
P2252 0.01 64.73 1276.18 85.84 1279.98 81.52 1304.01 60.41 1300.21
P2229 0.01 4163.07 754.97 4181.32 781.71 4153.27 800.86 4135.02 774.12
P0239 0.01 194.71 1008.10 182.51 1009.38 180.48 990.11 192.69 988.82
P2024 0.01 317.76 4009.99 293.99 4101.05 197.95 4075.98 221.73 3984.92
P2643 0.01 2020.13 2929.14 2011.21 2939.52 1998.30 2928.43 2007.21 2918.05
P2643 0.01 1130.69 1654.55 1152.95 1675.02 1131.00 1698.89 1108.74 1678.43
P2643 0.01 2548.94 2625.31 2562.83 2638.59 2547.97 2654.13 2534.09 2640.85
P2643 0.01 2131.35 1686.33 2147.56 1686.59 2147.20 1709.17 2130.99 1708.91
P2643 0.01 4109.95 2796.37 4090.55 2815.44 4070.19 2794.73 4089.59 2775.66
P2643 0.01 1924.65 2840.26 1912.64 2856.17 1890.23 2839.25 1902.24 2823.34
P2643 0.0 2085.13 1910.66 2074.47 1921.89 2055.85 1904.20 2066.51 1892.97
P0033 0.01 910.69 637.41 942.57 673.16 906.31 705.49 874.43 669.73
P0033 0.01 757.78 878.57 783.17 936.48 707.99 969.44 682.60 911.53
P1500 0.03 3565.64 2669.63 3500.83 2707.47 3461.45 2640.01 3526.25 2602.17
P1500 0.01 3660.79 2899.19 3631.86 2926.27 3596.04 2888.00 3624.98 2860.92
P1500 0.01 3030.36 1253.05 2969.13 1299.92 2882.52 1186.76 2943.75 1139.89
P1500 0.01 3771.22 2853.31 3729.05 2881.69 3694.78 2830.75 3736.95 2802.38
P0836 0.01 2561.87 1941.58 2465.51 2032.91 2308.00 1866.74 2404.36 1775.40
P0836 0.01 2505.65 1965.91 2521.13 1988.89 2487.14 2011.78 2471.66 1988.80
P1409 0.02 2458.72 1005.22 2599.01 922.64 2658.94 1024.46 2518.65 1107.04
P1409 0.02 3082.08 1251.66 3210.06 1315.53 3132.32 1471.31 3004.34 1407.44
P1409 0.01 2810.50 1095.43 2942.34 1145.69 2882.34 1303.08 2750.50 1252.82
P0866 0.01 634.16 97.60 686.35 124.88 652.15 190.28 599.96 163.00
P1936 0.01 552.35 225.90 546.01 235.78 533.51 227.76 539.84 217.88
P2238 0.05 630.52 726.07 647.32 738.81 630.36 761.19 613.55 748.44
P1406 0.03 3724.44 3756.93 3712.17 3778.45 3688.25 3764.80 3700.52 3743.29
P1406 0.03 3649.49 3877.89 3641.33 3903.22 3613.23 3894.17 3621.38 3868.84
P1406 0.02 3976.91 3861.63 3968.87 3886.28 3943.44 3877.98 3951.48 3853.34
P1406 0.02 3744.25 3735.03 3720.57 3749.13 3706.29 3725.16 3729.98 3711.06
P1406 0.02 3799.92 3635.85 3782.95 3654.70 3761.97 3635.82 3778.94 3616.96
P1406 0.01 3781.65 3670.79 3759.60 3686.03 3744.33 3663.95 3766.38 3648.71
P1406 0.01 3884.01 4034.16 3859.07 4045.34 3847.34 4019.19 3872.28 4008.00
P1406 0.01 4007.11 3792.38 4012.82 3815.23 3987.20 3821.63 3981.49 3798.78
P1406 0.01 4022.25 3758.78 4033.23 3781.36 4009.05 3793.12 3998.07 3770.53
P1406 0.01 5354.63 294.06 5484.77 362.41 5392.07 538.91 5261.92 470.56
P2119 0.01 1262.66 810.93 1265.86 846.79 1201.05 852.59 1197.84 816.73
P1177 0.85 1375.14 667.46 1479.43 656.21 1493.70 788.59 1389.41 799.83
P1177 0.85 1230.33 688.15 1331.97 668.57 1357.57 801.51 1255.93 821.08
P1177 0.83 278.74 829.68 393.00 820.93 402.85 949.54 288.60 958.29
P1177 0.83 944.50 733.37 1040.77 714.46 1067.39 849.89 971.12 868.81
P1177 0.83 538.49 798.83 644.26 777.45 668.79 898.81 563.02 920.20
P1177 0.81 788.54 763.19 890.10 739.60 919.04 864.20 817.48 887.79
P1177 0.81 411.00 812.88 517.05 796.37 536.72 922.70 430.67 939.21
P1177 0.81 1097.88 712.74 1200.30 692.14 1226.59 822.84 1124.16 843.44
P1177 0.78 1769.93 1125.07 1882.60 1114.61 1895.24 1250.70 1782.56 1261.16
P1177 0.77 1917.72 1108.60 2030.27 1083.52 2059.48 1214.60 1946.94 1239.69
P1177 0.04 5307.03 109.11 5421.87 90.61 5449.87 264.49 5335.03 282.99
P1177 0.02 4946.42 176.24 4982.63 348.85 4805.82 385.94 4769.62 213.32
P1177 0.02 2548.95 715.40 2437.74 729.31 2417.63 568.51 2528.84 554.60
P1177 0.02 4369.82 865.42 4424.55 1035.40 4242.91 1093.89 4188.18 923.90
P1177 0.02 5255.49 122.66 5281.52 304.57 5092.58 331.61 5066.55 149.70
P1177 0.02 3811.88 407.30 3885.93 385.78 3918.47 497.76 3844.42 519.28
P1177 0.01 3113.28 621.71 3025.30 637.86 3005.02 527.42 3093.01 511.27
P1177 0.01 3405.83 371.33 3404.50 582.15 3188.70 580.78 3190.04 369.96
P1177 0.01 4650.18 400.74 4481.77 421.40 4457.58 224.20 4625.99 203.54
P1177 0.01 2871.04 633.13 2656.93 665.38 2622.62 437.60 2836.72 405.34
P1177 0.01 4244.85 437.35 4166.18 456.85 4137.03 339.29 4215.71 319.78
P1177 0.01 3569.91 1191.52 3355.00 1220.06 3325.90 1000.92 3540.82 972.38
P1177 0.01 2371.23 688.69 2272.06 694.30 2264.45 559.80 2363.63 554.19
P1177 0.01 3193.04 740.09 2976.08 762.96 2952.20 536.35 3169.16 513.48
P1177 0.01 2789.28 512.74 2692.16 545.78 2658.50 446.86 2755.63 413.82
P1177 0.01 3680.95 511.59 3594.94 522.38 3582.43 422.61 3668.44 411.83
P1177 0.01 4109.80 958.76 3963.61 976.15 3943.08 803.56 4089.27 786.18
P2698 0.01 2887.10 1170.02 2890.06 1198.21 2850.22 1202.40 2847.26 1174.21
P1425 0.01 711.10 2073.20 746.41 2119.38 571.86 2252.82 536.56 2206.65
P0166 0.22 965.69 2966.88 979.30 2959.55 987.47 2974.72 973.86 2982.05
P0166 0.01 2026.69 1553.42 2010.70 1564.65 1990.73 1536.23 2006.71 1524.99
P0166 0.01 1044.43 2894.56 1055.00 2907.22 1040.24 2919.54 1029.67 2906.88
P0166 0.01 987.65 2908.86 997.61 2902.50 1003.98 2912.48 994.03 2918.84
P2174 0.01 464.64 430.65 452.13 447.38 432.18 432.46 444.69 415.73
P0208 0.01 1389.68 1936.69 1458.29 1909.38 1492.52 1995.37 1423.91 2022.68
P2195 0.01 69.93 1912.33 70.77 1935.69 44.38 1936.64 43.54 1913.28
P2195 0.01 495.49 924.97 523.18 929.53 517.40 964.55 489.72 959.99
P2195 0.01 504.76 1063.51 496.68 1091.78 465.39 1082.83 473.48 1054.56
P1172 0.01 2201.44 859.45 2203.75 888.94 2171.89 891.43 2169.59 861.94
P1772 0.01 5641.67 1657.11 5630.37 1666.51 5620.97 1655.21 5632.27 1645.81
P1477 0.01 996.04 1943.94 1001.15 1969.19 955.61 1978.42 950.49 1953.17
P0092 0.01 3007.40 545.52 3003.58 566.68 2962.98 559.34 2966.81 538.18
P0240 0.01 254.89 1310.00 239.42 1312.14 233.63 1270.16 249.10 1268.03
P1510 0.02 1572.21 53.00 1601.07 57.35 1592.46 114.48 1563.60 110.13
P2749 0.12 3152.98 952.98 3243.83 926.60 3276.48 1039.06 3185.63 1065.44
P2749 0.08 2804.57 1045.97 2852.08 1030.00 2872.43 1090.54 2824.93 1106.51
P2749 0.04 1919.17 1759.91 1977.85 1751.78 1986.06 1811.08 1927.38 1819.21
P2749 0.01 5460.50 2073.18 5378.06 2092.26 5351.90 1979.27 5434.34 1960.19
P2749 0.01 2604.88 1739.38 2538.00 1765.87 2504.13 1680.34 2571.00 1653.85
P2749 0.01 2805.25 809.79 2857.76 796.16 2876.25 867.39 2823.75 881.02
P2749 0.01 3812.25 1698.82 3846.91 1691.58 3855.06 1730.58 3820.40 1737.82
P1511 0.01 806.13 1054.77 864.95 1134.48 764.99 1208.23 706.18 1128.52
P0877 0.01 472.71 355.82 476.17 383.37 431.66 388.96 428.20 361.41
P2711 0.01 371.63 1242.24 353.52 1248.10 343.03 1215.66 361.13 1209.80
P1588 0.01 3983.09 215.48 3981.18 239.03 3956.20 237.01 3958.10 213.46
P0274 0.01 784.81 338.44 813.11 342.95 800.14 424.27 771.84 419.76
P0274 0.01 810.30 356.29 836.56 357.98 832.71 417.84 806.44 416.15
P2803 0.01 1351.14 1139.56 1392.18 1143.91 1374.15 1314.10 1333.10 1309.75
P2035 0.01 16.42 512.58 -2.85 514.98 -5.55 493.26 13.72 490.87
P2035 0.01 1630.24 1494.15 1626.26 1517.61 1600.23 1513.20 1604.21 1489.73
P1180 0.65 749.91 2777.11 773.39 2755.06 785.29 2767.74 761.82 2789.79
P1180 0.37 766.54 2794.26 790.45 2772.56 801.84 2785.10 777.92 2806.81
P1180 0.22 2019.06 1645.18 2037.02 1650.32 2032.30 1666.82 2014.34 1661.68
P1180 0.11 724.11 2835.71 735.59 2847.10 712.55 2870.31 701.08 2858.92
P1180 0.02 3118.12 758.84 3108.17 769.45 3095.11 757.21 3105.06 746.59
P1180 0.02 650.69 2806.22 674.91 2784.64 684.46 2795.35 660.23 2816.93
P1180 0.01 1567.47 1817.03 1549.40 1834.37 1529.38 1813.52 1547.44 1796.18
P1180 0.01 840.07 2726.18 850.98 2736.77 837.10 2751.07 826.19 2740.48
P1180 0.01 1079.73 2324.25 1092.36 2311.98 1103.01 2322.95 1090.39 2335.21
P1180 0.01 2116.07 1617.02 2149.13 1618.16 2147.55 1663.81 2114.49 1662.66
P1180 0.01 1363.00 1450.56 1403.45 1440.82 1413.36 1481.93 1372.90 1491.67
P2448 0.02 1948.66 1673.00 1965.79 1685.16 1960.03 1693.28 1942.90 1681.12
P1504 0.08 867.88 831.31 883.76 822.40 897.96 847.72 882.08 856.62
P1504 0.04 859.43 799.22 874.11 798.25 876.91 840.73 862.23 841.70
P1504 0.02 1340.53 1158.15 1353.06 1152.15 1363.16 1173.25 1350.62 1179.25
P1157 0.77 2451.42 2621.07 2481.76 2626.08 2476.29 2659.28 2445.95 2654.28
P1157 0.69 2604.93 2404.32 2632.63 2418.84 2618.05 2446.65 2590.35 2432.13
P1157 0.65 2633.76 2469.45 2663.53 2451.79 2682.60 2483.94 2652.83 2501.59
P1157 0.63 2681.43 2551.68 2709.95 2557.07 2703.42 2591.60 2674.91 2586.21
P1157 0.62 2502.45 2333.88 2527.38 2345.68 2512.90 2376.26 2487.97 2364.46
P1157 0.57 2726.83 2439.16 2761.51 2445.66 2754.70 2482.02 2720.02 2475.52
P1157 0.56 2842.55 2297.55 2870.53 2312.21 2858.15 2335.83 2830.17 2321.17
P1157 0.45 2699.35 2499.05 2733.70 2503.05 2729.56 2538.62 2695.21 2534.62
P1157 0.44 2616.93 2376.74 2643.65 2386.16 2636.10 2407.57 2609.38 2398.14
P1157 0.4 2590.23 2443.20 2618.81 2453.15 2610.75 2476.31 2582.16 2466.36
P1157 0.28 1646.73 3079.97 1663.76 3079.42 1664.35 3097.64 1647.32 3098.19
P1157 0.11 2523.17 2376.57 2557.75 2389.92 2548.09 2414.91 2513.52 2401.56
P1157 0.1 1873.27 3183.48 1893.14 3189.86 1885.36 3214.11 1865.49 3207.73
P1157 0.1 2434.29 2614.98 2450.55 2616.44 2447.90 2645.78 2431.65 2644.32
P1157 0.08 1463.26 3337.88 1496.77 3347.89 1483.49 3392.33 1449.99 3382.32
P1157 0.05 1281.58 3802.49 1304.56 3793.53 1316.21 3823.41 1293.23 3832.36
P1157 0.05 1496.43 3478.14 1522.25 3495.84 1502.28 3524.98 1476.46 3507.28
P1157 0.05 1788.30 2982.50 1818.05 2995.21 1799.82 3037.89 1770.06 3025.18
P1157 0.05 4953.30 1893.42 4888.30 1998.74 4775.47 1929.10 4840.47 1823.78
P1157 0.04 2883.39 2197.40 2909.04 2211.18 2894.29 2238.65 2868.64 2224.88
P1157 0.04 1902.47 3184.24 1936.33 3203.21 1915.41 3240.53 1881.56 3221.56
P1157 0.04 1830.09 3009.30 1851.61 3017.50 1839.18 3050.15 1817.66 3041.96
P1157 0.03 1815.01 2984.69 1852.00 2997.60 1835.32 3045.40 1798.32 3032.49
P1157 0.03 1587.17 3063.08 1610.77 3071.75 1600.31 3100.19 1576.71 3091.51
P1157 0.03 1888.44 3177.22 1909.24 3190.97 1892.12 3216.87 1871.32 3203.13
P1157 0.03 4776.26 2104.05 4754.71 2128.35 4728.59 2105.19 4750.14 2080.89
P1157 0.03 2424.69 2477.43 2409.57 2516.18 2370.41 2500.91 2385.53 2462.15
P1157 0.02 2389.86 2585.46 2431.79 2599.77 2416.85 2643.56 2374.91 2629.25
P1157 0.02 1810.74 2259.76 1804.02 2297.66 1764.02 2290.56 1770.74 2252.67
P1157 0.02 2479.54 2318.95 2497.96 2326.47 2485.97 2355.87 2467.54 2348.36
P1157 0.02 1236.59 3472.59 1262.13 3483.14 1252.45 3506.56 1226.91 3496.00
P1157 0.02 3352.79 1749.77 3389.71 1762.53 3372.47 1812.41 3335.56 1799.65
P1157 0.01 2388.78 2587.05 2378.91 2623.70 2338.67 2612.86 2348.54 2576.21
P1157 0.01 1995.97 2342.67 1986.90 2366.66 1960.39 2356.63 1969.46 2332.64
P1157 0.01 1535.24 3053.67 1559.34 3063.18 1549.63 3087.76 1525.54 3078.25
P1157 0.01 1852.20 3018.66 1879.07 3027.28 1867.49 3063.38 1840.62 3054.76
P1157 0.01 5542.62 2690.48 5563.63 2690.25 5564.02 2725.55 5543.01 2725.78
P1157 0.01 1396.78 3605.92 1411.79 3617.08 1401.94 3630.32 1386.93 3619.16
P1157 0.01 1867.46 3165.87 1888.14 3174.27 1875.89 3204.40 1855.22 3196.00
P1157 0.01 1533.79 3055.33 1526.75 3072.58 1508.63 3065.20 1515.66 3047.94
P1157 0.01 1573.70 3034.10 1601.55 3047.27 1585.69 3080.82 1557.84 3067.65
P1157 0.01 966.17 3434.67 994.07 3443.58 984.93 3472.21 957.03 3463.30
P1157 0.01 4906.55 1969.79 4855.52 1981.55 4839.85 1913.55 4890.88 1901.79
P1157 0.01 1802.61 2262.45 1826.35 2265.29 1823.31 2290.68 1799.57 2287.85
P1157 0.01 4960.17 1916.11 4933.94 1950.26 4873.22 1903.62 4899.45 1869.47
P1157 0.01 2312.92 2930.44 2355.19 2939.21 2340.84 3008.35 2298.57 2999.57
P1157 0.01 1659.72 3104.23 1683.33 3110.82 1676.25 3136.21 1652.63 3129.62
P1157 0.01 1823.15 3139.92 1850.21 3151.05 1833.80 3190.96 1806.74 3179.83
P1157 0.01 1240.44 3540.86 1230.35 3568.88 1199.64 3557.81 1209.73 3529.79
P1157 0.01 1729.50 3113.43 1762.94 3124.77 1748.55 3167.17 1715.11 3155.82
P1157 0.01 1745.99 2978.37 1769.30 2989.45 1757.65 3013.95 1734.34 3002.88
P1157 0.01 3907.98 1482.25 3938.55 1452.40 3970.59 1485.22 3940.02 1515.07
P1157 0.01 3926.23 2411.28 3948.06 2407.37 3951.87 2428.64 3930.04 2432.55
P1157 0.01 3017.23 3283.97 3056.65 3316.59 3019.00 3362.09 2979.58 3329.46
P1157 0.01 2149.06 2104.21 2134.25 2115.79 2121.43 2099.41 2136.23 2087.82
P1157 0.01 3221.84 1331.90 3175.64 1333.93 3172.71 1267.36 3218.91 1265.32
P1157 0.01 1360.87 3504.72 1385.92 3507.31 1382.89 3536.59 1357.84 3534.00
P1157 0.01 724.00 3843.45 746.26 3840.89 749.87 3872.26 727.61 3874.82
P1157 0.01 2464.23 2296.30 2488.56 2304.57 2473.88 2347.75 2449.55 2339.48
P1157 0.01 2887.26 1389.48 2904.98 1397.16 2894.96 1420.29 2877.24 1412.62
P0185 0.06 1335.95 2702.54 1380.26 2706.19 1368.81 2845.49 1324.50 2841.85
P0185 0.01 1951.22 521.18 1977.92 537.18 1936.61 606.11 1909.91 590.11
P0185 0.01 1617.68 3100.07 1593.25 3146.22 1534.06 3114.88 1558.49 3068.73
P0185 0.01 1931.99 1011.39 1918.31 1045.00 1879.38 1029.15 1893.07 995.54
P0185 0.01 739.52 2711.37 821.79 2764.82 748.10 2878.24 665.83 2824.79
P2193 0.01 1228.06 1189.95 1237.00 1194.15 1232.17 1204.43 1223.23 1200.23
P1124 0.04 3332.24 2476.29 3620.44 2479.36 3616.73 2827.18 3328.53 2824.11
P1124 0.02 1165.52 2303.39 1414.76 2236.93 1468.34 2437.85 1219.10 2504.31
P1124 0.01 3586.34 2793.70 3511.79 2967.80 3260.29 2860.11 3334.84 2686.01
P1124 0.01 3901.92 2396.96 4040.03 2481.76 3941.66 2641.97 3803.55 2557.16
P0182 0.8 1854.14 1162.30 1963.86 1158.76 1966.57 1242.64 1856.85 1246.18
P0182 0.77 1813.54 1022.51 1914.17 1004.33 1927.75 1079.44 1827.11 1097.63
P0182 0.11 4654.54 512.52 4725.00 516.57 4719.43 613.52 4648.97 609.46
P0182 0.03 1884.83 1184.42 1893.73 1221.78 1855.07 1230.99 1846.17 1193.62
P0182 0.01 6875.42 2006.24 6841.25 2026.50 6802.90 1961.81 6837.07 1941.55
P0182 0.01 552.49 1599.40 454.58 1616.92 424.70 1449.90 522.62 1432.39
P0182 0.01 1908.59 1198.63 1913.20 1221.44 1881.71 1227.80 1877.11 1204.99
P0182 0.01 1912.77 1029.27 1923.06 1060.61 1865.75 1079.44 1855.46 1048.09
P0182 0.01 7177.59 1174.61 7143.98 1277.56 7019.33 1236.88 7052.93 1133.93
P0182 0.01 2359.12 1812.32 2332.86 1818.32 2312.12 1727.63 2338.38 1721.63
P0182 0.01 5993.94 1167.08 5986.11 1185.54 5946.66 1168.80 5954.49 1150.34
P2498 0.01 1365.68 1210.36 1338.79 1232.33 1310.15 1197.29 1337.04 1175.32
P2498 0.01 1332.70 1588.34 1340.49 1615.82 1311.18 1624.14 1303.38 1596.65
P1485 0.85 1008.29 2462.76 1117.95 2452.41 1131.48 2595.68 1021.82 2606.03
P0112 0.01 3645.85 4190.92 3629.68 4195.91 3619.86 4164.08 3636.03 4159.09
P0089 0.44 1055.94 177.42 1159.29 130.62 1181.87 180.47 1078.51 227.27
P0089 0.02 3340.73 3651.57 3296.28 3661.96 3272.41 3559.88 3316.86 3549.48
P0089 0.01 1182.73 165.41 1219.54 226.94 1122.13 285.22 1085.32 223.70
P0089 0.01 1165.87 229.84 1186.95 272.09 1138.43 296.30 1117.35 254.05
P0089 0.01 3395.13 3720.99 3320.32 3749.14 3249.79 3561.72 3324.60 3533.56
P0089 0.01 1087.67 210.44 1188.21 178.10 1197.25 206.21 1096.71 238.54
P1523 0.01 3274.43 982.64 3271.31 1010.81 3241.46 1007.50 3244.59 979.33
P1163 0.83 2177.23 1860.99 2255.97 1925.53 2201.08 1992.49 2122.34 1927.94
P1163 0.77 1467.15 2350.57 1496.91 2376.56 1468.41 2409.20 1438.65 2383.22
P1163 0.77 1449.54 2169.44 1487.17 2189.79 1466.48 2228.05 1428.84 2207.70
P1163 0.75 3530.37 4893.10 3573.85 4891.34 3575.93 4942.81 3532.45 4944.57
P1163 0.72 1380.81 2305.79 1414.38 2327.82 1390.28 2364.55 1356.71 2342.51
P1163 0.39 4247.03 939.08 4313.83 967.33 4286.09 1032.94 4219.29 1004.70
P1163 0.04 5743.31 2247.89 5747.22 2265.26 5719.95 2271.40 5716.04 2254.03
P1163 0.02 4017.75 840.18 4084.30 858.87 4065.04 927.44 3998.49 908.75
P1163 0.01 5719.34 2240.10 5730.24 2252.09 5715.28 2265.69 5704.38 2253.71
P1163 0.01 5087.32 1352.37 5069.78 1360.10 5056.75 1330.53 5074.28 1322.80
P1163 0.01 4275.62 1002.38 4284.95 1009.27 4269.39 1030.31 4260.06 1023.41
P1163 0.01 5037.76 3889.17 5036.65 3912.72 5010.45 3911.49 5011.56 3887.93
P1664 0.01 975.17 1398.34 958.81 1446.70 900.87 1427.11 917.23 1378.74
P0901 0.01 199.51 2016.53 216.61 2052.98 147.11 2085.59 130.01 2049.14
P0807 0.01 1081.73 185.37 1055.66 195.01 1045.10 166.47 1071.16 156.82
P0807 0.01 691.86 651.85 570.80 677.93 544.65 556.52 665.71 530.44
P2784 0.01 2162.65 1964.30 2086.40 2058.61 1919.40 1923.59 1995.65 1829.28
P1411 0.01 1791.05 3065.73 1791.25 3098.79 1753.24 3099.02 1753.04 3065.96
P0181 0.8 4041.67 583.40 4152.91 607.01 4135.75 687.89 4024.51 664.28
P0181 0.02 5566.62 518.03 5616.81 519.96 5615.93 542.94 5565.74 541.01
P0181 0.01 6264.57 632.71 6252.87 683.84 6147.52 659.73 6159.22 608.60
P0181 0.01 1341.74 1055.36 1336.24 1090.05 1246.46 1075.81 1251.97 1041.13
P0181 0.01 5910.83 794.67 5960.04 800.48 5957.60 821.10 5908.39 815.28
P0181 0.01 2032.13 452.60 2018.92 461.42 2009.93 447.97 2023.14 439.15
P0181 0.01 1225.06 1154.08 1281.76 1149.85 1283.54 1173.77 1226.85 1178.00
P0137 0.27 3599.96 1216.90 3655.81 1233.44 3641.42 1282.01 3585.58 1265.47
P0137 0.04 3990.03 1354.26 3972.13 1383.07 3941.59 1364.10 3959.49 1335.29
P0137 0.04 4446.86 1088.73 4475.03 1106.45 4445.46 1153.48 4417.28 1135.77
P0137 0.01 3081.36 2658.15 3093.90 2659.26 3092.68 2672.98 3080.14 2671.86
P0137 0.01 3691.71 2085.26 3701.29 2107.68 3672.26 2120.09 3662.68 2097.67
P0137 0.01 4674.23 3244.39 4687.44 3248.58 4681.35 3267.74 4668.15 3263.55
P0024 0.01 2084.33 735.74 2102.61 756.57 2081.54 775.05 2063.27 754.21
P0024 0.01 739.40 693.25 738.53 716.19 712.79 715.22 713.65 692.28
P0040 0.05 443.35 3278.38 481.63 3334.62 407.86 3384.82 369.59 3328.58
P0040 0.04 394.81 3045.49 466.98 3056.80 453.10 3145.42 380.93 3134.12
P0040 0.01 1297.75 589.46 1328.10 591.81 1323.36 653.02 1293.01 650.67
P0040 0.01 349.53 4075.56 340.59 4132.37 252.98 4118.58 261.92 4061.77
P1402 0.27 1577.21 674.51 1595.43 676.32 1593.72 693.56 1575.50 691.76
P1402 0.22 3559.99 3203.48 3569.63 3203.75 3568.88 3231.03 3559.24 3230.77
P1402 0.22 3570.69 3205.56 3581.85 3205.93 3581.03 3231.25 3569.87 3230.89
P1402 0.12 1536.32 824.66 1555.33 819.81 1561.36 843.46 1542.35 848.31
P1402 0.1 1238.57 1496.93 1276.28 1469.23 1304.92 1508.21 1267.21 1535.91
P1402 0.08 3548.57 3204.22 3558.97 3204.58 3558.07 3230.58 3547.67 3230.22
P1402 0.08 3604.01 3207.00 3614.79 3207.42 3613.82 3231.87 3603.04 3231.44
P1402 0.05 3625.35 3209.73 3636.74 3210.15 3635.90 3232.90 3624.52 3232.48
P1402 0.05 3634.73 3372.22 3649.25 3375.11 3645.73 3392.74 3631.22 3389.84
P1402 0.05 1743.15 3776.97 1767.47 3784.92 1762.51 3800.10 1738.19 3792.15
P1402 0.04 1606.00 1163.42 1607.77 1180.69 1589.53 1182.56 1587.76 1165.29
P1402 0.04 1558.15 749.43 1542.09 751.86 1539.66 735.74 1555.72 733.32
P1402 0.04 3538.21 3268.30 3550.88 3269.73 3548.62 3289.74 3535.95 3288.31
P1402 0.04 3636.34 3208.56 3646.79 3208.43 3647.10 3232.40 3636.65 3232.54
P1402 0.04 3524.04 3199.43 3538.20 3200.31 3536.39 3229.52 3522.22 3228.64
P1402 0.03 3594.68 3129.14 3581.50 3130.07 3579.67 3104.21 3592.86 3103.28
P1402 0.03 1604.22 999.77 1604.33 1016.33 1582.47 1016.47 1582.36 999.92
P1402 0.03 1596.37 507.59 1575.64 508.27 1574.96 487.41 1595.70 486.74
P1402 0.02 1458.51 1046.16 1469.66 1058.06 1453.62 1073.09 1442.47 1061.18
P1402 0.02 3592.65 3206.29 3603.55 3206.77 3602.42 3232.49 3591.52 3232.01
P1402 0.02 3553.51 3267.77 3567.57 3269.94 3564.40 3290.53 3550.34 3288.36
P1402 0.02 1088.09 1274.79 1101.72 1264.04 1112.26 1277.39 1098.63 1288.15
P1402 0.02 3583.00 3129.10 3570.84 3129.68 3569.56 3103.02 3581.71 3102.44
P1402 0.02 1835.58 3843.05 1838.63 3855.95 1810.67 3862.57 1807.61 3849.66
P1402 0.02 1595.64 1116.03 1582.39 1116.35 1581.90 1096.51 1595.15 1096.18
P1402 0.02 3438.00 3301.61 3437.33 3319.00 3411.91 3318.02 3412.58 3300.63
P1402 0.02 3626.66 3127.22 3615.65 3127.37 3615.41 3109.81 3626.42 3109.66
P1402 0.02 3571.87 3128.81 3558.95 3128.88 3558.81 3103.74 3571.73 3103.67
P1402 0.02 3605.82 3128.86 3592.62 3129.66 3591.13 3105.05 3604.33 3104.25
P1402 0.02 3645.22 3455.47 3653.37 3456.17 3651.37 3479.30 3643.21 3478.59
P1402 0.02 3439.91 3194.79 3452.42 3197.30 3447.23 3223.21 3434.72 3220.71
P1402 0.02 1562.00 71.16 1577.24 79.79 1571.62 89.72 1556.38 81.09
P1402 0.02 3509.85 3265.75 3524.16 3268.97 3519.87 3288.05 3505.56 3284.84
P1402 0.02 1862.48 908.98 1885.52 929.92 1867.95 949.25 1844.91 928.31
P1402 0.01 2934.56 1397.06 2935.81 1405.30 2913.79 1408.64 2912.54 1400.39
P1402 0.01 3515.06 3103.82 3527.87 3104.23 3527.13 3126.97 3514.33 3126.55
P1402 0.01 1931.64 3901.59 1918.61 3920.17 1878.72 3892.21 1891.75 3873.63
P1402 0.01 3616.33 3128.88 3603.43 3129.77 3601.64 3103.59 3614.54 3102.71
P1402 0.01 3661.73 3454.74 3669.36 3455.72 3666.34 3479.14 3658.72 3478.16
P1402 0.01 1538.75 1192.99 1551.51 1192.18 1552.22 1203.34 1539.46 1204.15
P1402 0.01 3632.94 3455.19 3642.60 3455.89 3640.84 3480.40 3631.17 3479.70
P1402 0.01 1650.81 3584.85 1634.69 3595.51 1611.97 3561.13 1628.10 3550.47
P1402 0.01 3637.44 3127.78 3625.39 3129.18 3622.56 3104.92 3634.61 3103.52
P1402 0.01 3978.00 2422.28 3976.46 2442.61 3935.35 2439.50 3936.89 2419.17
P1402 0.01 1897.43 504.52 1880.98 506.98 1877.99 487.01 1894.44 484.55
P1402 0.01 3526.49 3107.27 3538.68 3107.34 3538.58 3126.28 3526.39 3126.21
P1402 0.01 1593.58 1496.63 1575.52 1507.71 1564.09 1489.09 1582.15 1478.01
P1402 0.01 1604.24 1023.59 1602.96 1037.69 1584.01 1035.97 1585.29 1021.88
P1402 0.01 3865.58 3025.08 3863.50 3045.36 3815.32 3040.41 3817.41 3020.13
P1402 0.01 1656.65 3623.45 1660.31 3649.47 1616.88 3655.58 1613.23 3629.55
P1402 0.01 1704.66 3712.68 1677.89 3726.27 1662.81 3696.56 1689.58 3682.97
P1402 0.01 3956.13 2502.20 3940.66 2520.35 3918.16 2501.16 3933.63 2483.02
P1402 0.01 3376.79 3002.96 3386.67 3003.31 3385.82 3027.90 3375.94 3027.56
P1402 0.01 3464.39 3108.01 3464.40 3122.56 3438.19 3122.58 3438.18 3108.04
P1402 0.01 3942.08 2968.75 3940.75 3014.04 3793.50 3009.71 3794.84 2964.42
P1402 0.01 3483.07 3105.60 3493.88 3105.74 3493.64 3125.38 3482.82 3125.24
P1402 0.01 3979.59 3021.88 3980.35 3046.84 3943.91 3047.96 3943.14 3023.00
P1402 0.01 3600.24 3036.44 3597.56 3061.59 3468.25 3047.78 3470.94 3022.63
P1402 0.01 1912.72 503.99 1900.09 505.27 1898.18 486.42 1910.81 485.14
P1402 0.01 1892.52 3899.28 1884.44 3921.78 1853.33 3910.61 1861.41 3888.12
P1402 0.01 3659.13 3109.65 3671.30 3109.81 3671.05 3128.97 3658.88 3128.81
P1402 0.01 1707.94 3649.63 1711.37 3675.53 1650.64 3683.56 1647.22 3657.66
P1402 0.01 3924.71 3025.56 3923.27 3046.00 3884.14 3043.25 3885.58 3022.82
P1402 0.01 1643.57 3573.96 1647.90 3593.43 1615.82 3600.56 1611.49 3581.09
P1402 0.01 3949.69 2981.13 3951.22 3006.42 3894.49 3009.84 3892.96 2984.55
P1402 0.01 3861.82 3194.62 3875.41 3196.72 3872.24 3217.27 3858.65 3215.17
P1402 0.01 3494.14 3106.45 3505.44 3106.50 3505.36 3125.76 3494.06 3125.71
P1402 0.01 1668.17 3693.46 1668.73 3719.03 1619.31 3720.11 1618.75 3694.53
P1402 0.01 1875.34 505.14 1863.05 506.55 1860.84 487.19 1873.12 485.78
P1402 0.01 2469.07 2631.96 2447.76 2656.12 2421.58 2633.03 2442.89 2608.87
P1402 0.01 3858.22 2957.30 3830.65 2960.40 3826.57 2924.13 3854.14 2921.03
P1402 0.01 3775.82 2404.56 3791.88 2405.32 3790.78 2428.55 3774.72 2427.79
P1402 0.01 3484.62 3304.20 3483.75 3319.90 3453.60 3318.23 3454.47 3302.53
P1402 0.01 3786.90 3140.78 3777.30 3141.21 3776.56 3124.57 3786.17 3124.15
P1402 0.01 3847.97 3214.43 3834.32 3215.72 3831.92 3190.50 3845.57 3189.20
P1402 0.01 3445.29 3204.01 3456.89 3205.59 3454.55 3222.74 3442.96 3221.16
P1402 0.01 3549.19 3122.85 3538.09 3123.75 3536.99 3110.04 3548.09 3109.15
P1402 0.01 1919.41 926.65 1918.63 937.44 1887.90 935.19 1888.69 924.40
P1402 0.01 3670.99 3408.48 3685.65 3410.59 3681.48 3439.61 3666.82 3437.50
P1402 0.01 1554.60 1152.83 1541.39 1153.08 1541.14 1139.37 1554.34 1139.13
P1402 0.01 2937.48 1412.25 2939.69 1422.22 2915.51 1427.59 2913.29 1417.61
P1402 0.01 1734.50 3704.72 1722.78 3720.53 1694.70 3699.71 1706.43 3683.90
P1402 0.01 457.26 3679.64 445.90 3692.82 421.55 3671.82 432.91 3658.64
P1402 0.01 3779.90 3186.04 3780.23 3201.39 3746.86 3202.10 3746.54 3186.75
P1402 0.01 1644.98 3566.18 1638.75 3575.26 1618.06 3561.06 1624.29 3551.98
P1402 0.01 2105.94 2308.75 2097.42 2333.46 2049.07 2316.79 2057.59 2292.08
P1402 0.01 1910.10 3884.13 1920.95 3895.92 1902.39 3912.99 1891.54 3901.19
P1402 0.01 3472.63 3122.54 3461.35 3122.65 3461.14 3101.45 3472.43 3101.34
P1402 0.01 3402.50 3028.76 3392.91 3030.52 3389.07 3009.56 3398.66 3007.80
P1402 0.01 1558.39 3667.67 1552.57 3691.26 1520.89 3683.45 1526.71 3659.86
P1402 0.01 1733.74 3651.07 1712.77 3674.00 1674.86 3639.32 1695.83 3616.40
P1402 0.01 3863.42 2979.73 3863.97 3003.19 3804.83 3004.55 3804.29 2981.10
P1402 0.01 1722.03 3648.23 1722.43 3669.27 1692.27 3669.84 1691.86 3648.81
P1402 0.01 3771.19 2449.16 3822.69 2533.56 3683.04 2618.78 3631.53 2534.37
P1402 0.01 3915.12 2487.02 3915.69 2510.43 3855.83 2511.88 3855.26 2488.47
P1402 0.01 3588.57 3291.75 3572.73 3291.86 3572.55 3265.37 3588.39 3265.26
P1402 0.01 3484.25 3123.27 3471.64 3123.48 3471.37 3107.14 3483.99 3106.93
P1402 0.01 1668.99 3627.13 1638.78 3635.21 1627.19 3591.89 1657.40 3583.80
P1402 0.01 3296.25 2557.85 3311.89 2559.34 3310.01 2579.07 3294.37 2577.58
P1402 0.01 3752.68 2405.02 3768.63 2406.70 3766.37 2428.19 3750.41 2426.51
P1402 0.01 3696.12 3333.07 3694.78 3356.68 3637.81 3353.47 3639.14 3329.86
P1402 0.01 1645.25 3577.48 1655.96 3608.75 1617.17 3622.05 1606.45 3590.78
P1402 0.01 3366.55 2578.54 3349.86 2579.32 3348.86 2557.87 3365.55 2557.09
P1402 0.01 3497.42 3061.12 3485.30 3061.50 3484.76 3044.51 3496.89 3044.13
P1402 0.01 3953.33 2532.30 3956.57 2560.58 3889.26 2568.29 3886.02 2540.01
P1402 0.01 1856.82 508.30 1842.44 508.47 1842.19 488.04 1856.58 487.87
P1402 0.01 2468.87 2476.34 2487.27 2496.83 2463.85 2517.87 2445.45 2497.38
P1402 0.01 3087.28 2934.81 3077.60 2944.30 3045.68 2911.76 3055.36 2902.27
P1402 0.01 3711.69 2413.90 3732.48 2414.14 3732.19 2439.25 3711.40 2439.01
P1402 0.01 3825.49 737.28 3831.69 750.75 3803.92 763.55 3797.71 750.07
P1402 0.01 1817.11 3737.22 1804.70 3746.29 1780.01 3712.48 1792.41 3703.42
P1402 0.01 3914.16 2408.82 3913.37 2430.96 3879.56 2429.75 3880.35 2407.62
P1402 0.01 3679.55 3117.39 3664.26 3119.60 3662.02 3104.09 3677.32 3101.89
P1402 0.01 3943.44 3158.80 3944.36 3177.33 3913.81 3178.85 3912.89 3160.31
P1402 0.01 3530.14 3014.25 3534.40 3047.35 3398.12 3064.93 3393.85 3031.82
P1402 0.01 3560.37 3308.70 3572.98 3308.76 3572.89 3328.47 3560.27 3328.41
P1402 0.01 3579.15 3117.17 3567.02 3117.40 3566.68 3100.17 3578.81 3099.93
P1402 0.01 3473.42 2990.66 3462.51 2992.22 3459.61 2971.98 3470.52 2970.42
P1402 0.01 3533.41 3305.22 3533.27 3320.47 3499.14 3320.15 3499.28 3304.90
P1402 0.01 3648.99 3112.46 3659.99 3112.47 3659.98 3128.12 3648.97 3128.11
P1402 0.01 3502.07 2988.95 3509.06 3030.99 3386.91 3051.32 3379.92 3009.28
P1402 0.01 1840.99 3834.75 1830.81 3848.45 1798.24 3824.24 1808.42 3810.54
P1402 0.01 1801.80 3733.34 1791.11 3740.29 1780.87 3724.56 1791.56 3717.60
P1402 0.01 2924.88 1319.38 2923.90 1329.12 2902.25 1326.95 2903.23 1317.21
P1402 0.01 3311.15 2557.34 3328.67 2558.41 3327.38 2579.36 3309.86 2578.29
P1402 0.01 1739.08 3609.07 1706.28 3621.33 1693.66 3587.59 1726.46 3575.33
P1402 0.01 3566.76 3111.53 3555.94 3113.95 3553.25 3101.96 3564.07 3099.54
P1402 0.01 3589.63 3048.44 3600.02 3048.72 3599.53 3067.01 3589.14 3066.73
P1402 0.01 3761.19 2419.21 3780.17 2419.33 3780.03 2440.44 3761.05 2440.32
P1402 0.01 3584.81 3415.25 3584.48 3429.51 3540.21 3428.49 3540.54 3414.23
P1402 0.01 3890.26 2431.91 3872.56 2432.44 3871.87 2409.27 3889.57 2408.74
P1402 0.01 3955.34 2587.76 3955.82 2608.49 3901.58 2609.75 3901.10 2589.02
P1402 0.01 3882.26 2408.78 3879.23 2434.09 3833.54 2428.62 3836.56 2403.32
P1402 0.01 3412.53 3041.55 3413.33 3058.14 3377.05 3059.88 3376.26 3043.29
P1402 0.01 3610.39 3288.82 3594.31 3290.68 3591.73 3268.39 3607.81 3266.53
P1402 0.01 923.92 3666.47 920.38 3670.36 903.86 3655.29 907.40 3651.40
P1402 0.01 3361.83 2424.77 3362.09 2452.69 3292.29 2453.34 3292.03 2425.42
P1402 0.01 3633.55 4037.95 3653.56 4038.82 3652.08 4072.84 3632.06 4071.96
P1402 0.01 3757.03 2638.85 3771.34 2642.06 3768.31 2655.58 3754.00 2652.37
P1402 0.01 3593.92 3308.16 3604.23 3315.29 3596.06 3327.10 3585.74 3319.97
P1402 0.01 3648.77 3410.98 3658.17 3412.05 3655.57 3434.69 3646.17 3433.61
P1402 0.01 3430.75 3196.83 3439.64 3197.55 3437.46 3224.73 3428.56 3224.02
P1402 0.01 1558.85 83.07 1570.21 93.75 1559.99 104.61 1548.63 93.93
P1402 0.01 3636.49 3412.31 3645.70 3412.74 3644.71 3433.74 3635.50 3433.31
P1402 0.01 3250.71 2824.01 3262.43 2824.77 3261.33 2841.68 3249.61 2840.91
P1402 0.01 3672.42 3455.75 3682.85 3456.32 3681.64 3478.58 3671.21 3478.02
P1402 0.01 3861.05 2648.66 3877.44 2650.87 3875.23 2667.32 3858.83 2665.11
P1402 0.01 3756.77 3201.91 3745.45 3202.46 3744.73 3187.65 3756.05 3187.10
P1402 0.01 3637.01 3108.92 3649.50 3108.95 3649.46 3127.74 3636.97 3127.71
P1402 0.01 3746.03 3187.09 3745.65 3202.65 3722.71 3202.10 3723.08 3186.54
P1402 0.01 3425.52 3196.17 3436.46 3198.66 3431.23 3221.60 3420.29 3219.11
P1402 0.01 1807.91 3877.40 1831.64 3895.09 1812.43 3920.86 1788.70 3903.16
P1402 0.01 3572.48 3304.80 3573.36 3321.62 3531.06 3323.85 3530.18 3307.04
P1402 0.01 3412.16 3060.06 3401.09 3060.49 3400.42 3043.36 3411.50 3042.93
P1402 0.01 1853.28 3792.53 1841.46 3801.15 1815.82 3765.99 1827.64 3757.37
P1402 0.01 3550.49 3107.14 3561.35 3109.49 3557.84 3125.67 3546.98 3123.31
P1402 0.01 3821.04 2407.86 3842.65 2408.26 3842.20 2432.34 3820.59 2431.94
P1402 0.01 3918.47 3395.04 3906.84 3395.05 3906.82 3361.94 3918.45 3361.93
P1402 0.01 1674.84 1848.66 1673.61 1861.71 1649.80 1859.45 1651.03 1846.41
P1402 0.01 1720.73 3658.13 1729.20 3685.06 1693.40 3696.32 1684.92 3669.39
P1402 0.01 3809.88 3141.51 3798.81 3141.83 3798.29 3124.07 3809.35 3123.74
P1402 0.01 3682.23 3128.54 3670.16 3129.22 3669.11 3110.33 3681.17 3109.66
P1402 0.01 3436.20 3264.65 3450.06 3266.74 3447.17 3285.98 3433.30 3283.89
P1402 0.01 3555.96 2825.03 3566.38 2825.94 3564.87 2843.30 3554.46 2842.40
P1402 0.01 1759.31 3792.17 1770.78 3795.09 1767.65 3807.42 1756.18 3804.50
P1402 0.01 3604.04 3307.33 3604.40 3325.08 3572.67 3325.73 3572.31 3307.98
P1402 0.01 3747.56 2932.66 3745.51 2956.53 3675.13 2950.50 3677.18 2926.62
P1402 0.0 3861.75 2751.15 3872.83 2750.77 3873.25 2762.76 3862.16 2763.14
P1151 0.08 1394.08 1474.12 1514.65 1411.87 1548.37 1477.17 1427.80 1539.43
P1151 0.08 1820.63 2314.76 1956.48 2224.19 2011.53 2306.78 1875.68 2397.34
P1151 0.05 1690.44 2064.09 1818.15 1988.39 1873.08 2081.05 1745.37 2156.76
P1151 0.05 2114.54 2844.17 2261.63 2708.61 2325.92 2778.37 2178.83 2913.93
P1151 0.04 1738.59 2155.16 1879.35 2065.81 1936.64 2156.06 1795.89 2245.41
P1151 0.04 2051.70 2718.32 2161.97 2655.24 2193.20 2709.83 2082.93 2772.91
P1151 0.03 2183.37 2635.98 2049.05 2695.31 1987.39 2555.73 2121.71 2496.39
P1151 0.02 1616.06 1916.08 1740.88 1845.71 1780.40 1915.80 1655.58 1986.17
P1151 0.02 1695.66 2636.32 1746.09 2755.88 1615.77 2810.86 1565.33 2691.30
P1151 0.02 1817.84 2873.01 1896.83 3032.23 1709.75 3125.05 1630.75 2965.82
P1151 0.02 1785.47 1922.11 1834.79 2004.89 1707.69 2080.62 1658.37 1997.85
P1151 0.02 2211.71 2682.41 2243.32 2723.52 2119.41 2818.82 2087.79 2777.70
P1151 0.01 2480.52 3169.85 2541.26 3245.23 2443.56 3323.96 2382.82 3248.59
P1151 0.01 1892.16 2057.39 1762.94 2158.60 1601.15 1952.03 1730.37 1850.83
P1151 0.01 1922.84 2468.92 2046.26 2393.38 2103.69 2487.22 1980.27 2562.76
P1151 0.01 1578.30 1537.48 1629.43 1630.18 1505.91 1698.31 1454.77 1605.61
P1151 0.01 1659.70 1698.95 1708.81 1799.48 1581.55 1861.65 1532.43 1761.12
P1151 0.01 2386.53 3133.96 2419.93 3194.67 2306.71 3256.96 2273.31 3196.24
P1151 0.01 2142.69 335.93 2201.60 412.32 1962.47 596.74 1903.56 520.35
P1151 0.01 2353.24 3950.19 2382.52 4035.16 2224.67 4089.55 2195.39 4004.59
P1151 0.01 2314.20 2927.44 2345.70 3021.28 2226.02 3061.45 2194.52 2967.62
P1151 0.01 986.86 1668.54 1023.76 1729.53 924.50 1789.60 887.60 1728.60
P1151 0.01 1630.07 2609.71 1454.88 2695.76 1347.77 2477.68 1522.96 2391.63
P1151 0.01 1640.38 2818.37 1541.49 2881.58 1473.89 2775.82 1572.78 2712.61
P1151 0.01 2000.26 2320.67 2047.92 2396.66 1935.22 2467.34 1887.56 2391.35
P1151 0.01 2368.87 3077.15 2398.17 3135.02 2288.96 3190.31 2259.67 3132.44
P1151 0.01 2331.87 2974.61 2353.90 3027.74 2259.61 3066.84 2237.57 3013.71
P1151 0.01 1542.77 2618.88 1585.10 2676.55 1486.30 2749.05 1443.98 2691.39
P1151 0.01 1480.71 1331.30 1521.34 1429.49 1394.43 1482.00 1353.80 1383.81
P1151 0.01 2753.77 3715.93 2785.15 3824.81 2594.88 3879.64 2563.50 3770.77
P1151 0.01 1730.53 2926.19 1630.02 3004.33 1550.51 2902.06 1651.02 2823.92
P1151 0.01 2133.66 2932.27 2271.35 2909.24 2283.56 2982.27 2145.87 3005.29
P1151 0.01 1780.02 415.41 1728.71 425.28 1707.21 313.55 1758.53 303.68
P1151 0.01 1916.43 3166.57 2083.81 3280.61 1955.56 3468.84 1788.18 3354.80
P1151 0.01 484.67 3423.62 356.60 3434.14 341.64 3252.21 469.71 3241.68
P1151 0.0 1202.64 2314.22 1350.33 2177.81 1422.73 2256.20 1275.05 2392.61
P1796 0.01 1827.72 4874.42 1853.07 4892.79 1834.09 4918.98 1808.74 4900.61
P1796 0.01 1245.89 5126.51 1269.56 5137.86 1249.88 5178.89 1226.21 5167.54
P1796 0.01 3814.42 4042.64 3832.44 4062.53 3803.76 4088.52 3785.73 4068.62
P0669 0.01 1045.52 956.04 1056.04 968.80 1027.79 992.10 1017.27 979.34
P0916 0.01 1832.27 348.85 1844.35 367.46 1820.71 382.80 1808.63 364.19
P2715 0.01 1865.22 1854.24 1866.95 1865.67 1845.25 1868.94 1843.52 1857.51
P1417 0.02 2176.99 1422.26 2155.64 1459.53 2063.92 1406.99 2085.27 1369.72
P1417 0.01 2924.20 2277.88 2981.87 2324.92 2903.23 2421.36 2845.55 2374.33
P1417 0.01 3437.31 576.20 3484.54 603.36 3406.86 738.42 3359.63 711.26
