P1523 0.1109384298324585 1113.07 924.50 1130.97 952.67 1103.08 969.74 1084.92 941.61
P1523 0.10135805606842041 3440.91 966.84 3457.55 1006.95 3420.23 1023.38 3405.50 984.03
P2238 0.1830286979675293 978.06 318.99 1009.49 342.98 972.33 365.60 941.94 341.92
P1406 0.6424127817153931 5079.97 4011.93 5112.70 4046.89 5077.53 4076.72 5044.96 4041.85
P1406 0.13370217382907867 5251.31 3471.74 5344.60 3551.80 5258.94 3650.29 5164.88 3570.07
P1406 0.05645718052983284 3959.09 3852.17 3978.48 3868.98 3960.19 3888.56 3941.03 3871.83
P2635 0.3741699755191803 2740.49 3274.42 2774.46 3274.42 2774.46 3367.88 2740.49 3367.88
P2635 0.17243249714374542 2296.23 1171.87 2452.52 1171.87 2452.52 1304.99 2296.23 1304.99
P2635 0.09760525822639465 2197.61 1135.96 2218.69 1165.03 2196.54 1202.86 2179.46 1174.89
P2635 0.07377150654792786 3346.78 2434.61 3359.94 2499.84 3331.18 2528.99 3321.29 2465.13
P1677 0.10886555910110474 3046.93 2988.43 3092.95 2988.43 3092.95 3019.73 3046.93 3019.73
P1677 0.07584888488054276 3036.73 2930.99 3088.13 2930.99 3088.13 2973.73 3036.73 2973.73
P1677 0.06656152755022049 1581.56 3049.28 1602.27 3102.84 1556.83 3124.50 1537.00 3071.74
P0137 0.7595763206481934 3618.21 1220.95 3651.17 1247.82 3619.49 1275.54 3588.41 1248.52
P0137 0.06460841745138168 4780.18 1833.37 4793.42 1840.74 4779.55 1848.00 4766.99 1840.77
P0137 0.05172243341803551 4730.31 1828.64 4741.24 1839.17 4728.23 1848.00 4717.46 1837.64
P0057 0.27313169836997986 1899.87 452.96 1940.93 452.96 1940.93 523.28 1899.87 523.28
P0057 0.2625487148761749 1872.04 448.06 1911.44 448.06 1911.44 526.13 1872.04 526.13
P1378 0.28927531838417053 3723.04 3038.23 3739.17 3055.84 3721.37 3073.21 3705.58 3055.56
P0043 0.15493685007095337 3237.00 2312.42 3250.91 2340.97 3222.74 2355.11 3211.03 2327.20
P1162 0.8294567465782166 501.81 524.81 681.95 524.81 681.95 811.55 501.81 811.55
P2498 0.25976648926734924 1339.03 1177.21 1365.08 1207.97 1338.78 1235.53 1312.87 1204.52
P1402 0.40232932567596436 3481.97 2472.00 3496.00 2489.56 3476.43 2503.61 3464.06 2486.49
P1402 0.3289848566055298 1752.07 3773.07 1769.07 3785.52 1754.33 3800.03 1737.95 3787.60
P1402 0.2914535105228424 3736.65 2928.31 3748.95 2944.62 3734.26 2960.51 3723.59 2944.54
P1402 0.26887959241867065 3830.07 2928.02 3857.78 2928.02 3857.78 2959.07 3830.07 2959.07
P1402 0.24669942259788513 3670.59 2923.60 3679.92 2942.64 3665.77 2953.62 3657.16 2935.00
P1402 0.22687914967536926 1553.42 819.98 1561.59 839.76 1543.81 847.82 1537.01 828.49
P1402 0.21103593707084656 1840.82 490.88 1857.59 490.88 1857.59 509.77 1840.82 509.77
P1402 0.20594631135463715 3541.40 2644.17 3554.15 2659.96 3535.95 2671.45 3524.20 2656.08
P1402 0.17550639808177948 3453.96 3305.77 3486.14 3305.77 3486.14 3321.41 3453.96 3321.41
P1402 0.16337551176548004 1577.13 678.84 1595.10 678.84 1595.10 698.88 1577.13 698.88
P1402 0.16035683453083038 3260.71 2641.24 3274.42 2653.00 3260.96 2667.64 3248.52 2656.24
P1402 0.1526944488286972 1581.71 1000.31 1603.07 1000.31 1603.07 1017.90 1581.71 1017.90
P1402 0.14330489933490753 3259.24 2550.23 3267.15 2568.96 3249.90 2577.55 3243.16 2559.40
P1402 0.1378229707479477 1878.82 486.09 1897.90 486.09 1897.90 507.23 1878.82 507.23
P1402 0.13687866926193237 1922.08 3894.68 1933.20 3911.34 1912.19 3921.11 1902.39 3904.91
P1402 0.1335880011320114 1573.88 486.49 1598.07 486.49 1598.07 509.69 1573.88 509.69
P1402 0.12747545540332794 3808.48 4053.66 3848.86 4053.66 3848.86 4096.36 3808.48 4096.36
P1402 0.12247242033481598 3817.85 2979.45 3826.16 2997.55 3811.43 3006.54 3803.84 2988.87
P1402 0.11370645463466644 1810.78 3877.32 1830.51 3898.99 1809.10 3921.42 1789.17 3899.83
P1402 0.1083270013332367 3415.33 2601.99 3424.91 2617.26 3408.92 2626.54 3400.31 2611.60
P1402 0.10213052481412888 1583.51 1017.31 1603.42 1017.31 1603.42 1038.68 1583.51 1038.68
P1402 0.09704863280057907 1638.04 3575.94 1655.63 3592.20 1624.43 3602.17 1608.91 3586.22
P1402 0.09528109431266785 1898.23 491.86 1915.11 491.86 1915.11 507.46 1898.23 507.46
P1402 0.09207375347614288 1838.38 3887.06 1848.00 3903.30 1837.59 3920.18 1828.10 3903.75
P1402 0.08703245967626572 3353.99 2901.94 3370.63 2901.94 3370.63 2922.41 3353.99 2922.41
P1402 0.0858771875500679 3415.64 2775.37 3439.10 2775.37 3439.10 2798.84 3415.64 2798.84
P1402 0.08587382733821869 1860.29 490.45 1872.97 490.45 1872.97 509.91 1860.29 509.91
P1402 0.08396773040294647 3678.35 3411.72 3686.03 3425.21 3674.90 3435.97 3668.27 3422.79
P1402 0.0786074548959732 3506.96 3265.17 3528.30 3265.17 3528.30 3289.71 3506.96 3289.71
P1402 0.07427897304296494 3940.40 2982.56 3949.20 2997.25 3935.01 3006.77 3927.14 2992.48
P1402 0.07332852482795715 748.84 3922.23 811.08 3988.25 749.42 4057.16 687.64 3991.40
P1402 0.07239942252635956 3444.57 3264.53 3456.70 3275.48 3443.31 3286.70 3432.40 3276.14
P1402 0.07013359665870667 3590.82 3266.66 3609.79 3266.66 3609.79 3291.33 3590.82 3291.33
P1402 0.06874499469995499 3788.42 2532.70 3795.26 2547.18 3780.97 2553.85 3774.88 2539.71
P1402 0.06625359505414963 3480.61 2776.18 3498.45 2776.18 3498.45 2798.67 3480.61 2798.67
P1402 0.06582404673099518 3366.52 2650.55 3375.77 2662.46 3363.39 2672.00 3354.95 2660.50
P1402 0.06564980000257492 1579.02 1132.46 1599.48 1132.46 1599.48 1146.74 1579.02 1146.74
P1402 0.06315219402313232 3530.22 2898.29 3537.17 2913.21 3524.87 2920.55 3518.35 2905.99
P1402 0.06291750818490982 3795.21 2533.61 3817.32 2533.61 3817.32 2555.10 3795.21 2555.10
P1402 0.06251955032348633 3767.83 4055.87 3803.42 4055.87 3803.42 4083.52 3767.83 4083.52
P1402 0.06124887615442276 3465.69 2775.77 3482.28 2775.77 3482.28 2798.31 3465.69 2798.31
P1402 0.06084053963422775 3359.79 2552.29 3380.49 2552.29 3380.49 2576.09 3359.79 2576.09
P1402 0.060796819627285004 3321.38 2550.60 3341.26 2550.60 3341.26 2575.17 3321.38 2575.17
P1402 0.05551549419760704 3168.38 2640.89 3182.15 2653.81 3169.26 2670.04 3156.51 2657.44
P1402 0.05549079552292824 3275.35 2688.61 3304.10 2688.61 3304.10 2718.48 3275.35 2718.48
P1402 0.05456490442156792 188.96 3473.88 201.32 3484.72 189.29 3494.59 177.18 3483.84
P1402 0.05274831876158714 3895.29 2410.06 3914.20 2410.06 3914.20 2431.16 3895.29 2431.16
P1125 0.2380353808403015 1605.57 2766.34 1630.61 2830.26 1585.95 2859.13 1561.81 2796.18
P1125 0.1672973781824112 382.40 1127.98 389.73 1175.68 368.52 1187.81 362.82 1140.89
P1125 0.16400770843029022 1818.58 2787.37 1843.82 2837.51 1795.74 2865.03 1772.30 2815.71
P1125 0.09535625576972961 2806.92 3526.72 2857.66 3526.72 2857.66 3636.73 2806.92 3636.73
P1125 0.05480046197772026 3741.86 2683.01 3748.68 2722.48 3732.51 2736.79 3726.72 2697.62
P0185 0.213704451918602 1328.44 2706.53 1373.63 2706.53 1373.63 2851.13 1328.44 2851.13
P2596 0.1165202334523201 1186.13 1326.59 1222.87 1354.29 1171.52 1373.55 1140.25 1346.33
P2596 0.09669960290193558 985.54 994.41 1013.49 1042.80 951.71 1062.73 928.98 1014.80
P1865 0.6675992012023926 295.54 1419.00 320.33 1419.00 320.33 1485.49 295.54 1485.49
P1865 0.40068310499191284 258.01 1770.27 282.34 1770.27 282.34 1829.22 258.01 1829.22
P1865 0.38822054862976074 315.44 1414.18 342.94 1414.18 342.94 1486.69 315.44 1486.69
P1865 0.3532453775405884 269.75 1418.03 298.27 1418.03 298.27 1485.79 269.75 1485.79
P1865 0.19585047662258148 222.46 1569.49 253.24 1569.49 253.24 1652.58 222.46 1652.58
P1379 0.25440195202827454 274.87 2328.90 299.62 2349.51 274.52 2371.35 250.63 2350.94
P1048 0.09860794991254807 832.89 2115.26 852.80 2140.22 831.77 2169.13 813.53 2144.61
P1048 0.05814610794186592 1262.49 1141.36 1287.48 1162.99 1263.18 1183.67 1238.20 1162.17
P1873 0.8031318187713623 874.08 1821.11 885.20 1839.19 864.26 1848.00 854.79 1830.45
P1873 0.7481223344802856 914.48 1803.39 925.31 1818.45 913.61 1835.02 903.99 1820.28
P1873 0.6337530612945557 945.72 1812.68 973.46 1830.91 941.62 1848.00 916.02 1830.13
P1873 0.5294172167778015 1010.71 1816.78 1029.27 1832.69 1010.05 1848.00 992.71 1832.44
P1873 0.2604438364505768 789.26 1803.39 815.14 1829.06 778.57 1848.00 756.08 1823.19
P1873 0.20661446452140808 306.38 2386.10 322.13 2386.10 322.13 2420.91 306.38 2420.91
P1873 0.19452165067195892 667.32 1810.61 715.45 1810.61 715.45 1848.00 667.32 1848.00
P1873 0.19053713977336884 712.42 3057.56 731.45 3057.56 731.45 3096.16 712.42 3096.16
P1873 0.13186471164226532 2185.52 3202.81 2191.10 3226.28 2177.58 3233.97 2172.79 3210.77
P0328 0.15025731921195984 589.42 1356.84 614.23 1401.86 574.16 1428.45 552.47 1384.00
P2677 0.6065280437469482 909.88 2631.20 941.07 2631.20 941.07 2686.93 909.88 2686.93
P2677 0.4230709671974182 1012.92 2520.81 1037.82 2520.81 1037.82 2598.05 1012.92 2598.05
P2677 0.4118897318840027 996.62 2521.22 1021.28 2521.22 1021.28 2600.70 996.62 2600.70
P2677 0.14475314319133759 1046.56 2515.90 1076.66 2515.90 1076.66 2596.91 1046.56 2596.91
P2677 0.12454719096422195 995.97 2523.45 1001.18 2590.42 980.14 2601.57 976.31 2535.40
P2677 0.06700190156698227 952.46 2640.54 957.21 2673.87 943.83 2682.91 939.75 2649.91
P2677 0.05460910126566887 966.00 2644.37 987.92 2644.37 987.92 2690.72 966.00 2690.72
P2677 0.05402076616883278 1180.86 2664.18 1205.84 2694.94 1183.62 2740.15 1162.15 2710.28
P2677 0.05351467803120613 962.11 2526.95 971.31 2588.78 945.22 2603.94 937.49 2542.68
P1500 0.05801808834075928 1681.11 245.20 1738.51 297.58 1670.97 343.84 1614.15 291.10
P1655 0.09896024316549301 3760.01 3083.91 3773.00 3098.15 3751.31 3106.93 3739.35 3093.02
P2233 0.07290150225162506 340.00 1638.78 360.92 1660.67 335.06 1676.82 315.12 1654.98
P1163 0.9780707955360413 2180.69 1873.88 2247.30 1925.91 2188.46 1982.59 2123.26 1930.02
P1163 0.28274738788604736 1458.31 2178.55 1485.20 2198.51 1460.19 2222.89 1434.70 2203.52
P1163 0.28229084610939026 2202.39 1927.42 2218.83 1948.15 2203.17 1968.06 2186.87 1947.04
P1163 0.06388634443283081 4246.68 984.24 4274.77 1001.62 4254.14 1024.00 4225.87 1006.38
P1177 0.9990547299385071 1175.96 685.33 1235.28 788.52 1142.01 847.78 1090.73 746.23
P1177 0.998675525188446 629.18 759.67 681.13 878.87 579.47 928.39 534.05 810.56
P1177 0.9981846213340759 1031.97 713.20 1082.74 823.69 986.00 871.07 941.80 761.80
P1177 0.9981586337089539 361.16 811.17 419.44 921.96 313.59 975.47 264.08 866.37
P1177 0.9978882670402527 2013.34 1076.64 2065.57 1198.91 1954.97 1244.61 1909.33 1123.86
P1177 0.9975735545158386 1461.17 650.57 1506.40 764.66 1405.63 809.58 1369.36 697.82
P1177 0.997570812702179 873.62 733.28 925.46 840.57 836.62 893.66 791.27 787.54
P1177 0.9968558549880981 494.22 812.00 548.36 906.61 450.87 950.71 403.24 856.92
P1177 0.9965728521347046 1322.92 669.33 1374.86 784.38 1271.52 831.55 1226.49 718.01
P1177 0.9928014278411865 1859.73 1102.02 1916.35 1226.82 1803.92 1277.97 1754.90 1155.07
P1177 0.970249354839325 4569.88 209.41 4616.69 376.91 4501.70 428.39 4461.14 263.82
P1177 0.9586256146430969 2428.94 551.69 2536.79 551.69 2536.79 731.23 2428.94 731.23
P1177 0.9496970176696777 610.12 812.00 674.45 874.10 604.80 932.31 543.37 869.41
P1177 0.9175310134887695 5298.14 75.40 5443.05 75.40 5443.05 281.79 5298.14 281.79
P1177 0.904228150844574 4209.57 319.36 4236.07 424.18 4156.85 450.25 4135.00 346.39
P1177 0.8371784687042236 4877.69 176.08 4957.32 317.78 4834.21 399.07 4759.09 258.36
P1177 0.7879363298416138 988.07 706.81 1024.00 805.22 972.10 875.43 938.16 777.02
P1177 0.701683759689331 1797.75 1096.46 1848.00 1183.03 1786.77 1269.37 1739.14 1183.03
P1177 0.6543617844581604 2273.82 552.30 2362.37 552.30 2362.37 694.77 2273.82 694.77
P1177 0.6290979385375977 3965.99 809.18 4090.97 809.18 4090.97 970.51 3965.99 970.51
P1177 0.5857617259025574 849.47 812.00 922.78 851.04 857.80 900.84 788.20 861.43
P1177 0.4880552589893341 3398.04 987.44 3523.63 987.44 3523.63 1241.97 3398.04 1241.97
P1177 0.4107291102409363 4260.67 857.94 4368.84 857.94 4368.84 1096.31 4260.67 1096.31
P1177 0.390802800655365 860.72 812.00 905.25 844.56 865.43 884.75 824.00 852.47
P1177 0.2881433069705963 3103.24 504.07 3152.14 695.52 3019.46 751.87 2977.45 563.58
P1177 0.11966708302497864 5214.63 133.79 5292.92 270.02 5140.93 332.53 5068.26 198.51
P1177 0.10093648731708527 3580.61 422.08 3685.56 422.08 3685.56 517.67 3580.61 517.67
P1177 0.0842410996556282 3702.02 432.54 3777.60 432.54 3777.60 519.61 3702.02 519.61
P1177 0.07135108858346939 3479.58 1007.06 3496.00 1174.46 3442.86 1213.64 3429.61 1047.51
P0089 0.9773859977722168 1124.35 128.63 1189.62 181.20 1117.38 241.02 1055.63 188.76
P0089 0.05136434733867645 3334.05 3570.64 3364.53 3671.25 3286.09 3702.04 3260.04 3602.32
P1870 0.7126230001449585 3651.90 2033.28 3664.12 2044.40 3650.21 2055.55 3638.68 2044.57
P1870 0.48757585883140564 5294.22 883.67 5325.93 912.15 5291.97 938.33 5259.96 910.11
P1870 0.07755885273218155 3779.56 5121.87 3795.80 5137.67 3770.61 5147.01 3755.83 5131.38
P1169 0.07063335180282593 2734.57 2642.69 2748.65 2655.38 2735.03 2667.34 2721.00 2654.87
P1129 0.9969935417175293 3151.14 5776.65 3224.66 5823.22 3169.54 5906.61 3103.48 5860.96
P1129 0.992400050163269 3145.01 4434.84 3211.74 4492.61 3153.82 4567.79 3092.29 4510.22
P1129 0.9865654110908508 282.10 1771.21 318.41 1809.83 279.53 1847.93 247.00 1810.04
P1129 0.9862709045410156 453.67 1685.27 484.73 1719.66 448.22 1753.19 421.15 1719.47
P1129 0.9717289805412292 603.21 1870.48 653.12 1898.52 620.75 1956.32 576.12 1928.69
P1129 0.9697021245956421 753.12 1698.48 791.07 1729.75 752.60 1766.71 720.11 1735.98
P1129 0.9497775435447693 320.25 1450.73 358.43 1479.79 322.18 1512.22 287.15 1483.39
P1129 0.9278953075408936 548.39 1867.46 591.58 1896.63 553.69 1935.28 513.33 1906.28
P1129 0.8711523413658142 435.65 1756.68 467.38 1787.73 434.25 1820.20 405.92 1789.56
P1129 0.652060866355896 3428.92 4852.69 3514.08 4907.67 3448.23 4987.62 3366.12 4932.33
P1129 0.3934355676174164 1165.16 5545.91 1200.59 5576.89 1173.70 5631.58 1141.31 5601.70
P1129 0.05217302218079567 286.95 1829.77 304.96 1837.21 288.59 1848.00 273.13 1840.68
P1363 0.18164727091789246 3992.02 1224.60 4020.40 1243.00 3999.14 1272.42 3971.30 1253.94
P1422 0.9550695419311523 2319.44 163.81 2390.61 217.06 2331.62 283.63 2262.31 229.92
P1160 0.9969103932380676 358.43 4189.10 418.66 4259.06 341.88 4315.11 288.74 4246.52
P1160 0.9933282136917114 1042.68 3403.67 1106.88 3458.57 1049.93 3527.53 991.64 3472.71
P1160 0.9890497922897339 203.86 4047.69 267.62 4096.32 212.72 4154.37 152.26 4105.76
P1160 0.98139488697052 251.55 3954.18 313.84 4002.70 258.37 4055.98 198.79 4007.76
P1160 0.9799692034721375 924.00 3709.98 988.99 3763.76 933.34 3825.79 871.29 3771.85
P1160 0.9591023325920105 522.39 4322.35 589.33 4386.06 523.51 4454.25 460.13 4390.64
P1160 0.9588513374328613 1039.77 3391.83 1107.57 3433.67 1057.67 3496.00 993.80 3454.45
P1160 0.951563835144043 172.37 4154.04 235.60 4199.03 180.74 4250.51 120.53 4205.81
P1160 0.7170607447624207 588.46 4150.92 661.92 4211.39 598.41 4290.92 527.27 4230.51
P1160 0.5774330496788025 927.37 3692.83 966.37 3721.09 919.56 3746.07 882.09 3718.00
P1160 0.3314838707447052 211.60 4019.14 248.86 4043.23 209.38 4067.93 174.39 4043.86
P1160 0.16213038563728333 1046.75 3474.64 1069.88 3483.44 1050.98 3496.00 1030.24 3487.34
P1160 0.07323208451271057 1376.02 491.16 1409.26 514.03 1383.01 549.99 1350.89 527.29
P1160 0.07120223343372345 233.94 4100.36 257.56 4112.67 241.72 4134.23 219.60 4122.17
P1385 0.07404622435569763 205.50 1725.19 253.57 1893.01 157.64 1975.19 118.29 1809.31
P0958 0.10518477857112885 499.04 229.45 535.45 229.45 535.45 296.67 499.04 296.67
P0182 0.9896965026855469 1912.70 1137.96 1994.28 1202.78 1904.62 1259.54 1826.04 1195.17
P0182 0.8740566372871399 1885.89 1011.34 1935.01 1054.77 1858.62 1085.82 1813.22 1043.29
P0182 0.3900596499443054 4676.33 521.56 4708.10 521.56 4708.10 612.27 4676.33 612.27
P0182 0.1554182767868042 493.19 1402.92 552.79 1540.94 463.28 1622.48 406.36 1486.42
P2556 0.849266767501831 3356.53 4598.37 3413.15 4646.89 3356.59 4705.04 3300.81 4656.79
P2556 0.4950978755950928 853.39 2178.88 879.98 2210.76 845.52 2237.93 820.83 2205.98
P2556 0.41529351472854614 1351.28 41.70 1362.55 59.26 1346.67 73.27 1336.46 55.96
P2556 0.1432693898677826 1066.05 645.63 1081.68 659.82 1065.10 674.65 1051.17 660.61
P2556 0.13949152827262878 3284.83 3744.78 3344.33 3808.96 3281.32 3862.07 3221.45 3798.25
P0181 0.969264805316925 4091.40 575.61 4162.14 633.03 4096.17 697.96 4029.67 641.60
P0181 0.09966851025819778 1222.26 1149.67 1298.00 1149.67 1298.00 1181.62 1222.26 1181.62
P1530 0.11016514897346497 2900.12 3952.67 2922.91 3976.72 2897.83 4000.00 2875.35 3976.31
P0247 0.16081665456295013 428.87 1124.75 464.60 1151.90 427.54 1180.20 393.15 1153.00
P0166 0.13281773030757904 2132.04 2132.67 2149.92 2149.20 2132.25 2167.95 2114.72 2151.60
P2684 0.2531711161136627 2374.93 2335.06 2417.38 2335.06 2417.38 2427.73 2374.93 2427.73
P0924 0.18150772154331207 658.25 309.39 701.77 309.39 701.77 402.93 658.25 402.93
P0924 0.07888229191303253 209.25 894.26 239.95 894.26 239.95 954.04 209.25 954.04
P1153 0.33656105399131775 1773.22 2364.55 1848.00 2456.00 1766.97 2542.20 1692.83 2451.80
P1153 0.29210135340690613 546.85 3536.46 654.17 3625.10 550.91 3723.00 440.76 3633.95
P1153 0.191416934132576 1817.18 2351.40 1965.22 2498.73 1804.08 2637.59 1659.67 2491.86
P1153 0.17300382256507874 213.93 3568.54 283.98 3673.82 150.66 3723.00 86.59 3619.07
P1153 0.1536729782819748 1801.38 2472.00 1967.21 2545.06 1819.38 2631.18 1652.22 2558.08
P1153 0.10519884526729584 1166.47 2899.44 1348.71 3052.56 1168.28 3210.99 983.19 3058.22
P1153 0.08800982683897018 1539.71 2626.41 1659.14 2755.31 1534.30 2879.96 1415.23 2753.02
P1126 0.46013781428337097 3232.90 1866.52 3292.36 1926.56 3201.88 1966.19 3145.59 1906.77
P2188 0.3023328185081482 978.24 1471.09 1024.49 1514.73 967.23 1551.31 922.12 1507.65
P1175 0.07555690407752991 2316.25 2323.59 2364.87 2366.66 2317.25 2416.90 2270.44 2375.17
P2208 0.6311348676681519 2745.47 2628.05 2861.08 2628.05 2861.08 2741.08 2745.47 2741.08
P2208 0.3706989586353302 4349.35 251.31 4379.84 251.31 4379.84 278.52 4349.35 278.52
P2208 0.30534234642982483 3604.69 2478.34 3638.42 2522.28 3583.85 2551.63 3554.95 2509.43
P2208 0.2049412876367569 3636.48 2526.44 3698.81 2575.67 3640.50 2636.75 3580.65 2588.19
P2208 0.17675676941871643 4363.23 289.54 4385.81 289.54 4385.81 310.02 4363.23 310.02
P2208 0.10815330594778061 4304.84 327.49 4318.96 346.63 4300.22 360.37 4287.11 341.68
P2208 0.09917090088129044 4344.77 244.15 4355.56 262.13 4336.49 270.90 4326.11 253.15
P2208 0.09632699191570282 4720.48 1261.02 4754.63 1261.02 4754.63 1303.05 4720.48 1303.05
P2208 0.06304488331079483 2200.33 2325.15 2214.70 2339.66 2198.18 2353.57 2185.28 2339.66
P2208 0.06292927265167236 4313.34 356.40 4320.00 398.76 4304.10 413.34 4298.32 371.19
P2208 0.05293382331728935 3708.57 1664.10 3768.40 1720.05 3712.21 1785.80 3651.52 1730.20
P1254 0.06813238561153412 2612.49 2035.74 2641.00 2055.11 2617.29 2080.44 2590.00 2061.11
P1180 0.4901715815067291 2029.94 1648.00 2043.94 1657.00 2022.07 1662.69 2009.74 1653.80
P1180 0.1324991136789322 2025.27 1649.60 2039.40 1658.84 2027.69 1670.80 2014.39 1661.76
P2252 0.4358435273170471 73.94 993.67 91.44 1009.47 72.60 1022.23 55.53 1006.53
P1485 0.9984692931175232 1006.34 2453.13 1131.65 2453.13 1131.65 2605.52 1006.34 2605.52
P1485 0.16609624028205872 1386.76 2317.90 1435.68 2317.90 1435.68 2356.31 1386.76 2356.31
P1485 0.09410980343818665 1223.35 134.56 1260.10 134.56 1260.10 148.39 1223.35 148.39
P1396 0.9944566488265991 2132.05 705.15 2171.34 705.15 2171.34 827.85 2132.05 827.85
P1396 0.9878573417663574 2120.12 474.74 2159.25 474.74 2159.25 576.11 2120.12 576.11
P1396 0.9873753786087036 2145.89 1181.52 2192.49 1181.52 2192.49 1295.16 2145.89 1295.16
P1396 0.9782100319862366 2090.93 698.24 2131.66 698.24 2131.66 819.98 2090.93 819.98
P1396 0.9692713022232056 2049.86 696.90 2092.36 696.90 2092.36 815.41 2049.86 815.41
P1396 0.9634591937065125 2184.36 473.58 2210.96 517.94 2188.46 600.66 2166.72 558.76
P1396 0.942598283290863 631.95 2294.48 654.82 2325.29 635.48 2378.86 615.95 2349.51
P1396 0.9400518536567688 2249.13 1221.48 2273.36 1264.06 2252.70 1342.29 2233.36 1303.04
P1396 0.9283595681190491 764.66 2074.70 793.65 2074.70 793.65 2161.96 764.66 2161.96
P1396 0.9272269010543823 2159.63 613.23 2208.19 613.23 2208.19 734.12 2159.63 734.12
P1396 0.9173443913459778 591.82 2290.46 611.93 2320.99 594.86 2373.97 577.97 2345.10
P1396 0.8616771697998047 1994.97 1674.10 2056.53 1736.79 1983.50 1794.83 1926.47 1732.90
P1396 0.8233678340911865 551.96 2286.82 575.68 2317.75 557.23 2375.26 536.61 2345.72
P1396 0.8068764805793762 2196.20 1198.22 2241.34 1198.22 2241.34 1338.82 2196.20 1338.82
P1396 0.798723042011261 1212.10 1758.04 1302.48 1758.04 1302.48 1960.55 1212.10 1960.55
P1396 0.7561341524124146 1989.65 616.03 2055.19 616.03 2055.19 743.43 1989.65 743.43
P1396 0.4505447745323181 767.03 2217.26 806.10 2217.26 806.10 2269.90 767.03 2269.90
P1396 0.3410644829273224 713.65 2093.60 735.07 2093.60 735.07 2144.60 713.65 2144.60
P1396 0.2868196666240692 670.16 2309.63 689.67 2341.55 671.60 2388.58 655.20 2358.32
P1396 0.24477659165859222 2018.68 2731.56 2052.16 2731.56 2052.16 2837.32 2018.68 2837.32
P1396 0.19571471214294434 2629.43 98.79 2669.98 133.13 2641.32 209.80 2605.36 176.79
P1396 0.17846877872943878 1240.55 1753.96 1259.01 1822.85 1211.83 1848.00 1197.34 1781.26
P1396 0.169765904545784 1036.98 887.23 1071.03 887.23 1071.03 947.04 1036.98 947.04
P1396 0.13949954509735107 1971.56 2713.88 2004.34 2713.88 2004.34 2842.72 1971.56 2842.72
P1396 0.13663853704929352 623.47 5496.79 661.01 5496.79 661.01 5567.70 623.47 5567.70
P1396 0.12964846193790436 2305.14 927.88 2327.20 948.40 2310.33 994.05 2291.60 974.12
P1396 0.09332462400197983 1880.83 2706.84 1912.47 2706.84 1912.47 2850.77 1880.83 2850.77
P1396 0.09102027118206024 1513.16 2079.26 1548.02 2111.05 1515.78 2152.19 1485.10 2120.95
P1396 0.07998905330896378 1482.73 1936.95 1600.90 1936.95 1600.90 2215.55 1482.73 2215.55
P1396 0.07867911458015442 976.66 2577.84 1061.93 2577.84 1061.93 2616.23 976.66 2616.23
P1396 0.06562809646129608 2035.98 460.12 2088.33 517.34 2040.49 597.23 1991.26 541.56
P1396 0.06175320968031883 1886.95 2383.28 1905.66 2424.77 1880.86 2462.19 1865.96 2422.30
P1396 0.05552240088582039 496.77 2405.28 568.29 2405.28 568.29 2472.86 496.77 2472.86
P0016 0.06384401023387909 62.43 912.33 101.21 912.33 101.21 1006.03 62.43 1006.03
P1415 0.403258353471756 4427.83 3426.76 4511.22 3499.01 4438.29 3586.50 4356.47 3514.52
P1415 0.08943680673837662 891.61 1484.32 916.40 1484.32 916.40 1529.07 891.61 1529.07
P1415 0.08863364160060883 1202.38 3601.22 1225.27 3625.84 1197.46 3648.50 1176.02 3623.83
P1415 0.054635949432849884 3438.51 253.05 3450.40 273.31 3432.45 285.38 3421.18 265.15
P2559 0.11410830169916153 1502.24 2000.17 1516.60 2018.15 1499.34 2031.53 1485.25 2013.80
P1400 0.9950696229934692 4311.49 1874.10 4355.80 1874.10 4355.80 1990.15 4311.49 1990.15
P1400 0.9948375821113586 2835.84 1819.85 2876.77 1819.85 2876.77 1937.68 2835.84 1937.68
P1400 0.9942674040794373 3666.05 1847.81 3709.97 1847.81 3709.97 1967.69 3666.05 1967.69
P1400 0.9929559230804443 3991.89 1861.40 4034.09 1861.40 4034.09 1981.82 3991.89 1981.82
P1400 0.9919852018356323 3945.91 1856.13 3985.80 1856.13 3985.80 1980.31 3945.91 1980.31
P1400 0.9915885329246521 4220.09 1869.66 4262.41 1869.66 4262.41 1987.19 4220.09 1987.19
P1400 0.991034209728241 3895.33 1856.87 3940.81 1856.87 3940.81 1980.01 3895.33 1980.01
P1400 0.9898098707199097 3616.17 1849.55 3662.46 1849.55 3662.46 1972.16 3616.17 1972.16
P1400 0.9894728064537048 2968.58 3684.17 3015.75 3684.17 3015.75 3835.37 2968.58 3835.37
P1400 0.9890429377555847 3032.63 3377.65 3083.11 3377.65 3083.11 3516.71 3032.63 3516.71
P1400 0.9888529777526855 4172.13 1868.68 4218.35 1868.68 4218.35 1981.56 4172.13 1981.56
P1400 0.9877865314483643 4082.83 1860.81 4123.65 1860.81 4123.65 1986.29 4082.83 1986.29
P1400 0.9871975779533386 2793.44 3369.86 2837.48 3369.86 2837.48 3517.33 2793.44 3517.33
P1400 0.9852055907249451 3802.56 1844.93 3846.87 1844.93 3846.87 1977.10 3802.56 1977.10
P1400 0.9851110577583313 3714.88 1848.46 3754.62 1848.46 3754.62 1961.74 3714.88 1961.74
P1400 0.982508659362793 3213.47 3701.45 3253.31 3701.45 3253.31 3828.92 3213.47 3828.92
P1400 0.9821473360061646 3760.06 1852.46 3800.37 1852.46 3800.37 1958.99 3760.06 1958.99
P1400 0.980093240737915 3344.89 3276.79 3388.81 3276.79 3388.81 3410.72 3344.89 3410.72
P1400 0.9776781797409058 4037.19 1860.46 4080.30 1860.46 4080.30 1983.44 4037.19 1983.44
P1400 0.9773613214492798 3868.70 1851.04 3897.43 1902.44 3868.91 1977.85 3845.27 1929.00
P1400 0.9744656682014465 4266.43 1869.97 4307.56 1869.97 4307.56 1987.98 4266.43 1987.98
P1400 0.9744341969490051 3161.19 3390.29 3201.02 3390.29 3201.02 3519.50 3161.19 3519.50
P1400 0.9729858040809631 2380.00 1808.49 2416.72 1808.49 2416.72 1907.91 2380.00 1907.91
P1400 0.9727367162704468 3146.04 3831.61 3191.06 3831.61 3191.06 3969.14 3146.04 3969.14
P1400 0.9707162976264954 3588.00 3265.38 3635.29 3265.38 3635.29 3414.03 3588.00 3414.03
P1400 0.9681283831596375 2734.86 3250.10 2776.74 3250.10 2776.74 3385.20 2734.86 3385.20
P1400 0.967932939529419 5013.59 1979.45 5037.89 2020.78 5017.75 2099.05 4998.04 2060.34
P1400 0.9676694273948669 3524.70 3410.20 3565.24 3410.20 3565.24 3533.92 3524.70 3533.92
P1400 0.9666638970375061 3225.85 3266.80 3265.49 3266.80 3265.49 3393.30 3225.85 3393.30
P1400 0.9641808867454529 3282.97 3398.13 3319.40 3398.13 3319.40 3520.77 3282.97 3520.77
P1400 0.9638641476631165 3833.58 3278.46 3876.02 3278.46 3876.02 3417.85 3833.58 3417.85
P1400 0.9554440975189209 2909.85 3372.70 2959.20 3372.70 2959.20 3517.32 2909.85 3517.32
P1400 0.949912965297699 2775.21 1816.49 2829.12 1816.49 2829.12 1966.17 2775.21 1966.17
P1400 0.9399203658103943 4143.44 1861.46 4174.80 1904.65 4149.39 1984.00 4122.30 1943.00
P1400 0.9389335513114929 2579.49 695.45 2619.74 695.45 2619.74 831.94 2579.49 831.94
P1400 0.9328380823135376 2980.57 3251.71 3024.96 3251.71 3024.96 3381.93 2980.57 3381.93
P1400 0.894564151763916 3708.62 3281.21 3757.88 3281.21 3757.88 3415.54 3708.62 3415.54
P1400 0.89335036277771 2491.43 3245.42 2536.19 3245.42 2536.19 3376.30 2491.43 3376.30
P1400 0.8782148361206055 3171.21 2629.11 3234.10 2629.11 3234.10 2776.26 3171.21 2776.26
P1400 0.8769201636314392 3269.03 3831.12 3313.06 3831.12 3313.06 3977.36 3269.03 3977.36
P1400 0.8680544495582581 2613.99 3249.27 2655.66 3249.27 2655.66 3378.06 2613.99 3378.06
P1400 0.8677996397018433 4426.48 1884.08 4461.95 1921.43 4436.67 2006.51 4405.98 1971.12
P1400 0.8574183583259583 3467.20 3272.36 3513.04 3272.36 3513.04 3419.87 3467.20 3419.87
P1400 0.8561887741088867 3333.18 2605.86 3395.91 2605.86 3395.91 2765.64 3333.18 2765.64
P1400 0.8544281125068665 2707.34 1810.05 2774.89 1810.05 2774.89 1987.86 2707.34 1987.86
P1400 0.834381103515625 412.74 571.32 445.62 620.98 417.14 703.29 389.91 656.46
P1400 0.8187191486358643 5044.20 1978.32 5071.44 2022.99 5047.44 2096.58 5025.03 2054.36
P1400 0.5886918306350708 5157.45 1977.81 5203.37 1977.81 5203.37 2099.26 5157.45 2099.26
P1400 0.5759750604629517 2850.11 2612.07 2911.58 2612.07 2911.58 2755.15 2850.11 2755.15
P1400 0.5502658486366272 1724.27 2477.54 1772.89 2477.54 1772.89 2625.92 1724.27 2625.92
P1400 0.5325115323066711 1449.73 985.64 1511.51 985.64 1511.51 1134.82 1449.73 1134.82
P1400 0.5122281312942505 4021.79 1491.59 4089.38 1491.59 4089.38 1659.05 4021.79 1659.05
P1400 0.29915568232536316 1064.08 2207.12 1086.62 2207.12 1086.62 2255.17 1064.08 2255.17
P1400 0.28343382477760315 2883.94 1824.25 2893.27 1880.94 2875.47 1916.66 2868.66 1862.79
P1400 0.15582531690597534 1854.92 314.15 1875.84 314.15 1875.84 364.12 1854.92 364.12
P1400 0.14733858406543732 694.47 1328.95 735.19 1398.87 696.26 1492.61 661.11 1425.32
P1400 0.1308891624212265 3069.49 3693.90 3152.27 3693.90 3152.27 3836.52 3069.49 3836.52
P1400 0.11271470040082932 3286.19 3455.00 3314.97 3455.00 3314.97 3522.42 3286.19 3522.42
P1400 0.10508961230516434 3436.34 3699.71 3496.00 3699.71 3496.00 3853.48 3436.34 3853.48
P1400 0.10286165773868561 2806.91 417.74 2876.09 417.74 2876.09 567.98 2806.91 567.98
P1400 0.08380646258592606 1700.38 2492.26 1741.34 2492.26 1741.34 2589.91 1700.38 2589.91
P1400 0.08243168145418167 3296.00 767.24 3337.43 767.24 3337.43 879.77 3296.00 879.77
P1400 0.07628026604652405 2541.11 393.35 2623.12 393.35 2623.12 557.00 2541.11 557.00
P1400 0.06725792586803436 3459.12 3266.93 3496.00 3266.93 3496.00 3429.65 3459.12 3429.65
P1400 0.05893062427639961 3312.38 3696.82 3398.19 3696.82 3398.19 3838.15 3312.38 3838.15
P1151 0.7659706473350525 2088.03 2518.85 2187.49 2594.53 2091.30 2672.00 1992.64 2597.12
P1151 0.4817584753036499 1774.43 2012.99 1872.42 2071.00 1782.88 2145.36 1685.96 2087.58
P1151 0.07218202948570251 1660.86 2631.51 1752.98 2746.44 1649.12 2847.87 1556.28 2733.49
P0530 0.06176338717341423 269.79 21.38 282.20 33.12 268.68 45.89 257.00 34.30
P0807 0.07182642072439194 911.37 1703.12 936.77 1726.96 903.44 1746.10 879.55 1722.48
P2021 0.09877876192331314 382.17 819.87 389.79 887.11 361.65 899.60 355.85 833.05
P1183 0.934644341468811 5524.97 1996.64 5572.96 2033.51 5528.00 2076.56 5482.87 2039.94
P1496 0.08489782363176346 1427.89 1911.97 1449.46 1956.65 1416.14 1985.40 1396.86 1941.12
P1496 0.07251451164484024 2012.44 659.50 2033.48 693.96 2000.12 717.69 1981.77 683.85
P1262 0.3536286950111389 3220.37 3629.85 3236.51 3656.53 3211.55 3674.72 3197.28 3648.46
P0033 0.6595244407653809 1772.99 1508.52 1848.00 1592.59 1764.32 1669.97 1687.27 1585.70
P2643 0.08554479479789734 4647.12 1821.33 4665.88 1833.37 4648.04 1848.00 4628.94 1836.07
P1494 0.4234597682952881 1210.14 1693.15 1233.16 1719.79 1200.24 1741.22 1178.51 1714.71
P1494 0.1372002363204956 1010.38 1416.00 1024.00 1438.94 1006.36 1459.52 993.30 1436.43
P1461 0.09012282639741898 3367.18 4405.68 3404.42 4405.68 3404.42 4500.93 3367.18 4500.93
P1461 0.05596689507365227 3931.20 1837.77 4019.49 1966.67 3907.83 2054.73 3819.82 1926.31
P2461 0.5655003786087036 1555.97 893.66 1569.09 923.75 1541.83 934.73 1529.63 904.81
P2803 0.0860758125782013 1356.31 1154.01 1389.53 1219.24 1357.30 1311.86 1329.68 1248.73
P0165 0.4394448399543762 987.64 1175.19 1024.00 1175.19 1024.00 1216.90 987.64 1216.90
P0165 0.19334642589092255 2906.60 1174.14 2971.95 1174.14 2971.95 1224.61 2906.60 1224.61
P0165 0.17758715152740479 905.19 2218.69 970.66 2218.69 970.66 2252.28 905.19 2252.28
P0165 0.11610022932291031 2922.77 1896.71 2937.88 1929.28 2900.61 1941.20 2887.62 1909.47
P0165 0.08769288659095764 821.76 1993.11 860.18 1993.11 860.18 2025.77 821.76 2025.77
P0165 0.08434917032718658 1182.87 1957.11 1204.03 1957.11 1204.03 1978.11 1182.87 1978.11
P0165 0.053216055035591125 3328.24 1392.60 3354.46 1392.60 3354.46 1464.48 3328.24 1464.48
P1172 0.20320968329906464 2193.37 859.10 2204.25 884.64 2178.57 894.54 2168.80 869.52
P1503 0.9560450315475464 1072.16 1566.15 1103.28 1605.21 1061.27 1635.55 1032.02 1596.78
P1503 0.5346582531929016 285.35 2058.00 332.65 2127.63 270.40 2169.57 222.11 2099.45
P1503 0.4694598317146301 701.85 899.07 723.27 944.62 675.96 963.11 657.52 918.23
P1503 0.32577139139175415 1478.70 2387.93 1487.33 2400.89 1472.25 2408.39 1464.49 2395.73
P1503 0.24574598670005798 147.24 1851.45 166.78 1882.12 132.84 1898.69 114.61 1868.08
P1503 0.09008476883172989 455.44 460.83 475.87 492.74 428.81 506.44 411.11 474.72
P1503 0.06260155141353607 284.72 2077.55 310.33 2111.76 275.29 2134.10 250.50 2099.94
P1490 0.12553967535495758 1808.49 958.03 1842.72 987.29 1807.28 1014.08 1774.17 984.78
P0055 0.4846062958240509 1346.51 1105.20 1385.52 1203.93 1288.87 1238.14 1256.50 1141.00
P0055 0.23926766216754913 1436.01 1155.05 1484.28 1155.05 1484.28 1337.19 1436.01 1337.19
P2069 0.2057299017906189 286.29 1243.41 309.55 1243.41 309.55 1329.74 286.29 1329.74
P1504 0.057575125247240067 870.21 816.24 879.06 832.59 864.74 843.23 856.65 827.00
P1407 0.062194596976041794 253.91 2775.35 307.33 2821.20 257.48 2872.09 203.98 2826.23
P1058 0.060510799288749695 3810.20 3413.97 3823.49 3445.29 3801.95 3466.62 3790.32 3436.08
P0191 0.05565311387181282 971.53 408.87 1009.61 408.87 1009.61 466.54 971.53 466.54
P1774 0.24330531060695648 4508.25 2280.77 4618.25 2392.41 4492.26 2476.26 4385.96 2363.92
P1578 0.11409822851419449 3647.07 422.33 3675.07 422.33 3675.07 447.57 3647.07 447.57
P0048 0.057315412908792496 988.80 799.57 999.15 813.22 988.12 827.92 978.37 814.34
P1112 0.08181443810462952 8623.28 760.39 8715.89 898.81 8563.85 971.36 8475.61 833.64
P1176 0.9159671068191528 1034.07 2054.31 1057.64 2074.07 1033.98 2094.34 1012.50 2074.71
P1176 0.21618804335594177 3482.43 1684.08 3489.39 1712.71 3470.55 1721.50 3464.35 1693.43
P1176 0.13519933819770813 954.34 2064.36 970.50 2092.06 942.50 2105.56 927.62 2078.19
P1372 0.05458364263176918 3645.69 982.45 3668.87 1000.56 3647.36 1021.99 3624.52 1003.88
P1157 0.6753836870193481 2465.16 2622.25 2482.27 2642.55 2461.40 2661.48 2446.42 2641.92
P1157 0.24837656319141388 2440.45 2611.45 2450.88 2628.79 2439.80 2646.71 2430.14 2629.59
P1157 0.1978684365749359 4873.08 1819.50 4954.95 1902.31 4862.47 1985.10 4784.93 1903.86
P1157 0.15855509042739868 2321.08 2939.07 2355.65 2964.82 2330.99 3006.79 2298.15 2981.42
P1157 0.12857531011104584 2738.42 2444.24 2759.88 2459.31 2742.63 2479.90 2722.23 2464.95
P1157 0.09851982444524765 1240.01 3463.91 1268.18 3475.77 1247.00 3496.00 1219.95 3484.38
P1157 0.07568204402923584 2656.74 2452.51 2672.00 2477.03 2654.14 2500.59 2639.54 2476.27
P1157 0.06616996228694916 1496.47 3469.38 1519.69 3493.10 1499.67 3523.95 1477.65 3500.63
P1157 0.05894255265593529 2598.53 2437.46 2621.10 2457.02 2600.50 2479.19 2579.12 2459.73
P1157 0.05759916082024574 841.73 3433.32 874.91 3459.75 846.14 3490.99 813.94 3464.94
P1157 0.052499838173389435 2609.06 2408.94 2629.78 2423.27 2612.63 2442.04 2592.62 2427.74
P2037 0.2763894498348236 1591.27 529.66 1612.05 568.50 1568.56 584.89 1550.15 546.31
P2711 0.11739353090524673 360.88 1205.53 373.40 1235.30 353.87 1251.46 341.86 1222.21
