P1612 0.06599370390176773 2859.26 756.71 2869.52 809.23 2810.78 821.19 2801.13 769.91
P2391 0.2569659948348999 2069.37 1384.96 2139.46 1384.96 2139.46 1498.30 2069.37 1498.30
P2391 0.12829630076885223 2222.28 1395.62 2247.17 1395.62 2247.17 1435.53 2222.28 1435.53
P1914 0.1627979874610901 180.64 160.66 242.71 358.77 104.62 404.34 43.28 207.10
P0046 0.9800636768341064 492.58 1096.21 621.99 1301.23 295.45 1398.23 166.62 1192.41
P0046 0.9669581055641174 720.75 298.36 798.27 703.77 573.55 788.78 496.23 385.77
P0046 0.41487374901771545 991.05 840.41 1124.69 1162.54 759.48 1244.56 627.80 925.11
P0046 0.16330872476100922 1005.15 778.27 1094.90 958.02 931.85 1024.00 845.77 845.61
P1362 0.8758107423782349 848.56 2568.48 903.23 2647.96 858.53 2687.30 803.46 2606.84
P1362 0.32240667939186096 1742.44 2859.45 1780.12 2859.45 1780.12 2951.38 1742.44 2951.38
P1362 0.1597958505153656 3136.86 3915.84 3179.06 3926.48 3160.84 3994.74 3118.55 3984.32
P1362 0.0535903126001358 1033.09 850.13 1074.87 850.13 1074.87 950.13 1033.09 950.13
P2562 0.9378343820571899 485.43 1066.49 719.47 1453.00 445.04 1580.80 208.07 1189.83
P2562 0.5689671635627747 568.87 1085.21 672.81 1445.34 523.83 1572.53 423.00 1213.46
P2562 0.14942125976085663 640.63 449.36 815.36 609.36 596.55 759.88 423.00 598.89
P1677 0.2619331479072571 2566.35 3389.59 2645.75 3389.59 2645.75 3496.09 2566.35 3496.09
P1677 0.19081023335456848 1389.55 3714.78 1406.24 3787.23 1306.33 3799.77 1290.56 3728.69
P1677 0.18648956716060638 1309.96 2432.69 1559.68 2432.69 1559.68 2646.64 1309.96 2646.64
P1677 0.1526477336883545 2137.01 419.80 2193.67 500.57 2142.33 545.23 2086.24 463.49
P1677 0.14395664632320404 3747.87 3161.58 3872.64 3161.58 3872.64 3233.73 3747.87 3233.73
P1677 0.11145369708538055 3014.67 1038.70 3039.42 1112.70 2958.76 1134.69 2934.08 1061.27
P1677 0.06642211973667145 7.40 1648.20 74.94 1648.20 74.94 1782.74 7.40 1782.74
P2774 0.8877670764923096 2683.35 1592.20 2695.04 1602.94 2678.31 1623.26 2666.76 1612.66
P1197 0.9960741996765137 1031.82 410.21 1253.87 508.34 1153.66 671.84 931.06 570.00
P1197 0.9922842383384705 304.92 449.03 471.12 540.15 407.46 695.48 242.00 600.84
P1197 0.9450379014015198 569.05 436.61 786.96 501.24 687.50 821.07 469.42 752.94
P1197 0.8643296360969543 151.19 417.94 246.10 461.06 196.77 589.50 101.89 544.65
P1197 0.8592818975448608 708.89 255.86 965.12 364.04 853.94 557.21 599.42 445.53
P2400 0.560433030128479 1166.65 1687.41 1182.55 1774.40 1128.72 1788.21 1113.14 1701.72
P2400 0.08833026885986328 500.83 824.00 538.52 848.03 499.56 891.16 462.01 866.62
P2586 0.997421383857727 102.60 1861.10 405.30 1861.10 405.30 2322.31 102.60 2322.31
P2586 0.9958926439285278 2030.26 231.76 2359.00 413.37 2128.98 588.99 1798.86 406.50
P2586 0.9916048049926758 1234.99 1696.14 1314.83 2003.14 951.11 2098.82 872.87 1793.90
P2586 0.9882854223251343 1863.10 824.00 2167.01 907.73 2044.88 1212.57 1739.69 1125.90
P2586 0.9471729397773743 1842.29 740.13 2166.22 789.05 2057.89 1024.00 1734.80 973.23
P2586 0.6506790518760681 687.15 573.24 877.96 573.24 877.96 833.20 687.15 833.20
P2586 0.6326143741607666 423.86 187.55 863.14 187.55 863.14 511.02 423.86 511.02
P2586 0.3023086190223694 980.88 1776.49 1024.00 2051.96 883.08 2106.33 840.89 1831.30
P2586 0.1678866147994995 994.57 359.94 1274.61 359.94 1274.61 786.88 994.57 786.88
P2586 0.1517801284790039 892.31 983.63 1372.73 983.63 1372.73 1150.90 892.31 1150.90
P2586 0.07911879569292068 1396.49 381.27 1703.11 381.27 1703.11 755.70 1396.49 755.70
P2603 0.12083272635936737 388.05 2434.30 423.93 2482.90 390.10 2507.99 354.60 2459.10
P2414 0.16757385432720184 765.79 1264.17 784.60 1373.55 674.56 1388.10 656.45 1280.24
P1729 0.7722882628440857 179.28 2131.88 192.22 2213.17 91.70 2225.36 78.96 2145.08
P1729 0.20254065096378326 2415.89 284.49 2442.34 472.01 2323.39 491.33 2297.34 305.25
P1729 0.11909593641757965 3963.67 1855.99 3978.73 1977.46 3924.49 1993.43 3909.62 1873.40
P0500 0.9877561330795288 940.86 228.59 1266.37 464.60 917.23 875.00 598.02 636.24
P0500 0.964808464050293 882.64 271.97 1024.00 666.76 799.44 909.83 658.07 517.93
P0500 0.6431056261062622 650.74 405.79 821.91 696.97 630.44 906.66 463.00 610.43
P0500 0.4314996004104614 1078.61 1242.31 1276.93 1575.92 868.93 1684.00 674.50 1356.81
P0500 0.39665457606315613 913.12 660.00 1024.00 768.96 823.02 838.71 712.99 729.08
P0500 0.38807442784309387 621.16 660.00 857.65 771.69 562.95 862.04 328.21 748.81
P0500 0.2362632304430008 1445.99 1018.89 1487.00 1611.94 1296.38 1684.00 1256.88 1096.96
P0500 0.12368577718734741 1261.25 0.00 1487.00 198.23 1257.76 408.56 1032.63 211.84
P0500 0.06722644716501236 933.58 1151.29 1024.00 1519.61 841.51 1684.00 751.52 1319.35
P2806 0.9912390112876892 490.87 1147.03 765.69 1147.03 765.69 1333.02 490.87 1333.02
P2806 0.8684569597244263 329.37 710.71 513.17 710.71 513.17 1030.74 329.37 1030.74
P2806 0.8492090106010437 721.19 412.29 1024.00 639.07 846.61 1024.00 545.29 801.35
P2806 0.8308447003364563 559.91 349.98 1095.08 349.98 1095.08 1024.00 559.91 1024.00
P2806 0.7240222096443176 550.02 683.00 1065.97 683.00 1065.97 1154.02 550.02 1154.02
P2273 0.22783511877059937 710.73 764.40 719.54 767.63 716.10 785.76 707.28 782.61
P2649 0.994526207447052 140.24 487.00 730.16 487.00 730.16 1389.74 140.24 1389.74
P2649 0.3150498569011688 1174.44 975.68 1420.32 975.68 1420.32 1187.10 1174.44 1187.10
P2649 0.28462475538253784 928.84 985.51 1139.92 985.51 1139.92 1185.93 928.84 1185.93
P1687 0.06650921702384949 3582.14 274.82 3652.82 295.80 3618.81 443.80 3547.80 423.17
P1734 0.8646832704544067 64.53 1330.92 80.02 1458.35 14.97 1475.85 0.00 1349.66
P1734 0.8441203236579895 111.48 4434.98 171.05 4505.38 120.18 4548.66 60.34 4477.94
P1734 0.24443168938159943 1636.56 2500.58 1650.57 2565.66 1580.70 2579.03 1566.93 2514.78
P1734 0.11494465917348862 1588.83 1559.04 1601.69 1626.53 1522.19 1642.88 1509.51 1576.81
P1734 0.11112900823354721 2061.37 3215.27 2081.29 3276.96 2004.55 3295.95 1984.65 3235.12
P1734 0.05325938016176224 1077.37 879.32 1165.10 891.91 1151.89 972.03 1064.10 959.16
P2410 0.40475332736968994 948.94 288.18 971.33 288.18 971.33 321.41 948.94 321.41
P2410 0.3480151295661926 301.21 415.63 428.84 415.63 428.84 565.99 301.21 565.99
P2410 0.20814983546733856 507.24 620.56 526.98 620.56 526.98 654.21 507.24 654.21
P2410 0.1299360692501068 940.87 342.79 971.16 342.79 971.16 395.60 940.87 395.60
P2410 0.09721599519252777 392.83 224.50 418.20 246.69 399.29 265.24 374.41 242.73
P2410 0.09182319790124893 473.39 620.62 490.95 620.62 490.95 648.72 473.39 648.72
P2410 0.06859045475721359 575.05 1790.99 673.53 1878.92 560.77 1985.56 463.59 1897.95
P2410 0.05488380417227745 472.93 547.16 496.11 547.16 496.11 585.51 472.93 585.51
P0137 0.9642823934555054 4188.23 4037.84 4269.81 4058.75 4245.99 4186.15 4164.83 4164.98
P0137 0.8666795492172241 643.73 857.21 868.89 857.21 868.89 1104.12 643.73 1104.12
P0137 0.8288524150848389 5098.19 1577.11 5159.18 1587.87 5148.63 1690.51 5087.78 1679.21
P0137 0.526185929775238 3277.36 3501.74 3457.55 3501.74 3457.55 3774.36 3277.36 3774.36
P0137 0.34842684864997864 2858.62 3410.15 3011.56 3410.15 3011.56 3582.09 2858.62 3582.09
P0137 0.22559452056884766 2970.96 3676.75 3215.49 3935.75 3041.42 4248.12 2797.99 3991.25
P0137 0.17714452743530273 3575.64 3471.06 3845.59 3601.10 3738.47 4137.17 3467.88 4009.73
P0137 0.1750340759754181 530.13 1648.00 674.27 1812.55 385.63 1889.64 244.38 1730.97
P0137 0.16374842822551727 1990.35 1294.32 2311.68 1294.32 2311.68 1591.40 1990.35 1591.40
P0137 0.1390453428030014 2059.54 695.85 2392.38 695.85 2392.38 899.77 2059.54 899.77
P0137 0.12489321827888489 1432.92 2061.45 1814.34 2061.45 1814.34 2357.97 1432.92 2357.97
P0137 0.12435182183980942 2805.55 997.42 2897.34 1299.31 2683.77 1387.53 2594.38 1088.24
P0137 0.12289108335971832 97.22 2656.39 372.77 2656.39 372.77 2907.00 97.22 2907.00
P0137 0.12112711369991302 3125.89 1773.09 3201.79 2054.83 2951.24 2111.01 2875.87 1829.99
P0137 0.11342515051364899 2024.13 930.57 2327.99 930.57 2327.99 1232.50 2024.13 1232.50
P0137 0.10530120134353638 428.82 1090.75 519.03 1242.89 311.80 1322.38 222.40 1172.07
P0137 0.10273157060146332 3397.93 2584.46 3496.00 2829.81 3273.61 2913.54 3178.23 2669.50
P0137 0.10214918851852417 824.00 1446.53 1103.05 1446.53 1103.05 1724.13 824.00 1724.13
P0137 0.08267786353826523 2256.26 1889.67 2525.52 1995.83 2402.03 2216.04 2134.40 2107.91
P0137 0.08182848989963531 736.41 1270.50 1024.00 1270.50 1024.00 1741.86 736.41 1741.86
P0137 0.08114544302225113 1123.45 2000.48 1374.74 2000.48 1374.74 2266.45 1123.45 2266.45
P0137 0.07731400430202484 4655.31 666.56 4865.96 777.64 4755.24 894.81 4544.15 783.61
P0137 0.07333774119615555 1740.82 1354.86 1951.18 1354.86 1951.18 1605.76 1740.82 1605.76
P0137 0.06540877372026443 2083.30 1629.46 2182.85 1773.22 1999.56 1848.00 1903.53 1706.95
P0137 0.05883672833442688 3256.17 3891.57 3422.63 3931.38 3384.74 4117.12 3218.60 4077.60
P0137 0.05752880498766899 2169.98 352.86 2459.87 352.86 2459.87 653.61 2169.98 653.61
P0137 0.05502254515886307 779.09 1700.31 1024.00 1700.31 1024.00 2205.25 779.09 2205.25
P0137 0.05202413722872734 1391.22 2377.28 1768.11 2393.65 1738.73 2604.61 1362.23 2587.66
P0137 0.0509038083255291 260.71 1938.52 548.87 1967.04 499.81 2251.78 210.97 2221.90
P2530 0.3134618103504181 2013.23 577.87 2089.00 795.37 1941.84 936.37 1866.38 717.82
P2530 0.25922611355781555 667.48 1302.30 724.95 1520.43 523.23 1561.88 467.22 1344.82
P2530 0.05036938935518265 1981.68 100.50 2089.00 389.06 1911.57 510.71 1805.75 218.99
P1301 0.10173202306032181 3088.97 1606.86 3246.22 1606.86 3246.22 1712.89 3088.97 1712.89
P0877 0.13482649624347687 749.47 1185.75 1024.00 1344.42 903.17 1665.00 628.13 1505.04
P1236 0.13331562280654907 3887.30 1123.12 3913.25 1197.67 3863.64 1214.81 3837.87 1140.72
P1378 0.9948875308036804 1509.19 2174.41 1582.03 2287.27 1439.02 2370.19 1365.92 2256.11
P1378 0.6547167301177979 883.82 1632.53 986.13 1720.95 911.28 1793.43 808.76 1702.69
P1378 0.6159721612930298 956.83 1816.45 1111.45 1963.03 1013.13 2078.76 859.29 1928.81
P1378 0.46152952313423157 324.60 4075.52 465.33 4308.97 295.62 4456.43 155.57 4223.86
P1378 0.37543174624443054 5099.90 4104.14 5244.03 4219.89 5156.57 4303.79 5011.84 4186.92
P1378 0.36399713158607483 795.55 1694.44 924.41 1819.77 837.22 1924.04 708.06 1795.86
P1378 0.23299916088581085 2560.22 3803.22 2605.40 3803.22 2605.40 3884.09 2560.22 3884.09
P1378 0.22562946379184723 1175.89 1961.95 1290.77 2071.55 1157.50 2196.93 1043.13 2084.85
P1378 0.13421626389026642 1273.09 152.07 1473.26 457.52 1085.27 647.10 889.81 353.28
P1378 0.08946368098258972 1528.20 2092.31 1571.61 2122.91 1543.59 2160.82 1500.31 2129.57
P1378 0.07213786989450455 1279.09 2063.83 1396.36 2162.51 1284.18 2285.63 1168.56 2185.19
P1378 0.07171548902988434 334.44 4088.98 459.61 4247.38 282.41 4320.00 157.59 4162.33
P1378 0.06168901175260544 907.90 1772.87 1024.00 1920.34 943.54 2049.36 827.54 1899.23
P2451 0.6669632196426392 1729.07 1332.79 1806.30 1332.79 1806.30 1459.77 1729.07 1459.77
P2336 0.5183048248291016 2628.13 2869.44 2672.39 2941.72 2626.73 2971.27 2582.71 2898.23
P2336 0.24587836861610413 299.71 2774.42 360.59 2783.08 350.90 2885.68 290.12 2877.12
P2336 0.12864011526107788 635.89 975.07 658.63 975.07 658.63 1016.04 635.89 1016.04
P1648 0.3115508258342743 523.14 2272.89 559.98 2383.88 481.92 2408.77 445.45 2298.43
P1648 0.24498070776462555 2592.65 2643.20 2707.08 2716.32 2644.15 2830.33 2530.36 2755.40
P1648 0.060190048068761826 1588.76 1424.05 1621.59 1521.21 1488.65 1551.17 1455.51 1456.15
P1648 0.05600124970078468 3009.24 2581.85 3027.76 2599.92 3010.72 2623.80 2992.08 2605.55
P1162 0.10008935630321503 17.07 1334.49 473.50 1334.49 473.50 1685.35 17.07 1685.35
P1162 0.08190377056598663 844.77 115.36 1278.46 115.36 1278.46 317.95 844.77 317.95
P1684 0.18868371844291687 3395.09 820.89 3460.45 866.04 3399.95 964.89 3334.60 919.66
P0295 0.16185753047466278 264.76 651.09 508.76 947.50 241.01 1118.00 0.00 824.57
P2498 0.21222466230392456 784.88 1129.27 877.63 1129.27 877.63 1260.32 784.88 1260.32
P1712 0.2216322124004364 1911.18 2178.15 1992.54 2266.39 1920.78 2342.16 1840.23 2254.16
P1712 0.05286780744791031 347.74 3339.50 353.10 3380.23 328.51 3384.84 323.24 3344.68
P2276 0.9962605834007263 677.32 248.35 726.51 292.70 665.22 357.46 616.29 311.75
P2276 0.9210900068283081 162.58 297.57 211.83 297.57 211.83 384.07 162.58 384.07
P2276 0.0675906091928482 697.50 264.20 716.64 282.35 703.69 294.14 684.94 275.83
P2546 0.12502449750900269 400.98 103.97 501.46 364.16 234.27 454.21 135.52 194.32
P2575 0.9986124038696289 577.20 811.46 871.94 811.46 871.94 1237.45 577.20 1237.45
P2575 0.7714887857437134 574.37 838.31 865.04 838.31 865.04 1024.00 574.37 1024.00
P2575 0.45426347851753235 916.98 774.20 1196.77 774.20 1196.77 1157.23 916.98 1157.23
P1402 0.7105242013931274 562.65 3712.74 626.89 3758.74 597.94 3801.35 533.74 3753.90
P1402 0.6309918761253357 2433.06 1898.80 2490.30 1959.30 2447.31 1998.52 2390.10 1936.48
P1402 0.05963801220059395 1552.51 533.01 1630.57 533.01 1630.57 678.94 1552.51 678.94
P2760 0.5858970284461975 2047.10 3187.80 2107.01 3259.42 2070.15 3292.44 2010.40 3220.01
P2760 0.3245616555213928 1864.79 2801.34 1933.46 2875.58 1888.75 2912.97 1820.91 2838.44
P2760 0.23737293481826782 2559.31 778.32 2588.86 821.88 2555.47 842.57 2525.92 798.22
P2760 0.07018660008907318 1125.10 497.38 1151.08 691.30 984.32 717.83 959.63 528.66
P2760 0.05455928295850754 1926.18 2987.40 1953.17 3011.04 1923.54 3051.17 1896.89 3026.77
P2782 0.9679536819458008 2669.81 867.28 3110.65 867.28 3110.65 1184.82 2669.81 1184.82
P2782 0.8064135909080505 2643.20 1074.57 3138.95 1074.57 3138.95 1460.85 2643.20 1460.85
P2782 0.28629812598228455 2678.96 889.83 3087.62 889.83 3087.62 1024.00 2678.96 1024.00
P2782 0.1022929921746254 2997.63 981.00 3082.59 1118.09 2778.08 1159.81 2698.80 1026.83
P2782 0.09211919456720352 2732.03 1508.15 3152.14 1508.15 3152.14 1733.81 2732.03 1733.81
P2386 0.62666916847229 2086.51 1753.26 2133.49 1768.25 2115.48 1806.94 2068.67 1791.59
P2386 0.21964725852012634 2248.29 1963.58 2269.74 1979.24 2257.01 1997.24 2235.75 1981.47
P1318 0.30981215834617615 3790.35 1654.50 3900.19 1733.43 3827.74 1848.00 3719.23 1767.63
P1318 0.1102941706776619 733.17 1760.51 838.39 1874.79 653.65 2012.09 550.60 1897.94
P1318 0.0990460142493248 1587.17 2314.01 1683.19 2409.77 1582.46 2540.78 1487.10 2445.25
P1796 0.061786774545907974 582.71 278.33 764.62 779.30 420.60 1011.04 239.27 519.48
P1611 0.6921241283416748 500.25 1886.61 555.57 2018.06 464.80 2059.97 409.82 1928.85
P1611 0.08171797543764114 3374.16 430.70 3407.98 492.57 3316.31 539.99 3282.36 479.26
P1611 0.05280999839305878 2885.27 1343.80 2919.99 1413.81 2820.24 1461.97 2785.48 1393.07
P0132 0.9826130867004395 1086.41 294.32 1660.45 294.32 1660.45 619.58 1086.41 619.58
P0132 0.9717077016830444 2653.59 824.00 3080.22 824.00 3080.22 1457.89 2653.59 1457.89
P0132 0.9578953981399536 1982.45 964.30 2449.14 964.30 2449.14 1446.74 1982.45 1446.74
P0132 0.9275783896446228 2126.85 353.10 2320.72 353.10 2320.72 566.07 2126.85 566.07
P0132 0.8981606960296631 1931.12 737.41 2412.01 737.41 2412.01 1024.00 1931.12 1024.00
P0132 0.8692886829376221 1938.42 339.32 2137.68 339.32 2137.68 565.64 1938.42 565.64
P0132 0.7536327242851257 2656.65 1169.00 3053.70 1169.00 3053.70 1544.58 2656.65 1544.58
P0132 0.6481298208236694 2689.97 640.91 3037.09 640.91 3037.09 1024.00 2689.97 1024.00
P0132 0.5331612825393677 1943.38 1169.00 2447.41 1169.00 2447.41 1376.21 1943.38 1376.21
P0132 0.5213983654975891 1956.39 824.00 2277.20 824.00 2277.20 1052.41 1956.39 1052.41
P0132 0.1481042504310608 837.09 527.95 1029.25 527.95 1029.25 770.39 837.09 770.39
P0132 0.10729926824569702 1572.16 343.89 1692.76 343.89 1692.76 555.46 1572.16 555.46
P0132 0.09856963902711868 2174.25 637.12 2234.13 637.12 2234.13 754.91 2174.25 754.91
P0132 0.0678098127245903 1687.34 326.48 1960.15 326.48 1960.15 674.14 1687.34 674.14
P0132 0.06626597046852112 847.02 276.22 1035.17 276.22 1035.17 382.24 847.02 382.24
P0132 0.061252661049366 846.03 394.17 1024.66 394.17 1024.66 511.03 846.03 511.03
P1379 0.9668810963630676 2185.93 2098.88 2495.00 2322.56 2315.38 2520.77 2006.60 2291.62
P1379 0.9280632734298706 1382.98 3427.90 1603.86 3589.57 1375.61 3909.40 1151.89 3743.28
P1379 0.8964911103248596 1377.84 3951.56 1455.31 4010.26 1376.09 4128.27 1298.57 4068.76
P1379 0.8958056569099426 3461.86 2812.42 3682.60 3050.11 3514.77 3233.35 3296.00 2991.54
P1379 0.862555742263794 1252.34 3309.34 1335.46 3380.40 1217.57 3490.91 1134.93 3418.65
P1379 0.7384847402572632 135.39 3219.13 616.06 3219.13 616.06 3498.71 135.39 3498.71
P1379 0.5859042406082153 364.63 3533.54 467.25 3696.35 333.17 3778.26 231.76 3614.47
P1379 0.5808312892913818 2769.76 2772.38 2980.63 2992.36 2791.56 3138.26 2580.69 2918.62
P1379 0.4476705491542816 222.60 1560.97 484.34 1644.15 357.31 1848.00 96.02 1762.65
P1379 0.4084972143173218 2796.50 3965.97 2863.97 3994.57 2810.29 4071.06 2743.12 4042.08
P1379 0.40770912170410156 1469.52 337.61 1658.93 602.15 1268.86 740.80 1083.11 476.70
P1379 0.39712098240852356 2844.82 2378.87 2974.06 2484.88 2822.33 2589.76 2694.49 2483.47
P1379 0.3252864181995392 1078.21 563.41 1226.42 748.97 1064.80 848.07 921.76 660.26
P1379 0.32315877079963684 909.04 636.09 1024.00 830.14 873.14 963.41 760.50 767.28
P1379 0.314765989780426 449.75 1014.49 596.63 1240.46 312.63 1408.03 169.10 1179.59
P1379 0.3087176978588104 2076.30 2472.00 2318.90 2579.28 2178.12 2747.57 1935.95 2638.12
P1379 0.3050468862056732 3503.29 3420.65 3569.68 3460.34 3507.21 3557.35 3441.49 3517.19
P1379 0.3027104139328003 1862.55 164.37 1967.71 541.20 1750.29 666.56 1648.00 291.65
P1379 0.29466208815574646 192.89 1648.00 394.64 1782.56 292.91 2030.14 93.89 1893.89
P1379 0.25875240564346313 3372.83 2811.06 3496.00 3002.97 3382.78 3180.73 3259.58 2983.62
P1379 0.2573913037776947 844.81 3614.78 1010.54 3733.88 907.19 3848.41 743.34 3727.17
P1379 0.1692829132080078 3511.05 3416.26 3568.67 3445.55 3519.36 3496.00 3462.54 3466.03
P1379 0.1422165036201477 749.97 792.13 898.44 926.69 765.38 1024.00 616.89 887.24
P1379 0.14172661304473877 3590.09 3461.28 3659.20 3530.33 3585.97 3625.55 3518.69 3555.83
P1379 0.11130757629871368 959.87 639.90 1062.87 832.20 924.20 952.85 824.00 759.31
P1379 0.09882797300815582 1745.45 170.55 1848.00 531.15 1649.31 669.65 1548.68 310.55
P1379 0.08615992963314056 688.49 845.91 848.44 994.05 710.93 1087.28 551.12 937.26
P1379 0.08602648973464966 405.44 194.97 533.37 517.59 309.04 642.91 185.52 324.46
P1379 0.07919127494096756 683.67 2741.61 722.06 2821.64 664.59 2858.54 626.69 2778.41
P1379 0.06480304896831512 3047.90 1648.00 3206.43 1787.11 3043.83 2020.71 2888.53 1880.80
P1379 0.05617375671863556 609.28 2073.42 795.26 2144.46 730.52 2289.30 544.89 2216.72
P1379 0.05590987578034401 163.24 2957.02 572.83 2957.02 572.83 3228.60 163.24 3228.60
P1379 0.054222576320171356 2065.02 3649.50 2154.29 3849.02 1939.00 3939.10 1852.55 3742.74
P1379 0.0530543178319931 2075.19 2451.23 2296.78 2547.54 2132.35 2672.00 1917.04 2575.32
P1624 0.05296890810132027 3831.32 283.93 3851.53 409.29 3777.39 428.62 3757.58 305.51
P2652 0.9771341681480408 590.00 1648.00 1168.92 1648.00 1168.92 2050.24 590.00 2050.24
P2652 0.9098201394081116 617.09 824.00 1153.00 824.00 1153.00 1344.48 617.09 1344.48
P2652 0.7851314544677734 803.19 2946.65 1216.40 2946.65 1216.40 3126.47 803.19 3126.47
P2652 0.6109197735786438 617.43 633.32 1139.76 633.32 1139.76 1024.00 617.43 1024.00
P2652 0.21718762814998627 543.85 1626.77 1024.00 1626.77 1024.00 1848.00 543.85 1848.00
P2652 0.10109561681747437 723.35 281.83 806.95 465.37 599.22 537.25 517.48 356.13
P2652 0.058728769421577454 796.47 2949.11 1024.00 2949.11 1024.00 3119.73 796.47 3119.73
P0628 0.08321897685527802 585.45 442.34 602.18 474.30 541.78 485.67 525.79 454.51
P1448 0.7644485831260681 6304.68 1326.06 6803.68 1326.06 6803.68 1848.00 6304.68 1848.00
P1448 0.5385984778404236 5179.00 3516.24 5662.83 3516.24 5662.83 4115.25 5179.00 4115.25
P1448 0.4376251995563507 4019.73 1255.47 4142.65 1331.97 4047.55 1471.09 3925.18 1393.16
P1448 0.3816797733306885 6304.82 1648.00 6837.77 1648.00 6837.77 2094.87 6304.82 2094.87
P1448 0.3228817880153656 2677.34 2067.19 2733.43 2250.45 2542.47 2304.62 2488.67 2126.71
P1448 0.30257365107536316 5823.36 4191.88 6033.62 4191.88 6033.62 4487.74 5823.36 4487.74
P1448 0.21411524713039398 1602.18 2984.22 1848.00 3255.79 1566.78 3496.00 1320.59 3227.76
P1448 0.16781991720199585 1962.88 3296.00 2191.35 3551.54 1874.00 3844.60 1648.00 3597.85
P1448 0.14898240566253662 548.26 1167.12 685.06 1320.61 553.46 1442.86 417.43 1288.47
P1448 0.10797087103128433 1173.64 1648.00 1312.18 1768.39 1189.50 1877.45 1051.62 1754.82
P1448 0.09746462106704712 1688.66 5145.22 1799.01 5277.77 1635.80 5394.83 1525.39 5262.24
P1448 0.07604353129863739 2734.06 3829.30 2811.26 3962.35 2691.06 4041.54 2615.07 3910.71
P1448 0.07097114622592926 597.18 948.89 704.76 1041.56 593.49 1165.97 487.21 1073.76
P1448 0.062454625964164734 2679.32 5378.57 2799.04 5498.11 2695.33 5618.63 2578.80 5502.06
P1448 0.05919899791479111 6159.25 639.87 6316.56 639.87 6316.56 977.59 6159.25 977.59
P1448 0.05867496505379677 5833.47 4050.05 6021.12 4050.05 6021.12 4293.18 5833.47 4293.18
P2172 0.9941161870956421 610.50 967.96 702.74 967.96 702.74 1054.98 610.50 1054.98
P2172 0.978640615940094 447.43 961.23 572.83 961.23 572.83 1069.40 447.43 1069.40
P1248 0.5343106389045715 3588.45 2481.80 3616.13 2481.80 3616.13 2545.39 3588.45 2545.39
P1248 0.12300459295511246 2771.77 2631.99 2793.93 2759.12 2719.72 2779.54 2697.78 2655.17
P1248 0.06019323691725731 1004.86 3621.92 1050.53 3621.92 1050.53 3692.78 1004.86 3692.78
P1800 0.9879423975944519 361.86 824.00 668.71 912.19 556.94 1256.20 249.87 1167.55
P1800 0.9352912902832031 317.61 760.86 657.09 784.78 607.14 1024.00 268.33 999.50
P1800 0.9307006597518921 882.49 824.00 1255.18 1040.57 1064.87 1495.85 692.66 1280.20
P1800 0.8829621076583862 413.80 1201.14 1016.09 1407.40 718.75 1760.23 118.40 1554.35
P1800 0.5417023301124573 809.94 824.00 1024.00 1063.42 921.55 1507.02 707.81 1271.29
P1800 0.5072079300880432 861.28 766.23 1241.19 808.28 1168.05 1024.00 789.76 980.93
P1800 0.29169100522994995 834.90 1119.00 1192.03 1171.95 1091.42 1425.58 735.86 1372.16
P1800 0.19687850773334503 614.97 848.14 882.66 868.80 853.68 1214.16 586.65 1192.59
P1800 0.14108259975910187 851.81 1119.00 1024.00 1182.02 965.99 1404.37 794.92 1341.02
P1800 0.1074269562959671 777.20 1709.57 1024.00 1789.44 940.28 2047.94 694.00 1967.15
P1800 0.07815451920032501 463.82 1608.02 720.13 1608.02 720.13 1833.87 463.82 1833.87
P1800 0.07335250079631805 779.83 1295.97 1024.00 1397.93 951.96 1783.58 710.08 1679.19
P1447 0.9697820544242859 1515.42 577.07 1604.03 931.50 1348.90 980.06 1260.61 628.57
P1447 0.9372944235801697 315.24 1634.26 547.12 1634.26 547.12 1848.00 315.24 1848.00
P1447 0.6433029174804688 704.85 1023.70 739.83 1023.70 739.83 1096.18 704.85 1096.18
P1447 0.6414212584495544 834.36 1158.38 865.83 1158.38 865.83 1233.11 834.36 1233.11
P1447 0.5367621779441833 1532.30 824.00 1602.88 953.91 1357.97 977.03 1288.73 848.83
P1447 0.384032666683197 506.07 1273.51 622.28 1273.51 622.28 1466.52 506.07 1466.52
P1447 0.23614999651908875 771.18 1161.53 805.56 1161.53 805.56 1233.54 771.18 1233.54
P1447 0.18400143086910248 638.59 1023.25 674.19 1023.25 674.19 1096.90 638.59 1096.90
P1447 0.14215129613876343 309.54 1873.00 555.26 1873.00 555.26 1981.59 309.54 1981.59
P1447 0.09553056955337524 503.45 1021.52 537.78 1021.52 537.78 1092.04 503.45 1092.04
P1447 0.07191591709852219 417.32 1138.79 476.91 1138.79 476.91 1235.49 417.32 1235.49
P1447 0.07167870551347733 499.01 1152.71 538.29 1152.71 538.29 1231.48 499.01 1231.48
P1381 0.9809118509292603 1348.15 3726.79 1383.07 3788.78 1301.68 3826.24 1267.47 3763.91
P1381 0.9457895159721375 631.23 118.25 656.09 274.81 523.80 291.99 500.29 137.19
P1381 0.8715777397155762 2352.95 4254.65 2515.50 4495.36 2289.54 4598.50 2127.74 4355.06
P1381 0.6534881591796875 1656.40 1261.76 1805.05 1403.74 1648.12 1554.98 1498.16 1410.23
P1381 0.5964279174804688 1819.03 2472.00 1923.48 2662.17 1750.18 2813.05 1648.00 2620.91
P1381 0.5825534462928772 2579.24 4268.00 2668.43 4429.38 2506.21 4495.03 2420.09 4333.43
P1381 0.4336412250995636 1741.78 2472.00 1848.00 2648.59 1687.51 2802.56 1581.93 2622.62
P1381 0.32556384801864624 1737.36 2833.36 1848.00 2998.59 1719.12 3118.53 1608.36 2951.61
P1381 0.23507429659366608 1766.76 1516.98 1848.00 1745.90 1689.87 1842.20 1608.85 1614.02
P1381 0.19061079621315002 2547.21 4170.40 2673.81 4436.71 2470.63 4537.23 2347.00 4269.78
P1381 0.18686985969543457 1832.84 2470.68 1955.62 2591.93 1768.98 2672.00 1648.00 2549.93
P1381 0.18505582213401794 2160.80 4120.00 2227.23 4214.94 2097.11 4269.27 2031.57 4174.56
P1381 0.14026527106761932 1820.69 1519.26 1917.85 1753.45 1744.57 1847.19 1648.00 1613.38
P1381 0.13576015830039978 1828.09 2778.58 1947.14 2977.49 1765.28 3154.21 1648.00 2953.51
P1381 0.12840735912322998 1735.43 1234.70 1791.20 1440.77 1700.81 1534.69 1648.00 1329.71
P1381 0.1190679520368576 1657.96 824.00 1711.68 998.51 1501.56 1035.84 1450.08 865.36
P1381 0.0928724855184555 2110.19 1946.61 2215.18 2090.43 2110.61 2260.19 2005.63 2116.18
P1381 0.0917949229478836 1747.92 3179.12 1804.23 3292.75 1713.90 3340.12 1658.50 3225.89
P1381 0.07923191785812378 606.57 972.90 641.08 1073.57 586.25 1099.30 552.56 998.28
P1381 0.07060050964355469 3114.11 4369.33 3173.36 4551.48 3040.12 4600.69 2981.92 4420.04
P1381 0.06639968603849411 2376.57 3825.97 2459.27 4003.38 2288.48 4105.50 2209.21 3930.99
P1381 0.06189298257231712 305.82 1542.22 320.32 1564.52 304.31 1573.26 289.83 1550.92
P1381 0.05175720900297165 3131.17 3717.00 3260.39 4008.17 2952.60 4166.61 2826.10 3884.70
P1701 0.9921025633811951 1777.60 3564.56 1808.36 3675.90 1671.21 3697.51 1640.85 3587.52
P1701 0.0523051880300045 3924.99 959.37 3960.37 994.25 3934.32 1021.86 3898.99 986.96
P2147 0.1590500921010971 170.51 311.50 240.89 311.50 240.89 414.50 170.51 414.50
P2274 0.21468119323253632 689.67 529.77 694.65 557.35 677.09 560.96 672.13 533.69
P2431 0.5237522721290588 620.17 1012.59 645.80 1134.96 571.48 1163.01 546.12 1042.51
P2431 0.47548040747642517 995.58 610.76 1015.17 689.46 960.22 706.25 941.04 627.75
P2431 0.14291216433048248 101.23 1357.28 363.67 1357.28 363.67 1623.29 101.23 1623.29
P0135 0.2719791531562805 1678.62 2068.74 1931.42 2254.65 1598.46 2409.00 1353.63 2225.88
P2698 0.07328734546899796 592.08 707.92 656.72 780.24 550.28 866.32 486.41 792.40
P1334 0.8416949510574341 1164.26 2429.27 1185.47 2568.75 1088.09 2588.15 1067.09 2449.95
P1334 0.6014056205749512 269.79 2048.89 307.42 2177.96 221.99 2200.94 184.21 2072.40
P2658 0.9900872111320496 1101.85 824.00 1708.07 824.00 1708.07 1615.33 1101.85 1615.33
P2658 0.9150703549385071 1103.38 239.40 1638.76 239.40 1638.76 451.02 1103.38 451.02
P2658 0.726014256477356 1102.05 739.25 1697.46 739.25 1697.46 1024.00 1102.05 1024.00
P0197 0.16441603004932404 740.78 223.77 841.72 223.77 841.72 421.37 740.78 421.37
P2564 0.11947186291217804 765.96 157.68 826.54 360.82 637.88 407.28 578.18 206.29
P1711 0.19863474369049072 1324.22 3103.54 1418.34 3150.80 1353.61 3280.42 1259.86 3232.20
P1711 0.12971971929073334 1480.97 3211.70 1583.30 3289.37 1517.59 3359.48 1414.82 3282.32
P1330 0.1887706220149994 1576.64 532.90 1635.14 573.23 1600.57 611.68 1542.27 570.46
P1694 0.5250032544136047 530.36 678.94 557.11 827.18 472.84 843.43 446.12 696.60
P1316 0.5896268486976624 143.64 2350.00 242.25 2350.00 242.25 2480.93 143.64 2480.93
P2165 0.0790669396519661 1185.30 337.23 1299.12 337.23 1299.12 511.85 1185.30 511.85
P1654 0.8975663185119629 3120.51 2680.49 3221.45 2695.80 3197.79 2857.71 3096.09 2841.87
P1654 0.5582985877990723 338.76 3139.89 366.44 3227.59 230.20 3257.87 203.02 3172.05
P1654 0.06761445850133896 801.06 1405.25 824.51 1431.32 783.66 1470.31 760.16 1444.43
P1237 0.7772780656814575 4559.00 3862.05 4627.48 3958.81 4559.62 4000.00 4491.29 3902.86
P1237 0.19523613154888153 1972.45 538.16 2032.87 572.85 1989.07 682.44 1928.05 647.12
P1576 0.5644892454147339 3675.90 3379.77 3701.44 3533.44 3607.56 3549.09 3582.15 3396.95
P1567 0.05411813035607338 3425.75 2616.96 3467.43 2825.65 3299.31 2858.04 3258.51 2652.79
P0106 0.823573648929596 870.34 909.16 1174.28 956.46 1129.22 1223.12 825.99 1174.24
P0106 0.4376530349254608 863.46 918.72 1024.00 970.40 977.28 1232.00 816.47 1178.12
P1655 0.5886243581771851 2027.12 4314.40 2099.43 4333.99 2074.43 4452.41 2001.69 4431.96
P1655 0.1017545759677887 3804.73 3176.99 3818.23 3231.59 3769.82 3245.53 3756.55 3191.48
P1644 0.8853901624679565 184.94 3251.56 208.97 3423.95 85.94 3440.20 62.28 3268.76
P2369 0.9136189222335815 2253.51 1153.18 2268.85 1185.08 2250.76 1194.96 2235.45 1163.31
P0820 0.17455777525901794 443.98 0.00 624.37 85.60 514.28 249.62 334.06 164.28
P0820 0.13900412619113922 582.12 0.00 1024.00 0.00 1024.00 285.75 582.12 285.75
P2120 0.08795776218175888 878.89 252.79 1095.00 552.78 862.39 744.36 645.49 445.97
P2120 0.06988063454627991 873.85 790.25 943.22 849.26 890.49 900.59 821.65 841.23
P2272 0.7276614308357239 506.31 762.16 577.17 762.16 577.17 864.99 506.31 864.99
P2272 0.6711098551750183 2986.74 333.81 3054.27 333.81 3054.27 391.96 2986.74 391.96
P2272 0.6114310026168823 2822.47 257.09 2831.07 332.99 2757.83 340.58 2749.52 265.80
P2272 0.1920594424009323 1079.00 1442.49 1086.02 1469.12 1052.24 1476.17 1045.33 1450.20
P2272 0.16191664338111877 845.25 213.56 858.41 246.66 840.04 256.81 826.82 224.23
P2272 0.10779430717229843 639.80 1069.60 666.63 1069.60 666.63 1138.87 639.80 1138.87
P2272 0.08581656217575073 229.81 2037.33 255.71 2064.08 238.74 2081.12 212.96 2054.12
P2762 0.6536580920219421 5961.89 209.61 6007.30 272.25 5908.53 336.25 5863.79 274.09
P2762 0.09509008377790451 6668.79 1609.44 6769.17 1763.40 6690.26 1848.00 6592.00 1692.72
P2448 0.8970184326171875 386.00 1352.07 479.82 1422.52 401.89 1544.03 307.70 1471.49
P2195 0.9852083921432495 77.53 1752.24 239.57 1752.24 239.57 1967.38 77.53 1967.38
P2195 0.455134779214859 957.27 1449.25 1296.15 1449.25 1296.15 1760.85 957.27 1760.85
P2195 0.42331233620643616 81.60 1766.02 231.03 1766.02 231.03 1848.00 81.60 1848.00
P2195 0.32149872183799744 99.85 369.44 461.97 369.44 461.97 668.87 99.85 668.87
P2195 0.06618841737508774 92.12 882.72 389.50 882.72 389.50 1163.97 92.12 1163.97
P1737 0.8353211283683777 2977.66 3597.55 3003.63 3708.26 2938.23 3727.72 2912.13 3617.77
P1737 0.8320614695549011 2823.15 457.05 2862.25 622.56 2760.59 650.43 2721.57 485.58
P1737 0.08720888197422028 2100.00 657.30 2119.78 723.05 2027.64 740.26 2008.09 675.82
P1737 0.0582481250166893 3576.43 2362.20 3612.21 2505.69 3512.34 2530.35 3476.89 2388.01
P2772 0.4876582622528076 3323.49 230.93 3339.43 302.27 3269.66 317.53 3253.86 246.23
P2772 0.05738485977053642 3476.54 850.28 3585.59 850.28 3585.59 970.86 3476.54 970.86
P2139 0.9805548191070557 121.09 248.49 321.25 248.49 321.25 640.91 121.09 640.91
P0680 0.12202814221382141 772.86 1230.81 1024.00 1662.05 746.74 1911.00 499.38 1481.04
P1564 0.11118307709693909 255.68 1728.98 283.35 1874.23 170.51 1895.34 143.12 1751.61
P1564 0.05766461417078972 3538.68 659.63 3600.56 871.45 3428.16 929.27 3368.07 721.96
P2583 0.9974514842033386 1075.55 318.98 1396.10 354.04 1354.24 811.76 1033.13 775.14
P2583 0.6792110800743103 632.44 524.14 934.06 545.67 905.70 1069.26 603.72 1046.74
P1163 0.08586142957210541 5025.26 3382.82 5283.72 3382.82 5283.72 3738.72 5025.26 3738.72
P1163 0.05617300793528557 2472.00 4368.49 2729.14 4368.49 2729.14 4938.19 2472.00 4938.19
P1163 0.05427918583154678 2835.24 4183.61 3222.98 4183.61 3222.98 4620.63 2835.24 4620.63
P2654 0.9688556790351868 1426.78 824.00 1848.00 824.00 1848.00 1318.41 1426.78 1318.41
P2654 0.9013707637786865 824.00 548.78 1275.95 548.78 1275.95 1024.00 824.00 1024.00
P2654 0.8759555220603943 1601.54 1298.90 1790.55 1298.90 1790.55 1585.35 1601.54 1585.35
P2654 0.8610546588897705 824.00 824.00 1304.61 824.00 1304.61 1297.86 824.00 1297.86
P2654 0.8401954770088196 1443.71 1294.29 1625.29 1294.29 1625.29 1581.65 1443.71 1581.65
P2654 0.739846408367157 1416.18 713.85 1896.05 713.85 1896.05 1024.00 1416.18 1024.00
P2654 0.714235246181488 1785.45 1287.71 1955.25 1287.71 1955.25 1582.19 1785.45 1582.19
P2654 0.2432590276002884 1079.00 908.18 1274.44 908.18 1274.44 1294.65 1079.00 1294.65
P2654 0.19901058077812195 1079.00 619.25 1271.36 619.25 1271.36 1024.00 1079.00 1024.00
P2654 0.11749057471752167 799.93 670.43 1024.00 670.43 1024.00 1024.00 799.93 1024.00
P2654 0.07640514522790909 1412.74 317.50 1719.40 317.50 1719.40 615.74 1412.74 615.74
P2588 0.14924991130828857 770.94 1064.37 916.55 1205.70 753.99 1430.53 611.60 1284.84
P0640 0.22547240555286407 220.35 724.11 373.37 936.69 151.08 1119.00 0.00 906.38
P0640 0.09476283192634583 572.65 678.09 706.80 771.66 637.31 886.19 506.96 791.10
P0640 0.06147754564881325 186.68 678.50 333.26 892.46 145.21 1024.00 0.00 810.44
P0640 0.05485599488019943 682.32 488.70 829.88 582.24 748.59 703.91 600.74 608.80
P2574 0.9983341097831726 460.47 1064.98 647.35 1316.93 292.62 1448.43 107.75 1202.55
P2574 0.9954043626785278 1113.87 843.00 1413.39 1060.37 1135.83 1416.51 835.35 1195.95
P2574 0.9780827760696411 1207.27 847.59 1386.85 1077.32 1211.38 1399.87 1036.00 1168.00
P2574 0.801872730255127 613.65 450.00 924.76 675.59 640.00 897.00 327.21 668.43
P2568 0.7813286185264587 898.69 433.28 1161.14 817.17 762.41 1024.00 500.00 641.10
P2568 0.6185770630836487 1045.56 1230.00 1330.30 1443.02 967.31 1653.59 687.24 1440.14
P2568 0.5667445063591003 936.27 824.00 1237.33 1157.18 793.84 1345.79 500.00 1015.91
P2568 0.5572474598884583 832.87 824.00 1024.00 1124.25 777.72 1291.62 584.88 992.47
P2568 0.22909769415855408 886.75 1230.00 1024.00 1522.69 855.85 1629.55 718.89 1334.34
P2540 0.9986475110054016 740.49 1285.59 825.42 1295.16 814.79 1423.50 729.97 1413.79
P2540 0.9577722549438477 919.55 1104.77 998.14 1104.77 998.14 1230.22 919.55 1230.22
P2540 0.8461058139801025 835.74 1321.69 900.99 1327.20 895.24 1429.18 829.97 1423.46
P0089 0.2963988482952118 3093.13 841.62 3172.64 1214.54 2912.75 1312.71 2834.10 949.83
P0089 0.06422413140535355 3311.19 494.27 3387.93 753.20 3134.43 812.41 3060.89 559.26
P1538 0.056445520371198654 1144.56 2115.66 1173.59 2251.04 1108.52 2271.40 1080.08 2137.55
P1769 0.09798191487789154 2150.11 3397.46 2239.92 3411.85 2224.64 3547.30 2135.29 3532.69
P2738 0.998492956161499 888.77 829.01 904.75 829.01 904.75 853.46 888.77 853.46
P2738 0.9925081133842468 1230.18 182.05 1232.71 208.97 1216.70 211.39 1214.23 185.03
P2738 0.8721511363983154 1223.85 1056.25 1233.81 1062.54 1222.53 1081.51 1212.65 1075.32
P2738 0.12267130613327026 739.20 1266.81 747.48 1287.84 734.09 1293.49 726.11 1272.56
P2738 0.09051793068647385 1292.75 322.75 1315.30 327.56 1310.31 341.90 1287.74 337.19
P2738 0.056771308183670044 307.26 47.13 572.97 266.33 309.32 567.22 42.95 349.99
P1169 0.14168551564216614 2209.80 2517.62 2453.61 2852.07 2210.58 3090.04 1966.48 2755.59
P1169 0.1325782835483551 824.00 2197.20 1240.59 2197.20 1240.59 2606.38 824.00 2606.38
P1169 0.0842808187007904 2023.54 2190.84 2228.36 2489.69 1846.59 2639.34 1648.00 2350.29
P1169 0.0731714591383934 1166.47 2185.23 1848.00 2185.23 1848.00 2668.70 1166.47 2668.70
P1169 0.05610140413045883 684.00 2185.58 1024.00 2185.58 1024.00 2672.00 684.00 2672.00
P2405 0.9644122123718262 862.38 431.74 898.29 553.13 823.42 571.45 787.63 450.18
P2405 0.5635772943496704 792.52 287.23 834.77 362.99 748.62 399.27 707.35 323.13
P2405 0.14505021274089813 1959.13 2218.38 1978.70 2274.95 1930.58 2291.02 1911.30 2234.46
P2715 0.9993017911911011 3736.53 1098.93 3765.98 1098.93 3765.98 1145.98 3736.53 1145.98
P2715 0.9936680197715759 3042.74 213.66 3069.82 213.66 3069.82 254.10 3042.74 254.10
P2715 0.992646336555481 1500.67 154.73 1515.45 192.13 1491.73 202.54 1477.04 165.47
P2715 0.9870771169662476 2738.04 52.38 2749.95 61.28 2736.75 80.28 2724.77 71.40
P2715 0.9820758104324341 933.82 163.17 951.36 163.17 951.36 193.95 933.82 193.95
P2715 0.9644837379455566 3171.94 1002.90 3185.92 1002.90 3185.92 1025.01 3171.94 1025.01
P2715 0.8885971903800964 3192.60 250.07 3207.15 250.07 3207.15 276.30 3192.60 276.30
P2715 0.6986010074615479 1399.83 218.16 1404.12 238.07 1392.13 241.30 1387.98 221.78
P2715 0.6461251378059387 767.65 2064.88 779.67 2078.33 755.78 2095.27 743.90 2082.03
P2715 0.5601598620414734 1024.71 509.62 1036.56 514.03 1029.04 536.73 1017.15 532.44
P2715 0.10097579658031464 822.92 634.42 827.21 652.29 816.64 655.82 812.41 638.18
P1129 0.10673706233501434 2068.44 909.85 2210.40 1079.27 2100.74 1285.73 1960.70 1119.17
P1129 0.07831209152936935 1785.59 2076.94 1979.62 2192.08 1880.17 2591.14 1688.04 2477.44
P1664 0.9627443552017212 1345.42 3798.83 1404.17 3883.67 1299.60 3942.46 1240.67 3856.88
P1664 0.959726095199585 1486.33 3865.07 1553.16 3971.17 1482.23 4020.05 1415.68 3912.07
P2439 0.7126894593238831 1192.19 126.92 1324.80 138.24 1305.23 225.59 1172.69 214.00
P2439 0.05388342961668968 1058.43 1591.26 1171.31 1851.92 966.79 1954.05 857.72 1690.11
P2499 0.10814602673053741 0.00 90.47 290.67 90.47 290.67 548.02 0.00 548.02
P1363 0.9826226234436035 2009.99 898.99 2035.05 1010.43 1960.23 1024.00 1934.96 912.83
P1363 0.9597066640853882 3277.51 3389.83 3374.88 3404.02 3359.13 3543.88 3261.45 3529.50
P1363 0.25766628980636597 3437.90 3384.23 3510.56 3397.04 3489.71 3528.94 3416.85 3516.16
P1363 0.21389223635196686 2159.88 830.73 2193.64 946.81 2114.17 969.53 2080.07 854.53
P1363 0.0769723579287529 406.23 2901.41 440.92 3016.97 379.76 3045.68 344.89 2930.99
P1363 0.051721617579460144 4814.86 3035.30 4832.56 3082.32 4784.07 3096.61 4766.93 3049.63
P2737 0.9745757579803467 1998.79 2543.68 2058.45 2567.27 2024.61 2644.61 1964.47 2620.64
P2737 0.944982647895813 2641.58 2343.75 2655.67 2366.70 2622.42 2382.92 2608.31 2360.03
P2737 0.8542259931564331 2641.37 1860.48 2661.28 1871.34 2644.48 1906.85 2624.50 1895.95
P2737 0.6868769526481628 1033.38 568.82 1091.87 654.16 1036.06 684.97 977.79 599.42
P2737 0.2546374797821045 2588.48 1842.01 2613.59 1860.01 2599.66 1881.46 2574.69 1863.14
P1188 0.24475803971290588 217.76 969.11 590.33 969.11 590.33 1117.00 217.76 1117.00
P1422 0.18331870436668396 1722.69 309.40 1848.00 566.48 1619.61 657.60 1494.28 400.19
P1422 0.0880281999707222 1842.14 262.12 1904.88 563.77 1706.87 671.80 1648.00 373.53
P1422 0.07195810228586197 5274.27 116.20 5353.13 271.33 5217.01 337.41 5139.84 182.28
P1733 0.5911571979522705 3834.93 1835.05 3858.21 1906.38 3770.21 1926.70 3747.09 1856.46
P1733 0.59062659740448 436.41 2550.71 459.88 2656.39 395.43 2672.00 371.87 2566.84
P1733 0.2865604758262634 356.41 2601.45 367.86 2663.57 317.91 2672.00 306.61 2610.53
P1733 0.21688711643218994 359.12 2605.78 378.48 2722.89 323.93 2737.34 305.08 2621.05
P1733 0.17984184622764587 3542.45 3711.93 3581.97 3784.32 3529.20 3819.75 3490.05 3748.35
P1733 0.1687222719192505 3069.15 3565.22 3086.49 3632.03 2995.31 3649.70 2978.25 3583.88
P1733 0.15918156504631042 2779.45 1696.54 2798.25 1807.53 2745.72 1823.36 2727.23 1713.46
P1733 0.13814137876033783 3609.60 3675.17 3653.13 3780.85 3605.83 3813.71 3561.79 3707.80
P1733 0.13542526960372925 2648.48 2405.46 2666.02 2518.49 2616.77 2535.97 2599.46 2424.64
P1733 0.11688002943992615 2652.43 2472.00 2664.41 2534.08 2620.09 2544.78 2608.28 2483.54
P1733 0.10652850568294525 1263.84 1024.60 1281.30 1137.47 1232.96 1154.20 1215.78 1042.67
P1733 0.09120775014162064 509.68 2574.41 530.30 2683.74 469.26 2704.38 448.94 2595.93
P1160 0.0724320113658905 1412.62 3492.00 1740.77 3765.18 1412.67 4116.19 1086.00 3846.23
P0394 0.9102135300636292 1339.37 176.67 1470.94 487.35 1211.60 565.73 1085.86 253.63
P0394 0.7503690719604492 855.94 0.00 999.00 256.32 778.97 317.39 638.23 59.21
P0394 0.7339966893196106 1100.89 270.36 1215.50 533.04 1067.66 622.73 957.00 356.69
P0394 0.6299233436584473 783.65 382.79 866.71 562.82 647.34 617.21 565.59 436.52
P0449 0.06144571676850319 531.40 78.00 908.60 78.00 908.60 363.59 531.40 363.59
P1941 0.06347241252660751 1026.01 831.21 1171.26 981.18 1018.41 1171.52 875.55 1020.43
P2174 0.9996286630630493 635.92 169.04 768.72 169.04 768.72 260.36 635.92 260.36
P2174 0.9993610978126526 637.12 282.59 770.65 282.59 770.65 366.85 637.12 366.85
P2174 0.9972096085548401 317.76 421.56 454.61 421.56 454.61 603.93 317.76 603.93
P2174 0.9970773458480835 471.67 164.97 604.37 164.97 604.37 360.29 471.67 360.29
P2174 0.9966999888420105 770.00 522.54 873.76 522.54 873.76 583.43 770.00 583.43
P2174 0.9912318587303162 774.83 452.10 876.44 452.10 876.44 512.23 774.83 512.23
P2174 0.9571100473403931 465.09 421.05 615.50 421.05 615.50 604.06 465.09 604.06
P2174 0.7446639537811279 545.07 745.20 673.29 745.20 673.29 799.53 545.07 799.53
P2174 0.627558171749115 712.60 728.31 824.35 728.31 824.35 913.97 712.60 913.97
P2174 0.6034876704216003 547.04 800.12 672.19 800.12 672.19 918.12 547.04 918.12
P2174 0.3334878981113434 767.27 601.63 867.45 601.63 867.45 656.28 767.27 656.28
P2174 0.2533528506755829 877.41 448.66 913.62 448.66 913.62 517.37 877.41 517.37
P2174 0.25182950496673584 835.73 604.81 867.68 604.81 867.68 656.69 835.73 656.69
P2341 0.6107942461967468 589.59 251.37 662.10 310.02 620.62 348.11 548.52 289.00
P1303 0.5651857852935791 4540.29 2820.70 4566.14 2977.56 4462.67 3002.25 4437.16 2846.65
P1303 0.08788977563381195 4125.90 2410.69 4135.80 2475.14 4095.00 2483.19 4085.21 2419.82
P1303 0.05934560298919678 3569.87 1648.00 3592.91 1781.88 3486.15 1801.12 3463.43 1668.97
P1303 0.05348730459809303 4523.23 2510.42 4547.56 2647.00 4435.43 2672.00 4411.46 2536.83
P1304 0.451732337474823 2707.39 2070.49 2727.48 2168.44 2637.14 2181.75 2617.39 2084.54
P1304 0.11222206056118011 243.60 3119.21 295.54 3187.72 255.87 3217.77 204.18 3148.57
P1304 0.0652717798948288 1152.65 3512.52 1180.13 3599.19 1137.56 3618.62 1110.23 3532.52
P2440 0.9592484831809998 144.93 1599.89 161.61 1682.18 53.15 1699.00 36.79 1618.29
P2440 0.7482024431228638 131.08 1648.00 157.15 1685.63 59.07 1697.92 33.60 1661.08
P1385 0.12697052955627441 751.34 2442.99 982.64 2501.17 923.12 2666.79 691.23 2606.72
P1385 0.12680970132350922 797.72 375.02 973.81 473.68 860.05 659.66 687.32 562.70
P0674 0.05632931739091873 416.60 33.53 549.26 99.67 477.20 188.00 344.89 121.09
P0694 0.39416661858558655 945.20 694.02 1151.00 896.04 957.50 1091.00 749.69 887.89
P0694 0.08241105079650879 915.32 695.20 1024.00 856.08 883.59 1024.00 775.84 859.26
P1525 0.18511325120925903 3158.53 3277.88 3228.87 3337.19 3185.70 3405.03 3115.97 3345.13
P0682 0.34096619486808777 195.29 1026.99 374.03 1403.06 176.23 1605.90 0.00 1231.48
P0682 0.23342439532279968 430.25 1373.01 713.64 1683.75 439.32 1848.00 156.52 1538.18
P1755 0.5253892540931702 184.55 639.19 265.59 639.19 265.59 776.54 184.55 776.54
P1755 0.24213466048240662 2517.71 2965.85 2556.44 3035.55 2486.62 3079.81 2448.61 3010.02
P1527 0.2439173460006714 2277.42 993.57 2294.84 1087.34 2209.43 1099.40 2192.31 1006.61
P1527 0.10446012020111084 4133.51 3737.71 4156.55 3857.65 4008.65 3878.80 3986.49 3760.92
P1527 0.10112951695919037 3483.22 3337.23 3509.92 3431.19 3385.19 3453.97 3360.19 3362.02
P1527 0.07336441427469254 1747.54 2187.54 1764.58 2321.93 1696.72 2337.02 1679.94 2203.95
P2447 0.2659692168235779 1178.42 6.81 1218.40 50.61 1177.41 84.89 1138.50 40.40
P2648 0.9876749515533447 993.65 736.57 1432.41 736.57 1432.41 1024.00 993.65 1024.00
P2648 0.9723146557807922 1010.99 1293.53 1424.80 1293.53 1424.80 1572.17 1010.99 1572.17
P2648 0.8962949514389038 214.23 777.00 790.39 777.00 790.39 1364.33 214.23 1364.33
P2648 0.8945350646972656 216.21 520.72 835.59 520.72 835.59 1024.00 216.21 1024.00
P2648 0.3044273555278778 1045.26 1029.06 1409.48 1029.06 1409.48 1331.88 1045.26 1331.88
P2425 0.9946451187133789 119.47 1077.43 203.03 1077.43 203.03 1193.11 119.47 1193.11
P2425 0.9865668416023254 267.87 1085.75 380.62 1085.75 380.62 1162.65 267.87 1162.65
P2425 0.052658431231975555 321.74 680.52 379.42 688.24 371.98 754.11 314.63 746.15
P1044 0.051287680864334106 719.30 0.00 775.01 99.32 433.06 119.73 379.51 22.59
P1290 0.10455997288227081 2020.08 2843.75 2071.52 2902.08 2026.22 2937.73 1975.27 2878.64
P0842 0.14557044208049774 1656.39 161.71 1671.00 168.88 1659.89 191.72 1645.39 184.54
P1764 0.22782129049301147 496.33 1256.04 514.52 1273.24 489.18 1300.88 470.98 1283.82
P1764 0.1558167189359665 3613.84 4189.34 3705.57 4221.07 3644.82 4351.52 3552.75 4319.57
P1588 0.05752652883529663 2414.81 1374.19 2434.93 1451.94 2396.11 1472.69 2376.12 1396.41
P1642 0.18918073177337646 38.37 4057.92 98.91 4057.92 98.91 4159.22 38.37 4159.22
P1642 0.06696245819330215 828.37 3428.24 911.13 3454.99 885.79 3559.76 803.59 3533.03
P2463 0.35305291414260864 1388.50 44.33 1687.38 106.54 1577.80 382.70 1279.84 319.07
P2463 0.30342933535575867 141.99 1644.41 348.85 1779.85 217.40 1914.24 11.77 1776.85
P1772 0.7142245173454285 2060.62 3749.61 2197.58 3920.40 2087.88 4013.16 1951.63 3839.99
P0181 0.060373302549123764 3580.18 300.76 3772.12 300.76 3772.12 594.90 3580.18 594.90
P2161 0.9909947514533997 1322.24 1226.54 1452.14 1238.02 1427.00 1430.59 1296.39 1418.73
P2161 0.5105593800544739 355.84 518.98 567.20 638.25 464.15 827.13 253.00 702.87
P2161 0.06047990173101425 848.62 1589.37 861.93 1621.24 821.21 1632.74 808.40 1600.90
P0671 0.07089823484420776 690.19 183.84 821.22 244.84 764.01 352.44 633.06 290.09
P0671 0.05876477435231209 729.51 59.07 874.44 126.54 809.86 235.73 668.00 167.43
P0880 0.9962796568870544 1604.92 1104.30 1847.32 1478.00 1578.44 1712.66 1335.82 1338.65
P0880 0.29369089007377625 1355.57 1247.89 1453.57 1651.63 1254.78 1734.51 1158.10 1330.30
P0880 0.11990853399038315 1858.49 1066.32 2054.12 1343.35 1846.55 1518.33 1656.39 1244.20
P0880 0.10898494720458984 1399.52 1261.58 1461.96 1622.83 1317.13 1712.91 1259.00 1352.18
P0880 0.0777495726943016 1875.95 1090.03 1973.36 1360.23 1831.26 1436.75 1737.17 1165.67
P0982 0.44985532760620117 1756.51 68.56 1785.41 270.67 1611.69 298.34 1583.73 100.31
P1530 0.6804534196853638 3477.52 1081.12 3594.62 1108.79 3563.42 1232.54 3445.60 1203.65
P1530 0.21768935024738312 2403.62 2650.16 2421.59 2762.02 2338.56 2775.82 2321.03 2664.98
P1530 0.19614772498607635 2518.65 2254.57 2537.12 2385.22 2457.66 2403.02 2439.43 2273.71
P1530 0.18976891040802002 1004.00 365.92 1022.71 420.34 941.81 438.01 923.17 384.28
P1530 0.09835495054721832 3795.11 1435.80 3868.12 1464.55 3837.57 1620.85 3764.53 1591.84
P1530 0.07021059095859528 3400.49 746.68 3420.78 847.46 3324.39 863.81 3304.51 763.92
P1345 0.24135331809520721 3663.22 3451.70 3673.34 3549.12 3600.81 3556.52 3591.00 3460.10
P1630 0.6594941020011902 4168.50 2551.88 4249.43 2580.67 4209.29 2716.63 4128.41 2687.55
P1630 0.2339508831501007 901.77 210.41 925.09 250.45 866.66 294.88 843.35 255.57
P1630 0.09662286937236786 1335.42 1741.88 1373.75 1797.89 1298.76 1853.63 1260.59 1797.86
P1630 0.0830102488398552 2314.09 2365.02 2339.68 2415.01 2273.77 2463.09 2248.34 2414.15
P1630 0.07710672169923782 445.73 666.10 464.00 715.38 383.35 741.39 365.24 693.24
P1630 0.07384080439805984 3479.36 232.38 3505.57 266.07 3447.04 302.81 3421.02 270.04
P1630 0.061210259795188904 1433.93 1460.64 1445.87 1503.27 1365.51 1510.95 1353.93 1469.53
P1630 0.055536847561597824 2017.18 2929.00 2041.38 2964.24 1994.16 3007.60 1970.34 2973.13
P1383 0.976554274559021 2348.10 3684.06 2567.12 3684.06 2567.12 4061.09 2348.10 4061.09
P1383 0.2173095941543579 1900.01 3937.91 1989.68 3937.91 1989.68 4141.10 1900.01 4141.10
P1383 0.10403122007846832 2115.07 3678.94 2323.45 3678.94 2323.45 4050.22 2115.07 4050.22
P1383 0.0750003382563591 992.96 2274.88 1024.00 2346.06 982.40 2371.98 951.51 2301.22
P0051 0.9935601949691772 1374.59 1212.11 1543.47 1450.74 1230.95 1562.23 1062.96 1321.40
P0051 0.9913627505302429 1916.32 922.76 2028.02 1189.23 1758.70 1340.46 1648.00 1072.88
P0051 0.9913612008094788 3256.58 2248.81 3418.25 2484.81 3103.01 2595.91 2942.60 2357.42
P0051 0.9904342889785767 1909.05 4406.00 2077.15 4754.77 1821.91 4838.52 1654.35 4487.00
P0051 0.9826342463493347 2992.28 3062.53 3120.14 3387.86 2862.50 3472.97 2735.15 3145.49
P0051 0.9432372450828552 2705.86 1090.19 2742.11 1181.62 2613.99 1221.29 2578.85 1129.65
P0051 0.9171703457832336 1768.04 950.63 1848.00 1182.64 1702.00 1315.27 1622.05 1080.79
P0051 0.8393589854240417 3882.18 2947.18 3924.68 3101.69 3826.43 3125.79 3785.14 2970.98
P0051 0.8324271440505981 601.81 2589.85 650.25 2733.77 557.57 2764.24 510.30 2619.69
P0051 0.8287590742111206 3684.60 2816.83 3779.65 3146.47 3436.86 3224.89 3343.27 2896.20
P0051 0.8192211985588074 1489.80 4148.89 1605.76 4399.07 1351.64 4456.41 1236.97 4205.15
P0051 0.6863766312599182 652.30 2737.40 696.69 2865.01 610.62 2899.30 566.81 2771.99
P0051 0.6747133135795593 2732.10 1178.73 2786.78 1267.64 2656.75 1315.64 2603.89 1226.59
P0051 0.6714980602264404 1699.58 4073.52 1790.03 4270.27 1588.33 4320.00 1498.84 4122.09
P0051 0.6014354825019836 3083.94 3553.90 3368.36 3922.96 2996.46 4112.83 2710.92 3747.95
P0051 0.548766553401947 1573.51 4420.12 1848.00 4760.45 1554.69 4983.81 1279.70 4641.90
P0051 0.4661371111869812 2728.44 2478.83 2940.82 2823.23 2680.45 3048.90 2472.00 2709.23
P0051 0.4364410936832428 3586.05 2021.74 3708.02 2375.76 3414.89 2468.75 3296.00 2114.22
P0051 0.43369582295417786 1244.35 1153.67 1292.71 1239.59 1173.44 1281.95 1126.54 1196.10
P0051 0.22842073440551758 2197.38 4459.64 2291.56 4652.82 2166.49 4721.71 2073.13 4528.59
P0051 0.2266593873500824 2972.89 1417.36 3273.30 1671.90 2961.52 1848.00 2662.93 1598.08
P0051 0.2030561864376068 1249.86 3087.22 1570.49 3355.01 1140.09 3496.00 824.00 3233.01
P0051 0.18823924660682678 4190.88 2552.51 4313.32 2909.40 4053.68 3021.66 3935.20 2664.70
P0051 0.17596574127674103 721.60 1653.57 1016.11 1931.31 647.11 2056.66 355.09 1782.42
P0051 0.10866698622703552 3023.51 3296.00 3131.01 3414.04 2843.28 3449.80 2740.92 3332.44
P0051 0.10576324164867401 1783.29 4421.64 1848.00 4753.05 1749.96 4842.11 1685.41 4509.14
P0051 0.08756951987743378 596.01 641.78 760.30 934.26 242.54 1005.29 79.95 715.57
P0051 0.0837310403585434 1385.44 1102.91 1437.73 1176.60 1320.11 1219.32 1269.52 1145.53
P0051 0.0678015947341919 4383.38 3152.40 4524.05 3414.29 4211.68 3496.00 4074.22 3235.73
P0051 0.06618747860193253 3495.69 2472.00 3547.16 2746.63 3344.99 2820.22 3296.00 2548.93
P0051 0.05978051945567131 2768.46 3130.96 2851.88 3430.00 2553.05 3496.00 2472.00 3197.76
P0506 0.9924502372741699 1052.70 1145.88 1489.02 1393.52 1257.12 1764.53 824.00 1517.02
P0506 0.8419647812843323 682.90 1117.00 1024.00 1297.97 902.44 1720.99 561.43 1540.07
P0506 0.07393942773342133 1871.90 1510.80 2028.24 1526.80 2008.51 1757.91 1852.61 1741.12
P2521 0.0892697274684906 1172.42 197.71 1293.78 211.64 1273.56 338.09 1152.53 323.93
P2487 0.9051793217658997 11.79 2065.16 123.38 2065.16 123.38 2127.72 11.79 2127.72
P2487 0.38455459475517273 1674.02 197.11 1823.97 497.29 1605.87 591.74 1458.12 290.01
P2487 0.2755640149116516 853.22 1486.15 991.88 1679.94 743.06 1759.03 605.09 1566.28
P2487 0.204414963722229 465.95 690.27 582.66 929.05 390.39 1024.00 276.87 784.33
P2487 0.19788587093353271 806.89 239.92 943.80 410.62 649.17 546.99 513.51 375.70
P2487 0.17541974782943726 1603.78 644.30 1873.00 644.30 1873.00 956.90 1603.78 956.90
P2487 0.17388710379600525 1082.85 824.00 1274.41 895.06 1134.53 1035.69 943.73 961.95
P2487 0.1093326061964035 1261.12 0.00 1390.04 175.35 1237.39 271.16 1110.43 93.18
P2487 0.09681106358766556 834.24 1927.95 1009.47 2086.09 745.09 2172.00 572.80 2012.97
P2487 0.09036070108413696 395.09 824.00 627.05 1016.61 416.85 1272.36 186.59 1081.93
P2487 0.0819966197013855 1596.68 1875.60 1787.58 1875.60 1787.58 2120.92 1596.68 2120.92
P2487 0.06123647466301918 1138.03 70.40 1261.56 286.06 1022.24 377.68 903.53 159.87
P2684 0.16501055657863617 2501.37 1430.34 2539.21 1631.20 2393.62 1663.17 2356.85 1463.55
P2684 0.05635833740234375 2971.64 1079.08 3008.43 1190.68 2863.15 1218.37 2827.85 1107.06
P0772 0.182874858379364 899.88 122.85 1098.00 122.85 1098.00 402.48 899.88 402.48
P2480 0.12081949412822723 524.03 1520.77 638.17 1770.07 377.57 1848.00 265.24 1602.49
P1590 0.9894675612449646 2792.45 3581.91 2845.25 3675.51 2741.43 3733.91 2689.02 3640.54
P1590 0.9745736718177795 2374.34 3068.83 2395.97 3156.42 2296.22 3173.71 2274.60 3087.74
P1590 0.6397711038589478 2321.68 3216.81 2361.00 3289.38 2318.35 3315.75 2278.95 3242.76
P1590 0.506803572177887 378.72 856.98 406.25 932.41 316.80 971.91 289.13 897.06
P1590 0.47011953592300415 2225.74 814.05 2235.72 866.91 2161.13 875.27 2151.44 823.32
P1590 0.4047016203403473 1332.59 2488.94 1376.05 2488.94 1376.05 2569.90 1332.59 2569.90
P1590 0.3369416296482086 2050.58 1126.93 2143.30 1135.27 2132.43 1215.93 2039.82 1207.44
P1590 0.25182101130485535 3919.94 2268.42 3975.22 2325.93 3934.01 2370.12 3878.79 2311.91
P1590 0.22557704150676727 2980.95 3234.62 3024.16 3270.93 2992.93 3310.35 2949.96 3273.68
P1590 0.1870652288198471 2219.09 2750.82 2228.00 2819.20 2157.33 2825.90 2148.71 2758.16
P1590 0.05278351157903671 1675.69 2056.04 1710.43 2099.13 1667.45 2157.84 1633.03 2114.90
P0681 0.13562272489070892 460.30 2158.76 760.67 2555.50 436.35 2708.00 138.11 2313.25
P0681 0.08500206470489502 196.17 1648.00 411.85 1962.03 211.86 2152.19 0.00 1840.37
P0681 0.06593052297830582 438.16 616.60 518.42 720.13 381.64 813.27 303.24 710.41
P1153 0.09343942254781723 817.42 2699.00 1024.00 2908.68 741.92 3190.76 536.49 2981.42
P1635 0.5323504209518433 871.24 3818.70 976.81 3848.43 944.61 3986.47 838.61 3955.55
P1635 0.2842269241809845 2585.83 2976.00 2709.55 2996.00 2681.92 3063.34 2558.23 3042.89
P1635 0.13654792308807373 3339.82 427.50 3434.01 534.16 3330.61 625.25 3236.61 518.65
P1635 0.05658452957868576 3379.85 824.00 3402.34 846.42 3366.01 871.47 3344.01 849.06
P1635 0.05033513903617859 3168.15 2452.46 3237.95 2471.15 3221.71 2506.21 3152.14 2487.48
P2752 0.8974829316139221 2179.39 697.84 2529.27 697.84 2529.27 877.31 2179.39 877.31
P2752 0.8739484548568726 414.70 1054.32 728.73 1054.32 728.73 1247.14 414.70 1247.14
P2752 0.050422005355358124 2584.02 152.02 2624.33 213.38 2574.14 252.24 2534.95 190.40
P1813 0.9850654006004333 571.51 1249.00 1024.00 1747.37 683.38 2050.07 228.26 1545.14
P1813 0.9812644720077515 1184.36 824.00 1626.73 1400.10 1237.46 1814.46 802.00 1232.12
P1813 0.9293079972267151 593.06 1073.60 1024.00 1510.39 634.88 1848.00 204.55 1407.47
P1813 0.7782430052757263 1217.85 1249.00 1649.83 1511.66 1229.40 1739.21 802.00 1474.47
P1813 0.11189582943916321 992.94 1396.15 1191.79 1692.86 995.76 2035.49 802.00 1737.85
P0509 0.2640458047389984 386.73 534.59 754.33 876.50 418.49 1141.26 56.32 800.51
P2694 0.9967992305755615 2417.42 1837.94 2574.19 1848.97 2548.20 2056.39 2391.09 2044.94
P2694 0.2811419665813446 2575.81 1058.64 2656.78 1071.22 2634.32 1126.02 2553.38 1113.17
P2694 0.08844819664955139 73.63 1634.28 122.67 1690.19 80.71 1734.03 32.10 1677.66
P2694 0.08615752309560776 187.27 1383.34 206.67 1423.85 180.04 1438.85 161.33 1398.50
P2694 0.0773889347910881 2556.99 2071.11 2776.57 2123.56 2719.10 2291.47 2501.61 2238.76
P2694 0.0699348971247673 103.74 1689.35 123.63 1707.89 98.12 1733.25 78.63 1714.56
P1516 0.7104161977767944 1597.61 1891.93 1656.31 1937.46 1593.59 2029.85 1534.84 1984.21
P2459 0.9453622698783875 1825.45 982.99 1887.07 1075.24 1829.16 1113.72 1767.16 1021.65
P2459 0.8180434107780457 1813.60 975.27 1848.00 1072.18 1802.99 1108.70 1768.45 1012.27
P2459 0.6532485485076904 803.76 1493.42 817.03 1614.62 695.08 1624.09 682.39 1503.98
P2459 0.09498195350170135 1078.92 950.93 1338.66 1000.67 1246.19 1315.84 985.68 1264.97
P2459 0.0505460724234581 433.58 1723.00 624.42 1790.86 561.18 2033.44 370.15 1966.04
P0675 0.4284096956253052 330.33 128.67 551.52 200.87 440.62 375.89 219.50 302.22
P2544 0.21869690716266632 655.87 814.59 693.17 907.27 622.13 938.93 585.11 846.14
P2544 0.15210281312465668 1680.37 812.10 1696.81 897.73 1591.46 908.78 1575.69 824.62
P1710 0.08602339774370193 511.93 2629.46 582.89 2784.14 453.83 2853.89 383.19 2702.79
P1710 0.05433373153209686 769.57 609.15 847.54 830.31 630.29 916.37 552.87 700.83
P1477 0.996369481086731 1251.66 1970.94 1271.72 2143.90 1159.90 2160.82 1140.32 1989.19
P1477 0.1368637979030609 2342.73 1815.62 2349.48 1849.68 2326.90 1856.12 2320.54 1822.48
P1477 0.12261217832565308 1290.52 2187.08 1301.76 2243.26 1245.05 2251.75 1234.21 2196.10
P1735 0.7608805894851685 519.27 260.49 538.37 379.47 463.39 393.33 444.29 275.29
P1735 0.7094972729682922 585.67 1229.30 605.18 1312.01 516.44 1334.48 497.33 1252.58
P1735 0.3820783495903015 2705.27 2283.61 2758.49 2369.83 2706.81 2410.93 2652.91 2323.94
P1735 0.2922587990760803 425.49 146.73 445.80 216.40 357.14 240.21 337.08 171.82
P1735 0.06445963680744171 1309.70 4706.24 1338.04 4738.67 1296.65 4792.60 1268.94 4760.78
P2136 0.9984045624732971 203.76 328.26 473.55 328.26 473.55 790.05 203.76 790.05
P2136 0.94367516040802 441.10 419.00 465.85 745.23 313.80 775.53 291.00 453.11
P2537 0.9929937720298767 2234.45 730.02 2306.31 730.02 2306.31 837.48 2234.45 837.48
P2537 0.5415074229240417 2310.79 750.20 2346.81 750.20 2346.81 798.07 2310.79 798.07
P2537 0.134540855884552 2586.50 673.39 2720.50 673.39 2720.50 830.65 2586.50 830.65
P2510 0.7690791487693787 84.07 1684.12 159.90 1695.76 148.51 1822.10 72.57 1809.99
P2510 0.46622931957244873 1478.57 1539.34 1694.80 1727.95 1504.25 1848.00 1287.70 1654.82
P2510 0.1346593201160431 1484.30 151.51 1770.59 286.70 1639.00 528.61 1355.51 387.19
P2510 0.08440037071704865 1747.34 69.29 1848.00 190.91 1712.67 317.81 1613.50 193.86
P0773 0.12165796011686325 918.35 853.24 969.50 1105.08 701.59 1147.87 652.76 902.18
P0773 0.05253058671951294 1510.18 141.62 1609.00 404.85 1497.69 498.11 1399.53 236.72
P1593 0.8795146942138672 1927.98 2378.89 1945.44 2507.04 1870.44 2523.02 1852.98 2396.16
P1593 0.05452067032456398 3405.30 2148.61 3441.71 2182.08 3382.77 2228.59 3346.51 2195.42
P2441 0.27293795347213745 499.49 1725.64 513.21 1807.44 442.76 1819.73 429.65 1739.00
P2441 0.1160212904214859 579.33 1736.40 900.14 1736.40 900.14 2111.88 579.33 2111.88
P2441 0.11042959243059158 228.93 1925.99 557.79 1925.99 557.79 2158.38 228.93 2158.38
P1603 0.15927056968212128 530.51 1585.17 554.98 1644.62 521.00 1664.46 496.57 1605.33
P2406 0.21096515655517578 450.04 1636.74 603.69 1801.71 389.89 2089.01 237.66 1921.77
P2406 0.1804044097661972 1178.85 1895.51 1333.87 2000.75 1190.49 2157.00 1035.41 2049.09
P2406 0.13034266233444214 841.75 777.64 1024.00 788.79 1010.33 1005.46 827.93 994.00
P2406 0.07059983909130096 191.92 841.53 213.98 885.25 131.93 907.63 110.35 864.08
P2489 0.9592971801757812 1100.62 576.31 1149.31 667.15 1083.55 698.88 1035.18 607.54
P2489 0.7622150182723999 1258.63 1913.86 1266.31 1992.49 1209.86 1999.96 1202.45 1922.45
P2489 0.09792371839284897 1801.58 737.37 1848.00 965.56 1683.57 1024.00 1637.35 796.42
P2489 0.08041369915008545 1458.74 635.86 1568.28 834.49 1420.40 904.49 1313.23 704.63
P2489 0.07729054987430573 1272.41 110.04 1373.21 357.52 1182.83 460.69 1083.37 214.37
P2489 0.06346117705106735 1708.46 0.00 1846.71 177.93 1685.85 278.26 1550.36 98.53
P1175 0.07053052634000778 1875.39 4998.32 1888.81 5125.83 1809.57 5139.03 1796.67 5012.91
P1175 0.0520162358880043 2530.27 4886.01 2539.13 4935.34 2486.96 4949.09 2478.39 4900.04
P0145 0.0596354641020298 541.14 811.53 569.76 904.36 511.10 926.96 483.84 834.73
P0793 0.09016814082860947 62.16 707.90 220.21 796.79 154.48 1016.89 0.00 927.81
P1681 0.3432050347328186 3583.09 3175.90 3599.23 3293.74 3535.27 3309.92 3519.22 3193.37
P1681 0.34166547656059265 2628.97 3877.31 2656.43 3955.91 2568.34 3982.35 2541.09 3904.92
P1681 0.15138119459152222 1103.64 4032.04 1164.26 4080.62 1122.74 4177.56 1062.29 4129.18
P1681 0.07442507147789001 3432.70 2777.08 3458.58 2902.36 3359.00 2937.38 3333.41 2814.11
P1681 0.05215838924050331 3972.47 4590.86 4014.95 4675.53 3957.82 4708.72 3915.43 4623.81
P1626 0.059587813913822174 2097.71 356.49 2372.48 356.49 2372.48 606.36 2097.71 606.36
P1857 0.9968554973602295 1665.82 1828.69 1914.23 1873.09 1855.78 2251.02 1606.51 2204.27
P1857 0.9896887540817261 592.89 298.08 841.31 298.08 841.31 664.80 592.89 664.80
P1857 0.9866122007369995 894.08 3450.60 964.30 3450.60 964.30 3579.92 894.08 3579.92
P1857 0.9780316948890686 1133.64 1850.25 1419.46 1850.25 1419.46 2278.28 1133.64 2278.28
P1857 0.940693199634552 1554.36 2191.00 1848.00 2255.61 1749.31 2672.00 1454.46 2604.21
P1857 0.8807680010795593 436.33 277.86 605.73 277.86 605.73 702.94 436.33 702.94
P1857 0.7385494112968445 616.66 1881.34 791.43 1881.34 791.43 2057.84 616.66 2057.84
P1857 0.6000459790229797 340.30 824.00 878.53 824.00 878.53 1184.86 340.30 1184.86
P1857 0.529265284538269 1568.93 2472.00 1833.77 2514.06 1726.62 2699.73 1461.22 2656.67
P1857 0.35633593797683716 396.02 671.25 898.76 671.25 898.76 1024.00 396.02 1024.00
P1857 0.21289363503456116 310.31 2045.95 710.62 2130.00 601.43 2588.63 200.80 2505.82
P1857 0.20860598981380463 894.36 354.61 1282.50 398.90 1211.79 689.12 824.00 643.29
P1857 0.17832279205322266 675.75 1734.57 805.64 1734.57 805.64 1848.00 675.75 1848.00
P1857 0.11097100377082825 1020.65 403.06 1246.71 436.16 1210.52 674.87 985.00 640.85
P2765 0.05540430173277855 2505.25 3270.99 2810.78 3270.99 2810.78 3469.02 2505.25 3469.02
P1244 0.15995581448078156 3167.69 2239.89 3197.24 2365.51 3117.70 2386.05 3088.31 2261.99
P0125 0.9961078763008118 158.76 1289.68 633.34 1313.01 596.95 1647.82 121.84 1622.92
P0125 0.9936948418617249 965.53 382.45 1537.18 404.82 1491.58 796.25 919.31 772.36
P0125 0.25506922602653503 787.89 830.63 1024.00 881.96 969.45 1181.27 733.15 1128.59
P0125 0.155021533370018 951.10 810.98 1456.38 915.24 1222.45 1231.97 722.00 1129.47
P0125 0.11472471803426743 916.15 66.85 979.63 111.77 920.13 239.62 856.22 193.47
P1657 0.791523814201355 3469.20 3500.02 3535.31 3635.31 3440.83 3677.64 3374.52 3541.19
P1657 0.6427556872367859 2741.52 4138.60 2768.16 4255.61 2679.91 4274.86 2653.44 4158.33
P1657 0.09494610875844955 3700.96 3508.28 3767.72 3634.65 3697.73 3685.15 3631.50 3560.34
P1657 0.05711861327290535 937.03 2767.53 1024.00 2992.08 846.84 3094.62 762.60 2877.98
P2773 0.9519131183624268 1819.85 1024.70 1835.97 1063.61 1812.53 1075.70 1796.31 1037.15
P2208 0.4587104320526123 58.12 1556.43 309.00 1556.43 309.00 1800.44 58.12 1800.44
P2208 0.2388528436422348 2424.20 1648.00 2618.34 1648.00 2618.34 1880.37 2424.20 1880.37
P2208 0.19122816622257233 1916.60 1460.22 2312.85 1460.22 2312.85 1848.00 1916.60 1848.00
P2208 0.13318580389022827 4392.94 825.91 4663.06 825.91 4663.06 971.04 4392.94 971.04
P2208 0.1260727345943451 4300.99 518.94 4372.61 518.94 4372.61 619.10 4300.99 619.10
P2208 0.11082615703344345 4595.18 647.85 4696.11 647.85 4696.11 679.54 4595.18 679.54
P2208 0.09022495150566101 2404.06 1999.66 2626.68 1999.66 2626.68 2312.45 2404.06 2312.45
P2208 0.07257687300443649 2428.07 1482.44 2607.39 1482.44 2607.39 1848.00 2428.07 1848.00
P2208 0.05497827008366585 2376.09 2482.82 2584.08 2482.82 2584.08 2725.70 2376.09 2725.70
P2208 0.05136829987168312 4930.74 1132.39 5144.00 1132.39 5144.00 1224.30 4930.74 1224.30
P2535 0.187102809548378 1640.13 1141.93 1710.35 1141.93 1710.35 1300.31 1640.13 1300.31
P2535 0.10490302741527557 1458.37 1126.94 1561.45 1126.94 1561.45 1266.23 1458.37 1266.23
P2535 0.061041057109832764 146.36 170.15 373.11 170.15 373.11 296.67 146.36 296.67
P2567 0.99220871925354 468.18 507.12 697.38 684.37 314.76 916.61 83.38 739.47
P2567 0.7633267045021057 1072.67 340.30 1264.11 709.74 1006.31 904.30 816.63 536.51
P1625 0.050855301320552826 1519.50 4763.45 1541.65 4825.48 1508.25 4853.37 1486.38 4791.36
P0774 0.12026005238294601 1037.39 180.49 1098.00 505.98 646.67 550.62 589.72 230.13
P0774 0.06987279653549194 940.47 219.22 1024.00 466.83 470.93 505.49 391.42 262.13
P1722 0.05344277247786522 2394.18 3077.65 2422.48 3077.65 2422.48 3123.00 2394.18 3123.00
P1180 0.6022542715072632 295.60 1667.68 553.31 1868.82 279.17 2062.43 21.45 1866.21
P1180 0.36993053555488586 2982.19 2695.82 3370.01 2695.82 3370.01 2970.61 2982.19 2970.61
P1180 0.3560619056224823 3267.93 2006.42 3496.00 2325.94 3268.50 2672.00 3041.66 2358.35
P1180 0.13138347864151 3794.29 1912.83 4248.95 1912.83 4248.95 2359.31 3794.29 2359.31
P1180 0.12275757640600204 919.35 1823.08 952.49 1879.11 871.12 1938.16 838.06 1882.70
P1180 0.06528908759355545 1189.89 69.39 1413.59 69.39 1413.59 329.82 1189.89 329.82
P1180 0.06416171789169312 3660.85 1919.50 3800.77 2117.30 3416.64 2203.32 3280.57 2007.95
P1553 0.567974328994751 2412.78 3288.84 2455.69 3444.55 2270.24 3481.25 2227.70 3327.80
P1348 0.30892616510391235 2095.46 3767.26 2123.23 3917.46 2011.69 3946.93 1984.14 3797.70
P1348 0.0897185206413269 2779.86 940.65 2792.86 1062.20 2725.09 1074.29 2712.29 953.67
P1348 0.06359245628118515 802.23 3270.31 815.69 3301.91 762.52 3312.89 749.29 3281.86
P2171 0.057959865778684616 647.99 390.94 834.50 390.94 834.50 558.28 647.99 558.28
P2666 0.8470542430877686 2646.79 1672.94 2669.78 1694.99 2637.67 1723.08 2615.06 1700.74
P2484 0.3609189987182617 499.91 1028.08 580.10 1041.88 568.38 1181.11 488.22 1167.13
P2484 0.1602872908115387 1270.97 824.00 1574.00 944.60 1302.14 1128.77 996.19 1008.14
P2484 0.08847475051879883 1215.21 479.12 1574.00 709.31 1286.42 1024.00 923.75 795.07
P2484 0.08645551651716232 66.56 866.28 119.22 871.19 113.74 908.73 61.19 903.66
P2484 0.06165582314133644 284.83 1011.64 336.14 1011.64 336.14 1086.75 284.83 1086.75
P2484 0.050773851573467255 892.48 1748.29 993.88 1794.18 931.74 1848.00 831.77 1801.48
P1760 0.33411073684692383 686.61 3604.14 739.21 3689.25 638.48 3759.37 586.61 3674.09
P2041 0.6716198325157166 1087.93 824.00 1320.77 1024.61 1154.86 1177.99 919.63 972.65
P2041 0.457021027803421 1082.50 797.91 1280.54 901.05 1132.54 1024.00 934.59 918.24
P2041 0.0650787353515625 766.54 1192.24 1009.36 1404.78 797.11 1649.01 556.00 1431.58
P1536 0.2881157398223877 1836.56 4603.00 1858.28 4709.48 1790.15 4727.70 1768.46 4622.34
P1536 0.1760077327489853 1458.55 3553.02 1489.16 3690.12 1421.93 3711.59 1391.54 3576.04
P0369 0.0723896324634552 903.13 110.30 960.19 314.43 835.41 356.73 780.75 152.75
P0369 0.06034782528877258 750.57 144.62 803.66 360.55 646.54 397.44 596.11 182.69
P2212 0.9950482249259949 1081.06 557.39 1289.16 557.39 1289.16 963.22 1081.06 963.22
P2212 0.9748566150665283 1646.46 641.07 1707.48 641.07 1707.48 717.29 1646.46 717.29
P2212 0.6841235160827637 861.64 664.02 970.38 664.02 970.38 847.84 861.64 847.84
P1320 0.12124324589967728 303.14 659.02 311.20 698.25 284.95 703.54 277.01 664.52
P2383 0.9315701127052307 487.75 283.52 536.81 314.75 478.65 399.04 429.01 367.86
P1922 0.989550769329071 349.05 288.04 422.29 691.80 218.57 748.22 145.44 345.99
P1922 0.13093894720077515 382.29 594.00 427.90 718.14 235.41 742.18 191.89 618.96
P1302 0.19860677421092987 452.76 2876.79 567.05 2876.79 567.05 2979.94 452.76 2979.94
P1302 0.10894797742366791 2716.36 1499.19 2726.45 1595.74 2668.23 1607.67 2658.37 1512.17
P2749 0.07586712390184402 234.60 639.34 504.64 639.34 504.64 1006.08 234.60 1006.08
P0997 0.1312762349843979 723.64 265.76 1024.00 558.88 580.15 792.66 289.09 507.03
P1777 0.5434973835945129 1655.24 578.73 1848.00 876.30 1558.49 1024.00 1367.17 721.46
P2345 0.2732270061969757 1407.03 968.37 1423.44 1011.83 1367.90 1024.94 1351.97 982.08
P1546 0.19952833652496338 3387.97 2607.21 3403.78 2647.26 3328.40 2661.18 3313.00 2622.35
P2602 0.05328680947422981 4618.14 2925.93 5144.00 2925.93 5144.00 3322.29 4618.14 3322.29
P2443 0.6940622329711914 324.30 824.00 399.68 887.89 331.92 971.95 257.78 906.55
P2443 0.1411643773317337 769.54 53.21 821.84 137.94 754.33 194.54 703.55 108.30
P2443 0.10372734069824219 1279.69 1776.50 1416.78 1879.71 1272.79 2008.32 1135.43 1903.75
P2443 0.05162372067570686 574.93 1756.94 685.14 1909.46 537.82 2021.60 429.65 1868.94
P0667 0.05466070398688316 675.35 298.09 777.32 433.20 684.04 500.39 582.71 363.93
P1367 0.30691972374916077 793.13 2976.00 839.14 3004.07 788.44 3085.78 742.51 3057.50
P2524 0.9421652555465698 737.03 1194.69 752.03 1315.05 661.19 1327.11 646.43 1207.48
P2524 0.1807195544242859 702.04 990.76 710.31 1061.36 671.96 1068.72 664.09 998.74
P2524 0.09275978803634644 632.35 1195.06 648.68 1319.11 576.11 1336.28 560.44 1213.87
P1151 0.057778120040893555 2893.15 3782.75 2979.42 4099.23 2704.04 4201.77 2620.16 3888.17
P2353 0.14588607847690582 521.35 1570.31 534.30 1620.71 510.77 1630.59 498.08 1580.17
P2407 0.9871891140937805 1595.72 1473.33 1635.85 1582.57 1562.53 1606.96 1522.72 1497.06
P2407 0.49613896012306213 1183.11 980.00 1429.63 1083.20 1240.28 1240.37 995.41 1139.85
P2407 0.34599629044532776 1097.18 740.77 1432.36 740.77 1432.36 1024.00 1097.18 1024.00
P2407 0.2608596086502075 1242.40 857.60 1437.21 1044.53 1208.25 1227.97 1015.05 1046.08
P2407 0.09792105853557587 1244.59 393.07 1424.85 393.07 1424.85 613.97 1244.59 613.97
P2407 0.08342354744672775 1116.01 1228.29 1336.42 1239.03 1321.52 1401.87 1101.25 1390.84
P2407 0.0626949816942215 1515.70 561.98 1819.22 632.69 1730.97 855.78 1427.12 782.46
P2407 0.05123453959822655 1739.22 90.99 1807.68 230.33 1638.78 288.69 1571.91 151.54
P1532 0.05471878498792648 1734.57 2370.00 1766.21 2437.06 1644.12 2462.75 1613.34 2397.46
P2515 0.9964872598648071 498.62 625.65 573.91 625.65 573.91 739.64 498.62 739.64
P2515 0.9584581851959229 578.02 627.36 656.76 627.36 656.76 745.80 578.02 745.80
P2515 0.9575319290161133 417.79 731.42 484.63 731.42 484.63 858.45 417.79 858.45
P2515 0.7030295729637146 1592.86 280.86 1680.29 298.40 1657.41 421.84 1569.89 403.37
P2515 0.5657173991203308 502.73 757.42 587.34 757.42 587.34 874.81 502.73 874.81
P2515 0.23226718604564667 419.40 824.00 484.48 824.00 484.48 856.49 419.40 856.49
P2515 0.08329109847545624 657.12 1230.41 703.29 1271.74 648.94 1327.15 603.08 1285.49
P2573 0.9972067475318909 1251.43 394.29 1357.14 775.45 930.13 865.51 824.00 485.09
P2573 0.9964428544044495 1326.23 744.26 1423.72 1073.51 973.64 1165.07 876.25 836.32
P2573 0.8414576053619385 982.13 485.36 1024.00 790.09 868.69 846.80 827.70 543.32
P2573 0.7861049771308899 1986.23 77.02 2058.77 600.07 1734.25 658.00 1664.12 139.43
P2573 0.605595052242279 2150.03 796.96 2204.30 1009.33 1880.09 1046.53 1826.43 836.98
P2573 0.3504108488559723 316.20 6.25 503.07 425.54 206.08 702.72 19.72 288.50
P2573 0.14177486300468445 2011.16 447.00 2074.55 601.58 1741.27 624.88 1680.89 472.81
P2573 0.11313272267580032 727.76 0.00 855.93 318.03 514.01 409.51 389.11 93.28
P1183 0.8729040622711182 613.80 2064.60 1024.00 2316.88 666.82 2672.00 254.39 2414.72
P1183 0.704156756401062 433.34 3159.00 694.67 3482.73 369.08 3839.54 110.20 3515.95
P1183 0.5725427865982056 401.00 3108.39 687.71 3280.33 346.70 3496.00 60.77 3324.21
P1183 0.49730998277664185 5741.42 695.82 6159.87 695.82 6159.87 1024.00 5741.42 1024.00
P1183 0.4373736083507538 5848.90 824.00 6101.03 969.98 5987.58 1403.95 5735.63 1265.60
P1183 0.4311216473579407 777.24 1553.40 926.95 1699.64 711.84 1848.00 562.60 1700.68
P1183 0.35884442925453186 806.53 1648.00 963.59 1737.51 734.99 1855.43 576.86 1765.16
P1183 0.2889344096183777 1283.88 824.00 1612.63 1048.84 1329.34 1303.36 1002.36 1077.37
P1183 0.23522153496742249 5776.92 87.10 6185.32 87.10 6185.32 598.53 5776.92 598.53
P1183 0.20440220832824707 1093.82 3280.97 1337.00 3543.76 1064.40 3762.44 824.00 3501.48
P1183 0.18745045363903046 867.56 2695.11 1024.00 2901.47 778.55 3192.70 622.09 2990.85
P1183 0.17271029949188232 911.16 388.84 1024.00 574.35 836.80 754.20 724.94 564.43
P1183 0.1653200387954712 2947.66 3225.90 3060.42 3360.75 2914.75 3481.15 2804.83 3345.93
P1183 0.1441410481929779 447.05 2472.00 796.84 2796.61 517.44 3039.66 168.52 2715.05
P1183 0.10364119708538055 2413.17 2479.87 2625.14 2756.84 2384.89 2995.52 2177.56 2719.51
P1183 0.09178458899259567 3384.51 703.21 3496.00 851.30 3379.81 1024.00 3268.47 873.00
P1183 0.07899675518274307 1358.36 1648.00 1829.69 1962.20 1286.09 2277.20 824.00 1962.81
P1183 0.07012878358364105 230.10 1831.42 355.57 2038.57 156.28 2195.34 31.91 1989.63
P1183 0.064906544983387 253.29 2553.51 428.07 3084.38 204.25 3370.35 28.62 2845.23
P1183 0.058193277567625046 3445.09 700.32 3574.87 867.57 3423.38 1024.00 3296.00 853.87
P1183 0.05378422513604164 5777.71 718.03 5968.00 718.03 5968.00 1024.00 5777.71 1024.00
P0148 0.9991130232810974 361.08 200.65 506.29 200.65 506.29 407.19 361.08 407.19
P0148 0.9988021850585938 342.59 481.96 458.56 481.96 458.56 689.70 342.59 689.70
P0148 0.9608672261238098 1091.21 436.26 1208.64 551.36 1075.47 714.83 958.71 596.83
P0148 0.2022247612476349 1068.16 784.06 1210.03 895.16 1095.56 1106.13 954.65 995.27
P0148 0.06420717388391495 888.69 872.42 1024.00 944.06 964.04 1140.29 829.33 1070.04
P1628 0.14517837762832642 1999.09 3855.04 2046.88 3947.22 1979.06 3987.14 1931.04 3894.58
P1411 0.10023436695337296 1240.30 0.00 1473.22 239.07 1163.97 465.48 934.54 234.44
P1592 0.9337635040283203 1263.06 772.90 1306.60 899.26 1237.19 936.29 1193.71 809.95
P1592 0.9107189178466797 2556.65 0.00 2681.41 0.00 2681.41 93.99 2556.65 93.99
P1592 0.12617847323417664 2589.32 204.45 2687.01 204.45 2687.01 361.37 2589.32 361.37
P1310 0.463819682598114 3486.16 2267.98 3524.18 2389.35 3411.49 2420.26 3374.00 2300.54
P1468 0.9099911451339722 1742.81 549.08 1903.74 549.08 1903.74 981.11 1742.81 981.11
P1468 0.46859899163246155 1761.35 824.00 1901.78 824.00 1901.78 987.54 1761.35 987.54
P1468 0.36467522382736206 887.02 2777.10 1058.94 2777.10 1058.94 2964.13 887.02 2964.13
P1468 0.10065845400094986 2671.01 6712.13 2869.25 6712.13 2869.25 6994.05 2671.01 6994.05
P1468 0.08326803147792816 762.91 2759.08 1020.96 2759.08 1020.96 2970.29 762.91 2970.29
P2486 0.9601415395736694 1205.91 747.06 1282.09 747.06 1282.09 867.39 1205.91 867.39
P2486 0.883598268032074 1208.09 824.00 1278.00 824.00 1278.00 864.30 1208.09 864.30
P2486 0.5203161239624023 888.66 2030.87 941.53 2040.65 928.64 2111.00 876.03 2100.82
P2486 0.06970550119876862 14.55 2017.49 92.55 2036.10 77.19 2186.00 0.00 2167.13
P0836 0.10515740513801575 824.00 1412.30 1124.23 1412.30 1124.23 1848.00 824.00 1848.00
P2112 0.13163724541664124 452.44 0.00 680.92 182.13 269.62 277.35 44.75 101.38
P0090 0.09984000772237778 741.31 815.74 1004.61 851.25 953.88 1194.92 692.31 1159.52
P2473 0.41226595640182495 1723.89 1802.00 1769.25 2066.71 1516.06 2101.24 1472.27 1839.99
P2473 0.28038546442985535 2040.21 452.70 2148.00 762.09 1941.27 886.22 1833.17 574.82
P2473 0.0886838436126709 1336.10 905.85 1438.99 1116.05 1219.37 1211.21 1115.65 1000.61
P2473 0.07080819457769394 443.38 1939.20 538.62 2113.71 273.77 2211.00 180.15 2037.50
P2473 0.06505026668310165 1853.47 1450.32 2148.00 1450.32 2148.00 1716.04 1853.47 1716.04
P2643 0.9919884204864502 6344.17 1806.20 6515.86 1982.58 6392.63 2091.50 6221.27 1912.12
P2643 0.1909179836511612 6266.21 1346.84 6393.24 1506.05 6221.71 1686.98 6095.28 1526.77
P2643 0.06795477867126465 6457.86 1648.00 6682.92 1846.93 6492.38 2006.13 6271.69 1804.42
P2643 0.06177287921309471 5875.90 1123.48 5992.15 1218.09 5883.43 1379.28 5768.00 1283.55
P2643 0.05556844174861908 6519.99 1441.55 6681.03 1636.09 6557.30 1797.48 6398.64 1600.08
P0154 0.09611805528402328 366.70 318.32 397.75 408.60 314.95 432.95 284.40 342.63
P2500 0.7330797910690308 1152.35 1839.58 1197.07 1934.50 1127.95 1967.04 1083.56 1871.51
P2500 0.24307887256145477 96.58 385.52 178.38 401.04 162.22 524.23 80.71 508.43
P2500 0.20099832117557526 1253.41 1085.47 1280.07 1140.38 1222.07 1170.59 1195.65 1115.04
P2500 0.1764005720615387 1326.14 1714.08 1378.01 1818.81 1299.36 1859.73 1249.30 1754.14
P2500 0.12334082275629044 512.83 440.25 637.20 440.25 637.20 668.01 512.83 668.01
P1855 0.994499683380127 1340.60 269.34 1758.66 598.20 1242.46 1024.00 824.00 693.50
P1855 0.9935611486434937 2601.07 824.00 2879.19 1086.22 2523.29 1314.19 2245.90 1051.03
P1855 0.990374743938446 365.11 1232.68 664.50 1559.15 298.21 1848.00 0.00 1523.92
P1855 0.9830281734466553 1301.54 1080.16 1640.68 1364.11 1224.81 1755.40 888.22 1468.27
P1855 0.9072610139846802 2504.04 824.00 2672.00 1109.82 2436.26 1309.19 2268.71 1023.99
P1855 0.9057568311691284 1066.55 1061.74 1164.69 1310.17 919.41 1445.86 824.00 1196.30
P1855 0.742824375629425 1703.99 1105.80 1848.00 1346.69 1579.60 1480.73 1438.17 1237.93
P1855 0.7073242664337158 542.99 1661.22 974.52 1928.87 586.25 2274.36 153.17 2007.02
P1855 0.6910439133644104 812.63 824.00 1024.00 1060.91 737.90 1227.63 526.31 992.28
P1855 0.6900780200958252 775.81 610.48 1017.67 814.44 745.45 1024.00 508.64 823.44
P1855 0.47684258222579956 930.62 1103.98 1024.00 1319.92 820.56 1426.61 728.81 1210.02
P1855 0.4243539571762085 1624.11 1658.34 1848.00 1926.14 1586.13 2156.62 1362.00 1887.14
P1855 0.40264397859573364 900.64 1441.63 1024.00 1665.50 810.26 1848.00 688.71 1622.39
P1855 0.3806855082511902 2530.54 357.69 2865.30 799.32 2355.18 1024.00 2022.71 586.97
P1855 0.2942472994327545 1391.52 824.00 1753.09 1035.43 1242.90 1266.30 888.75 1057.90
P1855 0.28141045570373535 1010.44 1549.56 1086.17 1766.44 895.76 1844.47 824.00 1627.59
P1855 0.15683406591415405 1574.32 2018.00 1848.00 2214.85 1545.87 2408.17 1271.73 2210.67
P1855 0.14591792225837708 1077.71 1782.50 1252.39 2104.77 993.38 2335.54 824.00 2020.12
P1855 0.09537912160158157 794.73 1273.38 884.80 1513.49 688.91 1609.44 602.64 1368.73
P1855 0.09052342921495438 1932.96 1648.00 2177.82 1866.30 1887.19 2163.85 1648.00 1946.18
P1855 0.07652769237756729 564.54 901.45 849.55 1226.15 485.98 1513.15 204.28 1193.88
P1855 0.060659151524305344 986.20 824.00 1053.51 998.93 886.98 1084.69 824.00 910.13
P1855 0.05037911608815193 1578.43 2398.85 1673.98 2666.81 1501.65 2742.82 1407.98 2473.73
P1952 0.8603022694587708 1284.87 0.00 1674.00 412.42 1213.84 613.73 824.30 199.85
P1671 0.2098473310470581 2813.24 827.93 2882.70 882.82 2797.15 988.49 2728.97 933.59
P1671 0.06186990067362785 1458.21 3692.57 1479.42 3703.73 1466.09 3744.29 1444.76 3733.13
P1461 0.9926974177360535 1181.51 824.00 1751.26 824.00 1751.26 1719.76 1181.51 1719.76
P1461 0.8805291056632996 1203.01 827.52 1741.81 827.52 1741.81 1024.00 1203.01 1024.00
P1461 0.5945519208908081 4944.00 3692.30 5185.67 3692.30 5185.67 4311.19 4944.00 4311.19
P1461 0.4057723581790924 5715.14 498.06 5806.31 750.38 5637.83 855.24 5547.69 606.45
P1461 0.11044366657733917 6017.39 2069.07 6316.36 2069.07 6316.36 2345.71 6017.39 2345.71
P1461 0.07208925485610962 6153.36 1323.63 6397.54 1323.63 6397.54 1589.16 6153.36 1589.16
P1461 0.05437012016773224 5748.63 499.40 5817.58 745.26 5702.64 854.44 5637.00 613.11
P1313 0.6742193102836609 2851.40 655.39 2912.51 655.39 2912.51 767.90 2851.40 767.90
P1313 0.05168800801038742 198.14 3360.19 226.51 3504.28 154.22 3525.18 125.81 3381.75
P2461 0.9739506840705872 548.60 1011.61 615.61 1011.61 615.61 1115.01 548.60 1115.01
P2461 0.9423040151596069 720.30 702.87 806.42 702.87 806.42 835.35 720.30 835.35
P2461 0.9356362819671631 648.04 933.49 717.08 933.49 717.08 1024.00 648.04 1024.00
P2461 0.1739821583032608 619.47 738.12 690.37 738.12 690.37 836.75 619.47 836.75
P2461 0.16360710561275482 699.86 1112.54 921.81 1112.54 921.81 1417.76 699.86 1417.76
P2461 0.1327311098575592 1026.14 1066.57 1323.90 1066.57 1323.90 1364.14 1026.14 1364.14
P2461 0.12853647768497467 270.03 919.87 479.96 1204.22 298.73 1397.84 89.13 1110.98
P2461 0.0662640705704689 761.56 881.44 936.97 881.44 936.97 1113.25 761.56 1113.25
P2461 0.060582470148801804 1028.45 607.12 1380.31 607.12 1380.31 899.53 1028.45 899.53
P2461 0.058988314121961594 668.00 517.31 921.98 517.31 921.98 715.24 668.00 715.24
P2202 0.1015487015247345 552.93 300.95 855.29 300.95 855.29 559.03 552.93 559.03
P0240 0.0628916546702385 200.56 569.82 352.96 569.82 352.96 754.80 200.56 754.80
P0834 0.11304913461208344 1050.25 291.98 1234.00 291.98 1234.00 395.16 1050.25 395.16
P0834 0.07697619497776031 1027.65 163.41 1208.52 163.41 1208.52 263.61 1027.65 263.61
P2736 0.0754888579249382 6.59 1425.31 26.89 1425.31 26.89 1451.66 6.59 1451.66
P1544 0.4620286822319031 1497.79 1716.16 1546.83 1814.90 1450.56 1848.00 1402.66 1749.87
P1544 0.066685251891613 2139.27 239.29 2203.29 279.70 2155.83 374.72 2091.49 333.74
P2508 0.9969525337219238 1576.49 1290.24 1656.11 1290.24 1656.11 1408.62 1576.49 1408.62
P2508 0.9379183053970337 1445.43 1253.61 1513.92 1253.61 1513.92 1373.32 1445.43 1373.32
P2508 0.07538237422704697 1267.07 1332.03 1339.18 1332.03 1339.18 1459.85 1267.07 1459.85
P2508 0.06334606558084488 1253.50 1242.12 1366.28 1242.12 1366.28 1321.56 1253.50 1321.56
P0165 0.1858617663383484 1273.46 1717.03 1704.01 1717.03 1704.01 2111.51 1273.46 2111.51
P2333 0.559666633605957 1609.40 1461.51 1848.00 1614.37 1631.36 1848.00 1391.79 1694.07
P2333 0.4147827923297882 1852.10 1648.00 2010.96 1906.33 1804.13 2019.75 1648.00 1759.41
P2333 0.3063819706439972 1791.61 1579.56 1936.29 1750.17 1790.06 1848.00 1648.00 1674.35
P2333 0.1736993044614792 1581.58 1648.00 1758.26 1800.10 1572.67 1911.39 1400.12 1756.08
P2333 0.12678751349449158 1806.09 2694.49 1862.47 2901.34 1701.74 2966.61 1648.00 2762.14
P2333 0.10454998910427094 1768.31 2686.97 1848.00 2907.07 1602.71 2976.29 1525.80 2757.31
P2333 0.08824149519205093 1055.61 475.19 1117.83 475.19 1117.83 562.63 1055.61 562.63
P2333 0.07044094055891037 1747.20 1648.00 1848.00 1890.97 1744.87 2067.34 1645.08 1821.11
P2333 0.06275133043527603 1766.53 2295.02 1848.00 2527.45 1669.51 2672.00 1590.14 2441.09
P0399 0.8811516761779785 188.20 781.20 393.70 1108.28 216.63 1425.00 14.00 1095.11
P1335 0.0884433463215828 2047.43 1751.93 2061.58 1850.76 2004.08 1865.10 1990.25 1767.88
P2376 0.8967118859291077 2084.64 216.25 2335.00 496.41 2134.38 825.92 1881.63 542.65
P2376 0.7172608375549316 1960.71 0.00 2305.11 155.27 1993.55 388.72 1647.39 232.27
P2376 0.1560290902853012 1623.40 0.00 1848.00 153.78 1590.29 322.98 1366.78 169.61
P1488 0.08471178263425827 586.10 938.58 713.49 938.58 713.49 1182.39 586.10 1182.39
P0017 0.08076909184455872 2226.72 163.01 2323.44 422.13 2121.61 516.42 2024.93 260.24
P2398 0.9795531630516052 1366.48 86.86 1429.65 130.96 1369.87 224.32 1306.07 178.58
P2398 0.8357376456260681 1220.79 198.12 1280.12 225.31 1237.42 328.82 1178.25 301.84
P2723 0.9981337189674377 3656.82 1821.16 3672.27 1821.16 3672.27 1846.00 3656.82 1846.00
P2723 0.9971508383750916 2912.56 2048.75 2930.67 2048.75 2930.67 2080.98 2912.56 2080.98
P2723 0.9960588216781616 1946.54 2167.16 1963.02 2206.49 1939.28 2216.80 1922.89 2177.79
P2723 0.9957926273345947 4160.34 1993.55 4175.23 2033.68 4149.65 2044.42 4134.88 2004.89
P2723 0.9949644804000854 1916.36 1927.80 1930.97 1927.80 1930.97 1949.85 1916.36 1949.85
P2723 0.9949283599853516 2623.71 1090.24 2631.48 1119.83 2614.14 1125.16 2606.50 1096.13
P2723 0.9894439578056335 1306.26 455.19 1325.41 491.55 1302.01 506.11 1282.80 470.45
P2723 0.9850339293479919 2189.57 2432.10 2201.45 2458.94 2185.29 2466.03 2173.42 2439.47
P2723 0.9587198495864868 3077.56 716.90 3108.45 722.01 3099.39 774.39 3068.48 769.36
P2723 0.9530585408210754 341.79 388.98 370.71 388.98 370.71 405.23 341.79 405.23
P2723 0.9406900405883789 2174.15 2501.33 2185.34 2526.04 2173.83 2532.87 2162.56 2508.34
P2723 0.910869300365448 2744.82 2009.57 2755.45 2016.82 2744.90 2032.71 2734.20 2025.63
P2723 0.4981541931629181 209.39 2143.36 228.64 2143.36 228.64 2176.20 209.39 2176.20
P2723 0.4289384186267853 2516.46 1764.67 2523.44 1773.74 2514.14 1783.01 2507.13 1774.22
P1327 0.06589245796203613 2177.19 146.78 2208.38 263.00 2079.97 281.63 2049.51 166.05
P1327 0.05741848424077034 187.65 2488.27 199.85 2590.15 116.69 2599.21 104.96 2498.77
P2338 0.5613219738006592 3803.95 2759.97 3840.00 2856.50 3761.66 2908.10 3725.24 2812.80
P2338 0.5547156929969788 177.32 2850.90 221.02 2887.98 171.27 2956.48 127.33 2919.21
P2338 0.4304531216621399 2989.81 2446.45 3038.78 2518.76 2993.12 2549.21 2944.58 2475.96
P2338 0.16937032341957092 898.71 664.65 921.41 664.65 921.41 701.45 898.71 701.45
P2338 0.14207831025123596 872.17 664.71 892.47 664.71 892.47 697.88 872.17 697.88
P2338 0.1399669647216797 566.99 2379.52 628.91 2385.74 622.29 2469.22 560.48 2463.01
P1629 0.2509273588657379 2849.69 3840.43 2866.09 3880.08 2807.11 3897.59 2791.21 3859.00
P1629 0.15669262409210205 1667.44 1286.52 1723.00 1336.44 1694.07 1369.79 1638.57 1319.67
P1629 0.10264340788125992 1208.40 0.00 1258.13 46.14 1168.87 86.72 1118.91 40.81
P1629 0.07531550526618958 3260.92 452.79 3342.65 532.10 3283.26 588.26 3201.58 508.30
P1629 0.07462303340435028 2375.13 778.97 2420.93 823.45 2384.44 857.65 2338.20 812.79
P1862 0.9837045073509216 1781.09 0.00 2401.22 0.00 2401.22 1024.00 1781.09 1024.00
P1862 0.808930516242981 1048.16 2044.80 1359.66 2151.59 1249.75 2510.53 937.88 2402.16
P1862 0.7402710318565369 1782.75 2472.00 2024.18 2660.04 1886.78 3015.06 1648.00 2824.85
P1862 0.723068118095398 1639.39 2472.00 1848.00 2628.73 1748.02 2987.64 1539.71 2831.76
P1862 0.7037453651428223 1214.06 2472.00 1627.11 2623.54 1410.14 2870.29 997.22 2718.76
P1862 0.6384187340736389 1837.91 1256.32 2398.82 1374.06 2205.11 1848.00 1648.00 1730.31
P1862 0.6351808905601501 1726.73 2257.29 2059.45 2316.83 1977.31 2672.00 1648.00 2611.32
P1862 0.6156801581382751 1865.16 1648.00 2369.31 1823.76 2146.40 2364.86 1648.00 2187.92
P1862 0.6078786849975586 1699.37 1648.00 1848.00 1702.02 1793.66 1912.29 1645.29 1856.59
P1862 0.35031530261039734 1337.13 1885.53 1625.13 1981.74 1496.18 2244.57 1211.18 2145.39
P1862 0.3255806267261505 2270.03 2472.00 2672.00 2663.68 2516.95 3394.35 2117.75 3202.21
P1862 0.19472013413906097 1659.23 2275.58 1848.00 2367.32 1773.22 2672.00 1584.51 2576.41
P1862 0.17796330153942108 2573.65 2472.00 2758.39 2697.74 2653.79 3293.99 2472.00 3067.94
P1862 0.15909267961978912 2261.61 3307.00 2531.26 3478.12 2292.41 3748.50 2024.76 3581.32
P1862 0.13224415481090546 1320.24 2169.92 1646.87 2228.96 1557.05 2594.46 1233.94 2532.29
P1862 0.12861520051956177 1648.74 1840.00 1848.00 1904.67 1771.74 2171.46 1573.71 2104.47
P1862 0.09983427077531815 1718.93 1557.11 1848.00 1622.53 1780.14 1848.00 1652.48 1782.44
P1862 0.05983152613043785 2137.10 2112.10 2510.34 2316.64 2262.27 2672.00 1895.41 2469.36
P1504 0.12168312072753906 688.42 2477.27 710.95 2499.37 681.34 2528.44 658.84 2506.10
P1504 0.08374745398759842 899.97 2861.37 943.30 2891.97 909.57 2932.55 866.61 2901.22
P1442 0.9979966282844543 649.94 474.67 1053.41 474.67 1053.41 739.10 649.94 739.10
P1442 0.994835376739502 219.90 245.12 466.53 245.12 466.53 605.47 219.90 605.47
P1442 0.9068188667297363 516.17 2347.35 755.02 2347.35 755.02 2768.71 516.17 2768.71
P1442 0.7664437890052795 97.44 1203.54 201.44 1203.54 201.44 1430.03 97.44 1430.03
P1442 0.3632262945175171 1030.18 495.84 1178.97 495.84 1178.97 717.98 1030.18 717.98
P1442 0.21946647763252258 643.00 2397.48 758.77 2397.48 758.77 2734.25 643.00 2734.25
P2525 0.9872699975967407 2270.17 1014.11 2329.39 1055.79 2240.15 1142.11 2180.82 1099.65
P2525 0.3397052586078644 2109.68 2493.70 2300.03 2493.70 2300.03 2608.00 2109.68 2608.00
P2525 0.18844594061374664 2348.20 913.00 2406.01 972.41 2352.66 1025.70 2295.92 965.50
P2525 0.1873849481344223 0.00 2202.16 159.15 2202.16 159.15 2425.86 0.00 2425.86
P2525 0.05223860964179039 1837.75 2486.88 2106.06 2486.88 2106.06 2608.00 1837.75 2608.00
P1667 0.1267848014831543 3551.42 3675.00 3622.30 3707.42 3588.71 3779.80 3517.70 3746.85
P0059 0.2405281513929367 1694.81 2564.04 1716.16 2564.04 1716.16 2617.18 1694.81 2617.18
P2683 0.07411480695009232 1279.86 33.60 1574.87 278.63 1294.55 505.43 1001.66 258.48
P1731 0.6519365906715393 73.83 2788.48 94.86 2874.46 20.86 2896.94 0.00 2811.84
P1731 0.08927128463983536 3964.60 2130.62 4000.00 2185.61 3964.48 2221.69 3928.69 2166.15
P1731 0.0716962143778801 3868.48 1930.12 3945.08 2007.49 3881.23 2095.64 3804.89 2016.91
P2526 0.9640358686447144 599.93 1774.72 663.13 1780.02 652.30 1848.00 588.88 1842.63
P2526 0.9327414035797119 593.38 1778.02 665.03 1786.61 648.50 1903.42 576.66 1894.74
P2526 0.4825022220611572 1997.30 2166.53 2078.00 2239.96 2029.66 2296.97 1948.44 2221.80
P1774 0.30884528160095215 4039.44 1695.71 4320.00 2207.00 3990.58 2634.00 3709.58 2139.91
P1774 0.15151146054267883 4331.19 1764.34 4626.51 2144.59 4408.75 2631.91 4120.00 2264.33
P1595 0.9593620300292969 664.27 36.32 741.27 121.72 677.19 179.18 599.82 92.98
P1595 0.9126309752464294 654.80 2537.23 732.25 2558.16 710.88 2697.94 633.01 2676.58
P1595 0.8344026803970337 1808.87 563.58 1868.39 663.07 1812.07 717.72 1752.76 617.91
P1595 0.7760819792747498 4020.14 3600.19 4048.89 3709.18 3985.88 3739.84 3956.93 3631.23
P1595 0.7188354730606079 2418.89 82.38 2480.67 164.61 2430.73 203.02 2368.80 120.30
P1595 0.6134311556816101 1269.70 1746.63 1334.15 1757.61 1322.78 1883.47 1258.11 1872.42
P1595 0.29705655574798584 947.94 150.87 1024.00 150.87 1024.00 295.40 947.94 295.40
P1595 0.10593031346797943 823.38 609.29 834.09 691.43 790.81 707.53 780.24 626.28
P2119 0.9934908151626587 1363.49 1250.62 1821.00 1250.62 1821.00 1460.00 1363.49 1460.00
P2119 0.959160566329956 99.39 455.72 116.59 721.13 15.62 746.43 0.00 483.93
P2119 0.8629307746887207 1436.68 207.63 1464.13 436.25 1231.91 460.27 1205.56 235.27
P2119 0.8427186012268066 590.52 0.00 630.49 194.92 366.49 218.08 327.58 25.15
P2119 0.720204770565033 1249.05 431.19 1339.43 431.19 1339.43 550.00 1249.05 550.00
P2119 0.17920762300491333 802.37 436.00 957.00 742.11 523.50 838.68 372.43 544.08
P2119 0.10878416895866394 1334.80 404.19 1454.76 404.19 1454.76 552.72 1334.80 552.72
P2119 0.0983242616057396 825.10 0.00 855.16 156.85 633.48 177.89 605.30 24.61
P2119 0.09313734620809555 1344.71 436.00 1421.49 436.00 1421.49 536.09 1344.71 536.09
P1423 0.09617944061756134 2032.73 1829.00 2219.45 2032.27 2049.08 2156.86 1866.30 1949.21
P2402 0.99078369140625 352.86 0.00 511.15 11.95 490.74 155.14 332.14 142.63
P2193 0.10858715325593948 2063.73 167.13 2088.71 180.22 2079.56 216.00 2054.61 203.21
P1578 0.12549041211605072 743.99 577.81 864.20 577.81 864.20 735.47 743.99 735.47
P0048 0.6512686014175415 1060.99 1602.14 1279.99 1927.66 1051.33 2089.25 831.77 1760.51
P0048 0.34939759969711304 1017.13 1634.91 1166.45 1754.49 1006.35 1848.00 859.67 1727.36
P0048 0.09310480207204819 447.51 689.16 504.26 735.86 475.12 776.45 419.10 728.93
P0048 0.06597671657800674 231.35 908.11 278.38 965.41 236.53 1005.73 189.93 947.95
P1112 0.3502131402492523 6674.16 2598.33 6792.00 2877.38 6631.05 3090.03 6512.89 2808.12
P1112 0.10689865797758102 7044.79 2621.76 7250.56 2841.86 7052.21 3043.17 6848.68 2821.23
P1176 0.0695308968424797 2304.69 2004.19 2318.12 2093.98 2234.48 2106.50 2221.60 2017.86
P2589 0.9947831034660339 1118.47 765.21 1230.27 1095.26 935.04 1257.00 824.00 924.37
P2589 0.9524086713790894 913.00 774.13 1024.00 1056.87 810.52 1248.24 699.35 961.97
P2589 0.8483777046203613 1074.70 782.72 1228.46 931.43 973.45 1024.00 824.00 874.92
P2589 0.2558743357658386 926.41 809.40 1024.00 939.60 850.94 1024.00 754.24 893.58
P2589 0.09123585373163223 418.89 450.87 666.10 602.35 473.54 962.59 226.56 814.39
P0115 0.5653520822525024 590.92 743.58 653.82 850.37 493.08 931.99 430.77 825.67
P0115 0.4118235409259796 256.50 922.52 426.57 1180.59 189.93 1357.00 21.14 1101.00
P0513 0.8766918778419495 699.28 583.10 890.65 832.32 658.97 981.79 469.30 734.13
P2434 0.8360298275947571 791.43 1687.52 916.16 1708.52 894.59 1780.18 769.70 1758.17
P2434 0.4138491749763489 836.16 1690.70 898.01 1712.52 885.52 1776.38 824.00 1753.82
P2434 0.13125598430633545 794.18 815.30 872.86 870.37 819.54 949.70 741.03 892.90
P2434 0.05246482789516449 853.97 1702.32 913.17 1718.34 902.46 1782.82 844.00 1766.18
P1728 0.8355407118797302 3043.99 3021.59 3105.08 3098.30 3057.98 3141.80 2996.69 3064.49
P1728 0.7339973449707031 2440.27 1831.49 2517.99 1898.52 2470.18 1974.55 2391.71 1905.32
P1728 0.6400166749954224 3579.52 203.08 3652.36 278.64 3608.57 334.00 3535.48 258.05
P1728 0.13029752671718597 878.31 887.41 901.25 903.83 876.71 951.53 853.81 935.34
P1372 0.09233833849430084 2683.72 518.74 2731.68 595.50 2621.64 669.64 2573.58 593.22
P1372 0.05029496178030968 307.07 824.00 417.19 973.18 283.66 1055.73 175.88 906.59
P1157 0.7037414908409119 4747.39 278.68 4780.42 311.54 4726.51 368.32 4693.73 334.94
P1157 0.6267414689064026 1848.07 199.74 1872.19 237.90 1812.46 279.24 1788.70 241.51
P1157 0.09546804428100586 6795.90 1124.17 6831.97 1151.79 6792.58 1207.18 6757.65 1179.03
P1157 0.05002347007393837 5350.07 188.21 5369.42 188.21 5369.42 224.45 5350.07 224.45
P2170 0.11887945979833603 54.07 152.73 234.48 152.73 234.48 290.09 54.07 290.09
P2511 0.9859185218811035 843.43 2279.45 888.60 2321.80 814.64 2406.00 769.08 2363.25
P2511 0.9490514397621155 853.18 2286.25 885.01 2329.76 841.18 2409.33 810.00 2365.84
P1270 0.5258220434188843 1516.95 1938.79 1546.23 1957.82 1512.65 2010.42 1483.57 1991.73
P0196 0.05553429573774338 1234.98 340.68 1469.20 340.68 1469.20 557.14 1234.98 557.14
P2493 0.2568102478981018 1069.58 0.00 1179.13 88.92 1046.51 187.15 938.05 97.40
P2493 0.08205582201480865 1549.45 972.68 1644.87 1151.42 1447.71 1235.21 1355.38 1058.75
P2493 0.06792958825826645 1723.17 2104.08 1795.63 2386.94 1536.03 2435.00 1466.10 2154.00
