P1612 0.9159510731697083 3117.20 2628.74 3159.74 2628.74 3159.74 2671.97 3117.20 2671.97
P1612 0.10269097983837128 3230.81 2584.00 3255.90 2584.00 3255.90 2616.12 3230.81 2616.12
P1612 0.05242771655321121 3595.42 2141.59 3625.01 2141.59 3625.01 2164.44 3595.42 2164.44
P1523 0.994489312171936 1428.89 2539.01 1473.16 2539.01 1473.16 2587.20 1428.89 2587.20
P1523 0.9827908277511597 710.88 2869.92 745.22 2869.92 745.22 2912.33 710.88 2912.33
P1523 0.07969886809587479 3438.42 624.66 3473.53 624.66 3473.53 662.05 3438.42 662.05
P1523 0.06868230551481247 410.83 561.97 435.86 561.97 435.86 588.84 410.83 588.84
P0077 0.8198805451393127 87.95 158.17 325.28 158.17 325.28 392.99 87.95 392.99
P0077 0.057900745421648026 180.49 239.22 239.08 239.22 239.08 303.82 180.49 303.82
P2391 0.17641718685626984 442.32 438.86 560.75 438.86 560.75 550.89 442.32 550.89
P1406 0.11694344878196716 111.15 3999.69 144.86 3999.69 144.86 4032.63 111.15 4032.63
P1362 0.6164553165435791 3358.37 1203.66 3390.26 1203.66 3390.26 1230.36 3358.37 1230.36
P1362 0.5864714980125427 1410.92 3033.94 1492.13 3033.94 1492.13 3126.30 1410.92 3126.30
P1362 0.27385464310646057 3513.25 2611.67 3548.99 2611.67 3548.99 2643.19 3513.25 2643.19
P1677 0.7847604155540466 3866.53 2978.96 3959.23 2978.96 3959.23 3073.62 3866.53 3073.62
P1677 0.27457311749458313 830.88 3333.48 867.07 3333.48 867.07 3366.71 830.88 3366.71
P1677 0.13767577707767487 3395.75 1117.56 3458.52 1117.56 3458.52 1183.94 3395.75 1183.94
P1677 0.133072629570961 3640.77 824.00 3676.91 824.00 3676.91 853.37 3640.77 853.37
P1677 0.1018247976899147 3696.15 1835.41 3795.05 1835.41 3795.05 1937.72 3696.15 1937.72
P1677 0.09792129695415497 559.26 1098.40 584.99 1098.40 584.99 1125.70 559.26 1125.70
P1677 0.09379494935274124 2102.78 393.17 2127.19 393.17 2127.19 415.86 2102.78 415.86
P1677 0.05643898993730545 858.00 3935.08 887.10 3935.08 887.10 3961.46 858.00 3961.46
P2586 0.06999896466732025 390.32 557.31 668.13 557.31 668.13 834.49 390.32 834.49
P2586 0.0668158158659935 776.17 1329.91 831.80 1329.91 831.80 1380.50 776.17 1380.50
P2603 0.150128573179245 539.46 1445.25 776.36 1445.25 776.36 1684.32 539.46 1684.32
P2414 0.9969661831855774 751.61 900.55 827.10 900.55 827.10 977.36 751.61 977.36
P2414 0.9936873316764832 842.14 648.23 892.46 648.23 892.46 698.19 842.14 698.19
P2414 0.9883952140808105 1531.96 1271.46 1577.98 1271.46 1577.98 1318.57 1531.96 1318.57
P2414 0.21762381494045258 285.82 1336.95 407.66 1336.95 407.66 1459.15 285.82 1459.15
P1729 0.8206579685211182 3081.22 3481.37 3102.62 3481.37 3102.62 3504.70 3081.22 3504.70
P1729 0.3931678831577301 3076.85 3167.73 3113.32 3167.73 3113.32 3204.17 3076.85 3204.17
P1729 0.0848577469587326 3209.07 2075.38 3241.44 2075.38 3241.44 2109.47 3209.07 2109.47
P2412 0.9844996929168701 532.46 1014.26 632.82 1014.26 632.82 1118.64 532.46 1118.64
P2412 0.982562780380249 866.83 665.75 940.89 665.75 940.89 742.74 866.83 742.74
P2412 0.9704862833023071 995.42 810.04 1067.54 810.04 1067.54 881.72 995.42 881.72
P2412 0.8804003000259399 506.72 679.80 614.41 679.80 614.41 782.55 506.72 782.55
P2412 0.6693096160888672 747.26 1409.21 818.51 1409.21 818.51 1480.37 747.26 1480.37
P2412 0.3270558714866638 776.00 1406.79 806.59 1406.79 806.59 1480.01 776.00 1480.01
P2412 0.1055675595998764 758.58 1434.00 801.16 1434.00 801.16 1467.51 758.58 1467.51
P0515 0.31638553738594055 202.04 97.68 321.45 97.68 321.45 218.14 202.04 218.14
P0515 0.12352482974529266 86.17 0.00 265.76 0.00 265.76 157.05 86.17 157.05
P2273 0.9929560422897339 1416.81 567.18 1471.79 567.18 1471.79 620.34 1416.81 620.34
P2273 0.9841926693916321 292.79 325.98 345.01 325.98 345.01 375.79 292.79 375.79
P2273 0.7478668093681335 1214.11 384.78 1244.77 384.78 1244.77 414.63 1214.11 414.63
P2273 0.4330494701862335 1308.70 51.91 1377.06 51.91 1377.06 122.11 1308.70 122.11
P2273 0.11048190295696259 1360.83 337.36 1448.38 337.36 1448.38 432.41 1360.83 432.41
P2649 0.05953041836619377 858.34 1111.80 924.79 1111.80 924.79 1182.07 858.34 1182.07
P1687 0.9955209493637085 485.04 1961.84 529.81 1961.84 529.81 2006.86 485.04 2006.86
P1687 0.20285052061080933 1705.93 322.81 1754.67 322.81 1754.67 368.11 1705.93 368.11
P2229 0.08294826745986938 36.19 308.48 94.45 308.48 94.45 367.95 36.19 367.95
P0069 0.7434229850769043 277.22 455.55 583.62 455.55 583.62 753.34 277.22 753.34
P1734 0.1796542853116989 920.07 885.34 1002.39 885.34 1002.39 980.12 920.07 980.12
P1734 0.09282056987285614 3418.71 3823.07 3445.94 3823.07 3445.94 3857.74 3418.71 3857.74
P1734 0.0719345360994339 1952.46 1701.77 1978.01 1701.77 1978.01 1726.48 1952.46 1726.48
P1734 0.06966257840394974 804.61 343.16 829.96 343.16 829.96 371.08 804.61 371.08
P2744 0.20928706228733063 1400.56 1709.30 1425.74 1709.30 1425.74 1729.12 1400.56 1729.12
P2410 0.10815554112195969 452.86 1161.66 513.38 1161.66 513.38 1213.79 452.86 1213.79
P2410 0.10730380564928055 1225.36 1218.06 1489.55 1218.06 1489.55 1491.80 1225.36 1491.80
P2410 0.08261575549840927 2051.45 1899.72 2150.45 1899.72 2150.45 2008.10 2051.45 2008.10
P0137 0.9868689179420471 2736.67 525.11 2779.64 525.11 2779.64 568.42 2736.67 568.42
P0137 0.17730236053466797 4012.66 2409.14 4096.97 2409.14 4096.97 2481.95 4012.66 2481.95
P0137 0.16253912448883057 5027.83 2864.97 5067.97 2864.97 5067.97 2902.17 5027.83 2902.17
P0137 0.15104427933692932 1512.45 3314.86 1538.71 3314.86 1538.71 3337.35 1512.45 3337.35
P0137 0.11626240611076355 2795.48 2088.30 2821.61 2088.30 2821.61 2118.26 2795.48 2118.26
P0137 0.11515475064516068 438.15 3154.25 458.17 3154.25 458.17 3174.58 438.15 3174.58
P0137 0.06799553334712982 2371.22 3593.05 2395.08 3593.05 2395.08 3626.26 2371.22 3626.26
P0137 0.055904094129800797 3878.53 2174.86 3920.93 2174.86 3920.93 2216.71 3878.53 2216.71
P0137 0.053339503705501556 1490.76 3317.27 1515.71 3317.27 1515.71 3333.62 1490.76 3333.62
P0137 0.05136653035879135 5092.74 2998.59 5123.26 2998.59 5123.26 3031.16 5092.74 3031.16
P2530 0.9840515851974487 197.88 2115.32 232.27 2115.32 232.27 2150.64 197.88 2150.64
P2530 0.8419580459594727 953.54 345.75 981.19 345.75 981.19 374.82 953.54 374.82
P2530 0.5579681992530823 965.45 1871.37 995.38 1871.37 995.38 1899.06 965.45 1899.06
P2530 0.13273054361343384 1352.79 2257.82 1390.93 2257.82 1390.93 2290.66 1352.79 2290.66
P2530 0.06635220348834991 1491.22 2288.50 1534.25 2288.50 1534.25 2337.65 1491.22 2337.65
P2530 0.05292677506804466 103.83 913.52 128.80 913.52 128.80 937.71 103.83 937.71
P0877 0.06584490835666656 205.81 1123.79 706.24 1123.79 706.24 1637.25 205.81 1637.25
P1378 0.6744959354400635 569.52 4280.23 606.88 4280.23 606.88 4318.08 569.52 4318.08
P1378 0.494054913520813 1007.72 3707.31 1078.50 3707.31 1078.50 3781.48 1007.72 3781.48
P1378 0.4131770730018616 1609.58 4404.26 1645.90 4404.26 1645.90 4437.76 1609.58 4437.76
P1378 0.3963843286037445 4912.32 4062.52 5318.70 4062.52 5318.70 4320.00 4912.32 4320.00
P1378 0.27807533740997314 1033.93 3617.28 1106.25 3617.28 1106.25 3690.54 1033.93 3690.54
P1378 0.27231428027153015 1475.72 4302.40 1510.01 4302.40 1510.01 4334.32 1475.72 4334.32
P1378 0.23708097636699677 1419.91 3631.03 1482.99 3631.03 1482.99 3697.82 1419.91 3697.82
P1378 0.2259860634803772 182.57 1335.57 220.75 1335.57 220.75 1374.71 182.57 1374.71
P1378 0.09467519819736481 4430.23 3625.43 4729.34 3625.43 4729.34 3943.41 4430.23 3943.41
P1378 0.08168941736221313 498.81 3395.75 608.86 3395.75 608.86 3483.15 498.81 3483.15
P1378 0.07444971054792404 4709.14 3929.59 4761.87 3929.59 4761.87 3977.81 4709.14 3977.81
P1378 0.07162201404571533 2491.66 3296.00 2739.08 3296.00 2739.08 3530.03 2491.66 3530.03
P1378 0.05930614843964577 928.53 3622.43 1460.81 3622.43 1460.81 4143.05 928.53 4143.05
P2451 0.9981516003608704 1220.12 942.26 1266.79 942.26 1266.79 993.49 1220.12 993.49
P2451 0.9924120306968689 1074.15 2078.26 1111.06 2078.26 1111.06 2117.00 1074.15 2117.00
P2451 0.8800677061080933 1487.60 2121.27 1519.45 2121.27 1519.45 2152.57 1487.60 2152.57
P2451 0.13689422607421875 1492.12 938.57 1521.65 938.57 1521.65 966.70 1492.12 966.70
P2178 0.15974178910255432 467.88 394.84 501.11 394.84 501.11 423.62 467.88 423.62
P0923 0.15681524574756622 440.95 1351.00 509.37 1351.00 509.37 1419.37 440.95 1419.37
P0043 0.8921892642974854 824.00 1175.19 1298.45 1175.19 1298.45 1663.52 824.00 1663.52
P0043 0.11447524279356003 1648.41 1891.31 2087.99 1891.31 2087.99 2537.44 1648.41 2537.44
P0043 0.10388011485338211 468.45 1417.02 1024.00 1417.02 1024.00 1848.00 468.45 1848.00
P0043 0.10148683935403824 1726.51 2912.56 2355.68 2912.56 2355.68 3447.95 1726.51 3447.95
P2336 0.11450483649969101 1298.68 1448.45 1562.06 1448.45 1562.06 1706.19 1298.68 1706.19
P1684 0.3271349370479584 3393.48 69.41 3415.71 69.41 3415.71 91.64 3393.48 91.64
P1684 0.2247302383184433 2254.54 936.83 2293.43 936.83 2293.43 975.48 2254.54 975.48
P1684 0.07141786068677902 3428.49 3564.40 3463.90 3564.40 3463.90 3600.91 3428.49 3600.91
P1684 0.05752451717853546 3734.91 1613.81 3833.67 1613.81 3833.67 1703.84 3734.91 1703.84
P1820 0.27916625142097473 391.42 961.95 453.67 961.95 453.67 1023.46 391.42 1023.46
P1820 0.09501252323389053 347.40 918.18 405.88 918.18 405.88 975.99 347.40 975.99
P1820 0.06951554119586945 1673.63 398.30 1725.15 398.30 1725.15 448.78 1673.63 448.78
P2498 0.9977769255638123 1103.36 1841.51 1168.12 1841.51 1168.12 1904.05 1103.36 1904.05
P2498 0.9952294826507568 1115.88 2127.61 1188.62 2127.61 1188.62 2202.07 1115.88 2202.07
P2498 0.1924571394920349 1151.10 1679.77 1171.97 1679.77 1171.97 1700.11 1151.10 1700.11
P2498 0.1504441499710083 669.78 1098.50 695.07 1098.50 695.07 1120.80 669.78 1120.80
P2498 0.10179299116134644 719.57 1889.90 819.24 1889.90 819.24 1996.97 719.57 1996.97
P2498 0.06589950621128082 741.71 2080.48 764.19 2080.48 764.19 2105.84 741.71 2105.84
P1712 0.9302816987037659 402.11 1229.24 470.45 1229.24 470.45 1295.07 402.11 1295.07
P1712 0.897210419178009 1357.34 1459.03 1394.47 1459.03 1394.47 1495.64 1357.34 1495.64
P1712 0.8621122241020203 730.54 2255.11 813.31 2255.11 813.31 2335.80 730.54 2335.80
P1712 0.7433952689170837 1179.98 370.64 1221.38 370.64 1221.38 410.06 1179.98 410.06
P1712 0.29539746046066284 384.06 1517.96 441.44 1517.96 441.44 1576.86 384.06 1576.86
P1712 0.07082228362560272 1981.10 991.89 2007.54 991.89 2007.54 1016.61 1981.10 1016.61
P0231 0.4949600100517273 0.00 1016.20 385.52 1016.20 385.52 1520.83 0.00 1520.83
P1568 0.7304120063781738 1198.07 1171.48 1238.69 1171.48 1238.69 1210.53 1198.07 1210.53
P1568 0.05964317172765732 308.24 1563.91 450.70 1563.91 450.70 1697.90 308.24 1697.90
P1568 0.05452903360128403 605.08 3076.96 625.54 3076.96 625.54 3095.96 605.08 3095.96
P2546 0.9932188391685486 725.33 1855.94 762.71 1855.94 762.71 1898.74 725.33 1898.74
P2546 0.990120530128479 544.84 1954.98 587.06 1954.98 587.06 1999.63 544.84 1999.63
P2546 0.7526796460151672 980.75 869.29 1077.90 869.29 1077.90 965.54 980.75 965.54
P2546 0.7037914991378784 824.00 846.64 916.98 846.64 916.98 946.59 824.00 946.59
P2546 0.1158195436000824 736.11 1843.28 758.01 1843.28 758.01 1858.77 736.11 1858.77
P2546 0.055694498121738434 1746.73 1872.83 1764.32 1872.83 1764.32 1894.96 1746.73 1894.96
P1402 0.9679551124572754 3791.78 845.50 3814.03 845.50 3814.03 869.71 3791.78 869.71
P1402 0.6715531349182129 2690.82 1292.93 2818.02 1292.93 2818.02 1446.93 2690.82 1446.93
P1402 0.49382439255714417 3100.18 3334.88 3138.37 3334.88 3138.37 3371.63 3100.18 3371.63
P1402 0.23825319111347198 2305.90 1344.17 2329.87 1344.17 2329.87 1367.97 2305.90 1367.97
P1402 0.057196736335754395 2305.74 1520.70 2327.88 1520.70 2327.88 1542.58 2305.74 1542.58
P1125 0.06588509678840637 7221.28 2321.12 7287.87 2321.12 7287.87 2397.82 7221.28 2397.82
P0185 0.34124645590782166 2155.22 2485.66 2216.64 2485.66 2216.64 2556.00 2155.22 2556.00
P1678 0.9265214800834656 886.07 3485.86 923.83 3485.86 923.83 3521.32 886.07 3521.32
P1678 0.23258048295974731 161.07 3057.64 232.08 3057.64 232.08 3138.94 161.07 3138.94
P1678 0.20045296847820282 559.01 1529.21 620.83 1529.21 620.83 1592.35 559.01 1592.35
P1678 0.12378589808940887 1.14 2969.82 87.95 2969.82 87.95 3060.31 1.14 3060.31
P1678 0.09784787893295288 641.96 3737.82 672.84 3737.82 672.84 3766.28 641.96 3766.28
P1678 0.061723072081804276 487.54 1448.89 698.69 1448.89 698.69 1674.05 487.54 1674.05
P1835 0.051705773919820786 1452.30 761.78 1526.07 761.78 1526.07 856.26 1452.30 856.26
P1796 0.5286895036697388 3175.03 4520.36 3278.56 4520.36 3278.56 4624.97 3175.03 4624.97
P1796 0.3186954855918884 2845.82 3609.03 2921.70 3609.03 2921.70 3691.83 2845.82 3691.83
P1796 0.11846449971199036 3129.20 4673.66 3234.48 4673.66 3234.48 4776.11 3129.20 4776.11
P1796 0.05565953627228737 3358.30 5105.99 3637.71 5105.99 3637.71 5419.68 3358.30 5419.68
P1611 0.17468445003032684 1407.36 3019.65 1430.62 3019.65 1430.62 3040.34 1407.36 3040.34
P0132 0.533039391040802 2699.30 361.83 3086.33 361.83 3086.33 790.33 2699.30 790.33
P0132 0.3116501569747925 2628.44 1235.54 3079.37 1235.54 3079.37 1691.72 2628.44 1691.72
P1379 0.8175721168518066 2318.60 2599.13 2535.07 2599.13 2535.07 2818.43 2318.60 2818.43
P1379 0.4701819121837616 2303.03 2848.14 2397.60 2848.14 2397.60 2946.55 2303.03 2946.55
P1379 0.21996702253818512 2472.00 2626.06 2523.65 2626.06 2523.65 2802.75 2472.00 2802.75
P1379 0.1750270426273346 1088.14 3428.24 1200.02 3428.24 1200.02 3531.71 1088.14 3531.71
P2707 0.05801217257976532 2132.26 748.72 2209.68 748.72 2209.68 822.79 2132.26 822.79
P2340 0.7544010877609253 863.89 955.84 893.77 955.84 893.77 988.51 863.89 988.51
P2340 0.2555379271507263 887.85 914.67 911.70 914.67 911.70 939.87 887.85 939.87
P1624 0.2179926037788391 1455.04 328.43 1476.26 328.43 1476.26 351.81 1455.04 351.81
P1048 0.055889662355184555 1665.17 602.87 1699.82 602.87 1699.82 635.62 1665.17 635.62
P2652 0.2368510663509369 149.28 286.50 406.82 286.50 406.82 550.78 149.28 550.78
P1448 0.9170272946357727 4730.24 1962.48 5003.40 1962.48 5003.40 2294.24 4730.24 2294.24
P1448 0.8088129758834839 2635.08 2330.14 2869.63 2330.14 2869.63 2532.02 2635.08 2532.02
P1448 0.6297175288200378 2472.00 2019.47 2763.06 2019.47 2763.06 2354.02 2472.00 2354.02
P1448 0.46731120347976685 4657.18 1739.01 4795.66 1739.01 4795.66 1848.00 4657.18 1848.00
P1448 0.43790939450263977 924.47 3713.74 1061.24 3713.74 1061.24 3859.47 924.47 3859.47
P1448 0.3145277798175812 3661.18 663.97 3736.49 663.97 3736.49 740.92 3661.18 740.92
P1448 0.2926492393016815 1418.65 4142.28 1596.74 4142.28 1596.74 4332.03 1418.65 4332.03
P1448 0.07717863470315933 4220.84 472.20 4280.18 472.20 4280.18 551.88 4220.84 551.88
P1448 0.06707510352134705 851.85 3264.35 918.40 3264.35 918.40 3326.84 851.85 3326.84
P2172 0.987149715423584 524.24 772.23 576.99 772.23 576.99 826.20 524.24 826.20
P2172 0.9869339466094971 240.81 86.86 293.34 86.86 293.34 138.66 240.81 138.66
P2172 0.06044754385948181 358.06 588.98 388.23 588.98 388.23 619.29 358.06 619.29
P0784 0.42911496758461 2302.99 908.07 2469.05 908.07 2469.05 1024.00 2302.99 1024.00
P0784 0.14107312262058258 2325.69 677.81 2405.38 677.81 2405.38 757.54 2325.69 757.54
P0784 0.06130653992295265 580.69 822.82 646.55 822.82 646.55 887.57 580.69 887.57
P0784 0.059824440628290176 3206.12 615.42 3276.14 615.42 3276.14 685.61 3206.12 685.61
P0784 0.059484485536813736 555.42 907.01 695.97 907.01 695.97 1046.18 555.42 1046.18
P0097 0.9973242282867432 247.80 163.73 851.64 163.73 851.64 768.42 247.80 768.42
P1248 0.464251309633255 2558.52 123.69 2577.48 123.69 2577.48 143.41 2558.52 143.41
P1248 0.40908247232437134 3140.97 833.98 3162.78 833.98 3162.78 855.48 3140.97 855.48
P1248 0.2693016827106476 3124.04 2163.03 3146.23 2163.03 3146.23 2182.96 3124.04 2182.96
P1447 0.9713953733444214 1423.91 1753.42 1511.55 1753.42 1511.55 1838.95 1423.91 1838.95
P1447 0.9575109481811523 1420.84 2006.53 1507.96 2006.53 1507.96 2110.61 1420.84 2110.61
P1447 0.43609750270843506 1614.85 1070.23 1671.59 1070.23 1671.59 1123.92 1614.85 1123.92
P2699 0.1555161029100418 212.44 1725.82 255.58 1725.82 255.58 1762.04 212.44 1762.04
P2699 0.09285741299390793 486.26 2004.34 517.53 2004.34 517.53 2033.33 486.26 2033.33
P1381 0.9933567643165588 2956.13 4691.30 3026.99 4691.30 3026.99 4768.94 2956.13 4768.94
P1381 0.9908596873283386 1858.19 2338.04 1926.54 2338.04 1926.54 2409.83 1858.19 2409.83
P1381 0.989261269569397 2412.55 3696.15 2479.86 3696.15 2479.86 3771.09 2412.55 3771.09
P1381 0.9830647110939026 1304.26 1401.19 1379.69 1401.19 1379.69 1481.27 1304.26 1481.27
P1381 0.9482956528663635 1314.20 937.81 1382.08 937.81 1382.08 996.30 1314.20 996.30
P1381 0.8734510540962219 882.37 253.23 943.42 253.23 943.42 320.26 882.37 320.26
P1381 0.5401005744934082 1559.09 4153.76 1617.08 4153.76 1617.08 4209.00 1559.09 4209.00
P1381 0.3267940580844879 1287.85 1856.78 1396.95 1856.78 1396.95 1971.92 1287.85 1971.92
P1381 0.07022886723279953 1099.96 2429.93 1136.25 2429.93 1136.25 2466.14 1099.96 2466.14
P0709 0.28128376603126526 936.19 214.46 1009.49 214.46 1009.49 297.19 936.19 297.19
P0709 0.13835066556930542 921.81 195.42 1024.00 195.42 1024.00 315.63 921.81 315.63
P0107 0.7694100141525269 193.79 359.63 559.40 359.63 559.40 641.45 193.79 641.45
P0107 0.10502752661705017 311.74 446.59 413.42 446.59 413.42 547.79 311.74 547.79
P1701 0.9795418977737427 3155.19 3830.86 3229.74 3830.86 3229.74 3898.65 3155.19 3898.65
P1701 0.8465185165405273 1114.04 3940.08 1137.93 3940.08 1137.93 3964.30 1114.04 3964.30
P1993 0.11237487941980362 1051.44 1362.34 1112.46 1362.34 1112.46 1416.00 1051.44 1416.00
P2274 0.07114341109991074 337.67 620.28 421.95 620.28 421.95 730.82 337.67 730.82
P2431 0.3111926317214966 1118.84 1751.58 1228.79 1751.58 1228.79 1848.00 1118.84 1848.00
P2431 0.23848065733909607 1239.19 1414.12 1269.97 1414.12 1269.97 1434.72 1239.19 1434.72
P2431 0.17351925373077393 1212.59 340.89 1247.87 340.89 1247.87 375.43 1212.59 375.43
P2431 0.05204896256327629 1354.61 374.32 1373.98 374.32 1373.98 391.55 1354.61 391.55
P0135 0.7510401606559753 1599.02 993.48 1747.18 993.48 1747.18 1128.31 1599.02 1128.31
P2698 0.4109753966331482 1629.25 2022.21 1846.39 2022.21 1846.39 2229.55 1629.25 2229.55
P2698 0.36857879161834717 1648.00 1794.92 1816.78 1794.92 1816.78 1962.55 1648.00 1962.55
P2698 0.2721672058105469 1860.10 1902.55 2037.16 1902.55 2037.16 2084.03 1860.10 2084.03
P2698 0.14616601169109344 2041.35 1820.00 2220.80 1820.00 2220.80 1963.96 2041.35 1963.96
P1852 0.19405075907707214 2673.51 799.83 2746.93 799.83 2746.93 875.00 2673.51 875.00
P1852 0.09112899750471115 1667.89 298.21 1812.80 298.21 1812.80 420.85 1667.89 420.85
P1852 0.06151069700717926 1648.00 41.97 1896.99 41.97 1896.99 289.00 1648.00 289.00
P1334 0.1699897199869156 136.65 2472.00 160.14 2472.00 160.14 2493.46 136.65 2493.46
P2661 0.2741498053073883 1468.00 843.47 1512.67 843.47 1512.67 890.05 1468.00 890.05
P1873 0.08994746953248978 1734.02 3882.03 1800.72 3882.03 1800.72 3945.56 1734.02 3945.56
P1873 0.050337210297584534 1340.56 642.23 1398.82 642.23 1398.82 726.05 1340.56 726.05
P1711 0.9091911911964417 1145.68 3333.47 1195.59 3333.47 1195.59 3380.43 1145.68 3380.43
P1711 0.09946772456169128 178.13 2383.61 204.99 2383.61 204.99 2410.09 178.13 2410.09
P1330 0.9331236481666565 180.11 3550.66 207.95 3550.66 207.95 3578.49 180.11 3578.49
P1330 0.42849835753440857 911.19 2571.83 930.46 2571.83 930.46 2590.31 911.19 2590.31
P1330 0.11704143136739731 1112.93 982.21 1136.96 982.21 1136.96 1004.89 1112.93 1004.89
P1330 0.09953825175762177 972.25 2566.11 987.18 2566.11 987.18 2581.39 972.25 2581.39
P1330 0.09267165511846542 552.45 3659.23 600.35 3659.23 600.35 3702.95 552.45 3702.95
P1694 0.9929097294807434 944.46 1913.38 1022.82 1913.38 1022.82 1991.74 944.46 1991.74
P1694 0.7865694165229797 1384.02 1952.70 1419.38 1952.70 1419.38 1985.00 1384.02 1985.00
P1694 0.7042819261550903 78.21 1655.57 122.15 1655.57 122.15 1696.54 78.21 1696.54
P1694 0.3883156180381775 26.40 1648.00 57.22 1648.00 57.22 1670.96 26.40 1670.96
P1694 0.18199913203716278 2750.20 1582.90 2809.18 1582.90 2809.18 1637.02 2750.20 1637.02
P1694 0.0848955437541008 3369.62 2847.56 3430.87 2847.56 3430.87 2908.42 3369.62 2908.42
P1694 0.06931445002555847 3445.67 2419.04 3471.59 2419.04 3471.59 2445.48 3445.67 2445.48
P1694 0.06243467703461647 1647.78 1466.28 1676.36 1466.28 1676.36 1494.99 1647.78 1494.99
P1694 0.057992395013570786 1213.05 1858.27 1249.97 1858.27 1249.97 1898.42 1213.05 1898.42
P1654 0.08187501132488251 126.95 3554.44 147.34 3554.44 147.34 3573.38 126.95 3573.38
P1654 0.07946563512086868 31.91 3317.90 58.89 3317.90 58.89 3342.98 31.91 3342.98
P0901 0.11119401454925537 140.55 1002.09 211.28 1002.09 211.28 1085.20 140.55 1085.20
P1237 0.18484757840633392 23.02 1111.21 66.03 1111.21 66.03 1154.28 23.02 1154.28
P1576 0.102058045566082 3148.57 3967.47 3175.33 3967.47 3175.33 4000.00 3148.57 4000.00
P1576 0.08293154835700989 3964.03 401.87 4000.00 401.87 4000.00 442.79 3964.03 442.79
P0427 0.40777724981307983 1167.85 220.84 1222.06 220.84 1222.06 280.81 1167.85 280.81
P2117 0.05542818084359169 27.08 305.24 279.23 305.24 279.23 544.85 27.08 544.85
P1567 0.9961554408073425 2269.77 1292.01 2331.93 1292.01 2331.93 1353.89 2269.77 1353.89
P1567 0.7828279137611389 2321.79 2613.81 2346.79 2613.81 2346.79 2637.23 2321.79 2637.23
P1567 0.22097206115722656 2685.36 1988.12 2720.96 1988.12 2720.96 2021.80 2685.36 2021.80
P1567 0.16684313118457794 1984.04 1656.66 2010.14 1656.66 2010.14 1685.77 1984.04 1685.77
P1567 0.14410407841205597 3094.71 3228.11 3113.07 3228.11 3113.07 3247.42 3094.71 3247.42
P1567 0.12601754069328308 3622.32 644.21 3666.73 644.21 3666.73 687.02 3622.32 687.02
P1567 0.07576857507228851 2829.68 2826.11 2860.18 2826.11 2860.18 2855.64 2829.68 2855.64
P1500 0.08970549702644348 233.18 693.40 301.15 693.40 301.15 757.57 233.18 757.57
P0106 0.9183892607688904 554.95 563.20 732.23 563.20 732.23 749.01 554.95 749.01
P0108 0.8153764009475708 208.21 323.39 419.06 323.39 419.06 599.65 208.21 599.65
P1655 0.9742488265037537 672.96 4855.73 715.55 4855.73 715.55 4899.03 672.96 4899.03
P1655 0.9712780714035034 143.63 2472.00 196.57 2472.00 196.57 2518.43 143.63 2518.43
P1655 0.6686497926712036 161.49 4070.40 203.86 4070.40 203.86 4109.15 161.49 4109.15
P1655 0.27411478757858276 253.72 1672.21 285.16 1672.21 285.16 1700.96 253.72 1700.96
P1655 0.250907301902771 3959.11 933.70 4000.00 933.70 4000.00 978.14 3959.11 978.14
P1655 0.17951780557632446 824.00 4318.43 841.06 4318.43 841.06 4336.83 824.00 4336.83
P1655 0.10268942266702652 1339.83 2472.00 1404.20 2472.00 1404.20 2523.83 1339.83 2523.83
P1655 0.07787878066301346 1238.53 1045.71 1303.94 1045.71 1303.94 1108.43 1238.53 1108.43
P1655 0.05479633808135986 3222.08 4510.38 3252.03 4510.38 3252.03 4533.78 3222.08 4533.78
P1644 0.06403995305299759 3797.06 412.48 3847.87 412.48 3847.87 462.80 3797.06 462.80
P1968 0.6372840404510498 1067.92 731.43 1152.82 731.43 1152.82 814.54 1067.92 814.54
P2272 0.9970110654830933 1734.71 1280.68 1781.90 1280.68 1781.90 1329.85 1734.71 1329.85
P2272 0.9964283108711243 545.69 1691.22 596.64 1691.22 596.64 1738.05 545.69 1738.05
P2272 0.9650633931159973 2661.78 969.87 2702.33 969.87 2702.33 1012.61 2661.78 1012.61
P2272 0.8866079449653625 1797.41 1450.75 1903.44 1450.75 1903.44 1549.02 1797.41 1549.02
P2272 0.7304039001464844 2124.51 1732.35 2174.08 1732.35 2174.08 1780.32 2124.51 1780.32
P2272 0.7132654786109924 2764.96 1337.20 2799.58 1337.20 2799.58 1370.86 2764.96 1370.86
P2272 0.22043053805828094 746.53 1762.86 810.90 1762.86 810.90 1828.89 746.53 1828.89
P2272 0.15114463865756989 2008.51 1599.02 2057.39 1599.02 2057.39 1653.81 2008.51 1653.81
P2272 0.13075195252895355 342.47 836.11 359.84 836.11 359.84 853.28 342.47 853.28
P2762 0.15966150164604187 2399.38 2384.09 2462.80 2384.09 2462.80 2453.41 2399.38 2453.41
P2762 0.059464044868946075 2038.94 3481.62 2087.23 3481.62 2087.23 3537.62 2038.94 3537.62
P1721 0.06879875063896179 3537.64 3497.13 3663.92 3497.13 3663.92 3606.40 3537.64 3606.40
P1627 0.052790556102991104 59.71 3300.79 88.65 3300.79 88.65 3332.02 59.71 3332.02
P2448 0.9974700212478638 1417.47 1853.08 1467.98 1853.08 1467.98 1902.52 1417.47 1902.52
P2448 0.793853759765625 1736.91 2015.47 1768.40 2015.47 1768.40 2044.36 1736.91 2044.36
P2195 0.06881629675626755 888.93 1367.31 937.99 1367.31 937.99 1412.64 888.93 1412.64
P2772 0.07655952125787735 2967.53 852.81 3081.98 852.81 3081.98 983.85 2967.53 983.85
P2329 0.636818528175354 1787.05 312.45 1813.45 312.45 1813.45 338.88 1787.05 338.88
P1564 0.9971517324447632 3853.73 110.16 3900.55 110.16 3900.55 158.36 3853.73 158.36
P1564 0.7547702193260193 1882.41 2536.36 1941.70 2536.36 1941.70 2597.23 1882.41 2597.23
P1564 0.6943801641464233 2222.96 1823.26 2261.89 1823.26 2261.89 1848.00 2222.96 1848.00
P1564 0.455500990152359 3423.51 749.84 3487.77 749.84 3487.77 818.33 3423.51 818.33
P1605 0.8532631993293762 2195.72 1627.10 2231.24 1627.10 2231.24 1655.87 2195.72 1655.87
P1605 0.2232142984867096 1236.69 3453.63 1244.88 3509.47 1181.31 3516.69 1173.13 3470.56
P1605 0.10660891979932785 2627.56 549.05 2657.48 549.05 2657.48 574.03 2627.56 574.03
P1605 0.0969386100769043 1949.29 3097.22 1980.42 3097.22 1980.42 3126.90 1949.29 3126.90
P1605 0.07948853075504303 3554.59 2085.20 3575.30 2085.20 3575.30 2106.31 3554.59 2106.31
P1605 0.06947687268257141 3266.81 2839.26 3314.99 2839.26 3314.99 2889.65 3266.81 2889.65
P2654 0.4590749740600586 683.15 1718.66 779.95 1718.66 779.95 1811.60 683.15 1811.60
P2654 0.07208657264709473 234.03 1764.81 328.70 1764.81 328.70 1866.87 234.03 1866.87
P0640 0.12380994111299515 0.00 557.26 449.68 557.26 449.68 1119.00 0.00 1119.00
P2574 0.21846972405910492 1601.78 1149.26 1633.79 1149.26 1633.79 1177.11 1601.78 1177.11
P2540 0.38538500666618347 1384.53 490.91 1412.82 490.91 1412.82 518.91 1384.53 518.91
P2540 0.2551899552345276 1517.85 112.64 1537.36 112.64 1537.36 137.88 1517.85 137.88
P2540 0.24853533506393433 1710.51 1519.20 1737.27 1519.20 1737.27 1544.24 1710.51 1544.24
P2540 0.07536832988262177 1823.86 1491.71 1868.67 1491.71 1868.67 1529.40 1823.86 1529.40
P1538 0.33422020077705383 2187.91 4371.01 2211.68 4371.01 2211.68 4400.08 2187.91 4400.08
P1538 0.15861575305461884 3834.27 1601.24 3865.01 1601.24 3865.01 1629.87 3834.27 1629.87
P1538 0.059176284819841385 3264.75 1752.59 3286.63 1752.59 3286.63 1776.56 3264.75 1776.56
P1769 0.977730929851532 2882.30 2897.52 2946.93 2897.52 2946.93 2956.97 2882.30 2956.97
P1769 0.9143610596656799 3516.48 2705.40 3636.20 2705.40 3636.20 2807.89 3516.48 2807.89
P1769 0.44593894481658936 3817.38 4513.04 3878.89 4513.04 3878.89 4566.73 3817.38 4566.73
P1769 0.24072015285491943 2212.31 4083.43 2245.97 4083.43 2245.97 4115.73 2212.31 4115.73
P1769 0.1101732850074768 2024.93 1655.54 2054.32 1655.54 2054.32 1681.69 2024.93 1681.69
P1769 0.07773464918136597 2478.76 1648.00 2507.42 1648.00 2507.42 1665.00 2478.76 1665.00
P1769 0.0687403678894043 3207.12 1412.09 3272.27 1412.09 3272.27 1467.58 3207.12 1467.58
P1870 0.9821859002113342 4738.17 299.51 4816.71 299.51 4816.71 380.72 4738.17 380.72
P1870 0.96300208568573 1369.57 4839.41 1433.72 4839.41 1433.72 4903.28 1369.57 4903.28
P1870 0.9520015120506287 4134.80 564.38 4210.93 564.38 4210.93 644.09 4134.80 644.09
P1870 0.9451866149902344 1364.91 1106.55 1430.56 1106.55 1430.56 1170.92 1364.91 1170.92
P1870 0.9205592274665833 971.01 2289.65 1048.95 2289.65 1048.95 2358.72 971.01 2358.72
P1870 0.9050605297088623 3754.75 156.52 3825.04 156.52 3825.04 225.50 3754.75 225.50
P1870 0.9015080332756042 1678.79 1745.87 1719.86 1745.87 1719.86 1788.41 1678.79 1788.41
P1870 0.8087831139564514 5265.54 72.78 5335.69 72.78 5335.69 145.18 5265.54 145.18
P1870 0.8019525408744812 1169.07 2737.72 1224.66 2737.72 1224.66 2790.54 1169.07 2790.54
P1870 0.7483202815055847 1809.36 2007.90 1874.44 2007.90 1874.44 2069.13 1809.36 2069.13
P1870 0.6583875417709351 1270.72 2098.38 1325.03 2098.38 1325.03 2152.01 1270.72 2152.01
P1870 0.6430396437644958 718.13 1751.90 897.31 1751.90 897.31 1933.65 718.13 1933.65
P1870 0.4240429401397705 2656.29 1802.02 2693.76 1802.02 2693.76 1841.36 2656.29 1841.36
P1870 0.35452812910079956 1504.71 2004.23 1548.08 2004.23 1548.08 2045.39 1504.71 2045.39
P1870 0.2832605540752411 574.35 2263.18 683.81 2263.18 683.81 2366.63 574.35 2366.63
P1870 0.20012341439723969 1526.53 1476.91 1596.71 1476.91 1596.71 1555.31 1526.53 1555.31
P1870 0.19316750764846802 1690.83 1927.18 1731.50 1927.18 1731.50 1964.01 1690.83 1964.01
P1870 0.07605046778917313 829.71 1799.19 853.22 1799.19 853.22 1816.67 829.71 1816.67
P1870 0.06069571524858475 786.67 2629.06 861.45 2629.06 861.45 2712.01 786.67 2712.01
P1169 0.9969762563705444 2418.06 212.80 2465.18 212.80 2465.18 256.35 2418.06 256.35
P1169 0.9403079152107239 1948.19 295.16 1997.42 295.16 1997.42 341.98 1948.19 341.98
P1169 0.8727436661720276 2121.83 322.46 2178.87 322.46 2178.87 379.99 2121.83 379.99
P1169 0.2914241552352905 2216.19 728.80 2238.33 728.80 2238.33 755.33 2216.19 755.33
P2405 0.8411167860031128 1512.27 695.56 1551.43 695.56 1551.43 739.61 1512.27 739.61
P2715 0.5262496471405029 2355.67 263.26 2384.52 263.26 2384.52 292.24 2355.67 292.24
P2715 0.3061809539794922 2467.63 420.72 2514.73 420.72 2514.73 470.10 2467.63 470.10
P1129 0.13200950622558594 1805.83 824.00 2348.14 824.00 2348.14 1327.26 1805.83 1327.26
P1129 0.1074531152844429 1513.88 2914.68 1798.36 2914.68 1798.36 3230.63 1513.88 3230.63
P1664 0.9977861642837524 2004.66 4339.49 2051.06 4339.49 2051.06 4389.68 2004.66 4389.68
P1664 0.9938158988952637 1747.18 4083.15 1791.65 4083.15 1791.65 4131.36 1747.18 4131.36
P1664 0.9884989857673645 2377.34 4713.40 2425.81 4713.40 2425.81 4763.85 2377.34 4763.85
P1664 0.9863606691360474 113.04 59.25 171.27 59.25 171.27 114.68 113.04 114.68
P1664 0.9838947653770447 1013.90 4387.21 1053.36 4387.21 1053.36 4426.05 1013.90 4426.05
P1664 0.927701473236084 517.66 504.26 558.26 504.26 558.26 542.97 517.66 542.97
P1664 0.13868309557437897 890.09 829.68 924.27 829.68 924.27 872.80 890.09 872.80
P1664 0.07209828495979309 1178.93 3160.89 1202.78 3160.89 1202.78 3184.59 1178.93 3184.59
P1664 0.058492567390203476 841.88 1668.47 876.48 1668.47 876.48 1706.80 841.88 1706.80
P2439 0.3705955743789673 853.62 595.01 966.67 595.01 966.67 714.95 853.62 714.95
P2499 0.9954472184181213 1255.88 795.75 1297.30 795.75 1297.30 839.48 1255.88 839.48
P2499 0.2774909436702728 1218.62 1345.31 1485.43 1345.31 1485.43 1599.20 1218.62 1599.20
P2499 0.15634752810001373 1921.18 1153.28 1964.77 1153.28 1964.77 1209.67 1921.18 1209.67
P2499 0.150479257106781 1259.46 824.00 1291.67 824.00 1291.67 837.25 1259.46 837.25
P2499 0.07644636183977127 1368.34 1586.84 1510.00 1586.84 1510.00 1731.60 1368.34 1731.60
P2499 0.058838099241256714 1350.83 968.36 1387.86 968.36 1387.86 994.68 1350.83 994.68
P1405 0.1339600533246994 435.03 478.35 483.68 478.35 483.68 525.21 435.03 525.21
P1097 0.09637020528316498 254.44 2305.02 299.37 2305.02 299.37 2348.11 254.44 2348.11
P2703 0.5583730936050415 855.34 523.47 896.75 523.47 896.75 564.62 855.34 564.62
P0073 0.9036591053009033 385.14 508.03 459.23 508.03 459.23 585.00 385.14 585.00
P0073 0.537364661693573 292.29 418.92 543.42 418.92 543.42 674.13 292.29 674.13
P0080 0.8896125555038452 61.33 210.82 559.36 210.82 559.36 605.37 61.33 605.37
P1715 0.9698739051818848 4161.89 1563.50 4198.16 1563.50 4198.16 1597.68 4161.89 1597.68
P1715 0.921697735786438 4117.53 1909.32 4157.67 1909.32 4157.67 1953.39 4117.53 1953.39
P1715 0.7550668120384216 3882.49 1508.52 3918.93 1508.52 3918.93 1546.35 3882.49 1546.35
P1715 0.662294328212738 2519.99 4726.66 2587.74 4726.66 2587.74 4789.14 2519.99 4789.14
P1715 0.31407031416893005 3119.77 2565.48 3152.95 2565.48 3152.95 2595.43 3119.77 2595.43
P1715 0.05851200968027115 2822.87 790.17 2859.65 790.17 2859.65 823.97 2822.87 823.97
P2366 0.29379892349243164 908.78 680.00 973.95 680.00 973.95 751.09 908.78 751.09
P2366 0.10343644767999649 999.99 626.87 1069.92 626.87 1069.92 699.95 999.99 699.95
P2366 0.06752709299325943 967.21 512.79 1024.00 512.79 1024.00 573.60 967.21 573.60
P1363 0.9968739748001099 801.51 659.66 900.30 659.66 900.30 752.10 801.51 752.10
P1363 0.9935882091522217 3987.17 2484.93 4054.98 2484.93 4054.98 2549.59 3987.17 2549.59
P1363 0.9920170307159424 3076.08 2637.36 3136.40 2637.36 3136.40 2693.37 3076.08 2693.37
P1363 0.9847758412361145 1753.14 146.18 1797.72 146.18 1797.72 190.89 1753.14 190.89
P1363 0.9833090901374817 4199.26 2295.68 4262.22 2295.68 4262.22 2356.72 4199.26 2356.72
P1363 0.9761430025100708 2521.36 2416.43 2587.10 2416.43 2587.10 2476.36 2521.36 2476.36
P1363 0.9715196490287781 2541.41 1616.35 2578.02 1616.35 2578.02 1653.78 2541.41 1653.78
P1363 0.9393187761306763 269.62 1344.33 300.74 1344.33 300.74 1374.13 269.62 1374.13
P1363 0.9349432587623596 621.46 2845.94 653.82 2845.94 653.82 2874.83 621.46 2874.83
P1363 0.9169339537620544 2098.67 537.12 2213.69 537.12 2213.69 659.59 2098.67 659.59
P1363 0.9150949120521545 76.71 2077.90 104.41 2077.90 104.41 2104.99 76.71 2104.99
P1363 0.8543915748596191 2114.59 3322.23 2196.10 3322.23 2196.10 3415.40 2114.59 3415.40
P1363 0.8538507223129272 4273.08 3878.36 4294.92 3878.36 4294.92 3899.42 4273.08 3899.42
P1363 0.807996392250061 2718.40 1060.63 2742.34 1060.63 2742.34 1084.45 2718.40 1084.45
P1363 0.792613685131073 4397.24 1703.54 4438.50 1703.54 4438.50 1742.70 4397.24 1742.70
P1363 0.7762694954872131 4869.41 3489.20 4901.89 3489.20 4901.89 3519.68 4869.41 3519.68
P1363 0.7433407306671143 3913.77 2930.88 3931.63 2930.88 3931.63 2948.62 3913.77 2948.62
P1363 0.6738986372947693 1912.52 1384.18 1936.60 1384.18 1936.60 1407.55 1912.52 1407.55
P1363 0.4979652762413025 738.30 291.58 769.43 291.58 769.43 321.84 738.30 321.84
P1363 0.4374347925186157 488.56 2201.53 513.18 2201.53 513.18 2228.81 488.56 2228.81
P1363 0.41102316975593567 3045.10 1775.79 3065.17 1775.79 3065.17 1796.97 3045.10 1796.97
P1363 0.2052871733903885 4481.33 1444.13 4502.98 1444.13 4502.98 1464.81 4481.33 1464.81
P1363 0.20004454255104065 3066.47 2008.26 3110.46 2008.26 3110.46 2053.08 3066.47 2053.08
P1363 0.15586018562316895 569.44 2717.86 651.35 2717.86 651.35 2791.70 569.44 2791.70
P1363 0.0807274580001831 2672.69 764.74 2693.56 764.74 2693.56 785.14 2672.69 785.14
P1363 0.07950162142515182 944.98 2906.27 1024.00 2906.27 1024.00 2980.32 944.98 2980.32
P1363 0.059441301971673965 824.00 810.59 873.25 810.59 873.25 873.62 824.00 873.62
P2737 0.0835186317563057 2495.29 2557.28 2518.85 2557.28 2518.85 2583.06 2495.29 2583.06
P1766 0.9661857485771179 38.82 3014.62 64.10 3014.62 64.10 3041.39 38.82 3041.39
P1766 0.7572095990180969 885.62 3344.40 916.99 3344.40 916.99 3372.30 885.62 3372.30
P1404 0.6904573440551758 2121.02 2298.32 2198.65 2298.32 2198.65 2375.05 2121.02 2375.05
P1422 0.17069269716739655 1674.67 425.64 1753.41 425.64 1753.41 505.03 1674.67 505.03
P1422 0.11599341779947281 4332.82 384.80 4414.61 384.80 4414.61 486.83 4332.82 486.83
P1422 0.09149053692817688 4328.74 504.92 4559.24 504.92 4559.24 741.16 4328.74 741.16
P1422 0.07011165469884872 4122.45 2431.46 4200.07 2431.46 4200.07 2518.75 4122.45 2518.75
P1733 0.06992190331220627 2734.91 949.76 2761.55 949.76 2761.55 977.25 2734.91 977.25
P1733 0.0530281625688076 2859.26 4778.79 2901.59 4778.79 2901.59 4830.08 2859.26 4830.08
P0492 0.9641981720924377 1740.45 409.40 2223.00 409.40 2223.00 986.42 1740.45 986.42
P0492 0.7343728542327881 22.40 0.00 791.07 0.00 791.07 515.35 22.40 515.35
P0492 0.054735440760850906 69.12 366.49 303.05 366.49 303.05 652.48 69.12 652.48
P1441 0.7814077734947205 763.09 2365.67 1024.00 2365.67 1024.00 2672.00 763.09 2672.00
P1441 0.08482133597135544 824.00 2472.00 1052.50 2472.00 1052.50 2713.08 824.00 2713.08
P2174 0.5688647627830505 665.09 498.54 718.41 498.54 718.41 554.12 665.09 554.12
P2174 0.18957380950450897 473.90 686.37 503.27 686.37 503.27 714.16 473.90 714.16
P2341 0.628971517086029 934.45 565.89 962.84 565.89 962.84 593.50 934.45 593.50
P0072 0.9622268676757812 161.31 221.74 643.53 221.74 643.53 743.76 161.31 743.76
P0072 0.23024557530879974 369.30 436.75 451.87 436.75 451.87 518.84 369.30 518.84
P0072 0.07820221781730652 538.73 583.15 837.06 583.15 837.06 1003.88 538.73 1003.88
P1668 0.1924665868282318 2359.05 3464.14 2386.03 3464.14 2386.03 3490.81 2359.05 3490.81
P1668 0.18993434309959412 1917.25 3009.18 1943.83 3009.18 1943.83 3033.01 1917.25 3033.01
P2440 0.1645147055387497 2510.68 546.98 2592.84 546.98 2592.84 622.81 2510.68 622.81
P1385 0.19869568943977356 491.97 0.00 761.07 0.00 761.07 248.79 491.97 248.79
P1024 0.05379576236009598 1668.05 216.88 1705.26 216.88 1705.26 244.46 1668.05 244.46
P1525 0.4417079985141754 70.72 976.44 225.76 976.44 225.76 1130.64 70.72 1130.64
P1525 0.06625673919916153 229.86 943.32 375.31 943.32 375.31 1099.46 229.86 1099.46
P1525 0.05251980572938919 3197.00 20.08 3221.75 20.08 3221.75 42.90 3197.00 42.90
P2024 0.2004365473985672 108.36 2378.45 256.64 2378.45 256.64 2502.35 108.36 2502.35
P0682 0.9231355786323547 1296.61 365.94 1354.10 365.94 1354.10 423.38 1296.61 423.38
P1755 0.12686045467853546 2637.61 117.87 2672.00 117.87 2672.00 151.08 2637.61 151.08
P1527 0.729804277420044 3419.91 1668.82 3458.24 1668.82 3458.24 1707.86 3419.91 1707.86
P0307 0.5572652220726013 614.18 1481.04 713.23 1481.04 713.23 1586.27 614.18 1586.27
P0307 0.5266611576080322 629.85 1503.67 696.11 1503.67 696.11 1566.31 629.85 1566.31
P2447 0.9839388728141785 20.46 1250.69 53.52 1250.69 53.52 1284.44 20.46 1284.44
P2447 0.9768326282501221 1514.66 2026.59 1552.70 2026.59 1552.70 2067.27 1514.66 2067.27
P2447 0.12241280823945999 937.52 1487.77 1024.00 1487.77 1024.00 1590.91 937.52 1590.91
P2648 0.0636422410607338 651.32 425.16 698.34 425.16 698.34 475.68 651.32 475.68
P2425 0.9969273209571838 1063.00 863.13 1105.42 863.13 1105.42 908.86 1063.00 908.86
P2425 0.9643669724464417 500.80 637.29 526.24 637.29 526.24 663.28 500.80 663.28
P2425 0.07598273456096649 1065.63 850.60 1090.29 850.60 1090.29 869.08 1065.63 869.08
P1290 0.1825743019580841 1252.77 1193.15 1280.40 1193.15 1280.40 1219.08 1252.77 1219.08
P1290 0.11668793112039566 2004.37 2642.89 2035.67 2642.89 2035.67 2672.09 2004.37 2672.09
P1764 0.9948847889900208 3892.86 1862.69 3945.19 1862.69 3945.19 1917.91 3892.86 1917.91
P1764 0.9926649928092957 2826.73 4880.45 2872.35 4880.45 2872.35 4925.62 2826.73 4925.62
P1764 0.9904782772064209 3061.92 4211.12 3098.10 4211.12 3098.10 4248.17 3061.92 4248.17
P1764 0.9822821617126465 3497.57 1779.39 3592.53 1779.39 3592.53 1876.68 3497.57 1876.68
P1764 0.9783530235290527 3087.21 3910.35 3117.72 3910.35 3117.72 3941.49 3087.21 3941.49
P1764 0.9623088836669922 2641.60 4467.44 2679.60 4467.44 2679.60 4507.75 2641.60 4507.75
P1764 0.8908553123474121 2564.42 3936.53 2595.23 3936.53 2595.23 3969.08 2564.42 3969.08
P1764 0.8806065917015076 3054.15 4480.33 3081.56 4480.33 3081.56 4509.15 3054.15 4509.15
P1764 0.8491489887237549 2540.14 388.87 2567.46 388.87 2567.46 415.80 2540.14 415.80
P1764 0.8490628004074097 3539.66 924.41 3564.80 924.41 3564.80 949.54 3539.66 949.54
P1764 0.7621999979019165 3637.60 3591.64 3665.06 3591.64 3665.06 3618.62 3637.60 3618.62
P1764 0.7014355063438416 3053.26 664.51 3078.54 664.51 3078.54 690.00 3053.26 690.00
P1764 0.5122403502464294 3098.08 1560.18 3127.99 1560.18 3127.99 1591.40 3098.08 1591.40
P1764 0.47743403911590576 3014.17 891.48 3035.35 891.48 3035.35 912.94 3014.17 912.94
P1764 0.3493276834487915 3136.91 1249.18 3155.59 1249.18 3155.59 1269.55 3136.91 1269.55
P1764 0.33496585488319397 3570.86 4001.31 3592.96 4001.31 3592.96 4022.91 3570.86 4022.91
P1764 0.3004940450191498 475.69 1387.61 522.41 1387.61 522.41 1429.19 475.69 1429.19
P1764 0.2760772407054901 3074.67 1052.64 3095.26 1052.64 3095.26 1074.14 3074.67 1074.14
P1764 0.18678879737854004 2945.02 1716.85 2998.54 1716.85 2998.54 1756.70 2945.02 1756.70
P1764 0.08217121660709381 3670.28 4541.89 3691.78 4541.89 3691.78 4565.40 3670.28 4565.40
P1764 0.06244649738073349 1427.18 4525.58 1462.87 4525.58 1462.87 4560.38 1427.18 4560.38
P1764 0.05193673446774483 1675.10 2051.48 1694.71 2051.48 1694.71 2070.92 1675.10 2070.92
P1588 0.9930033087730408 3127.37 786.62 3176.80 786.62 3176.80 834.03 3127.37 834.03
P1588 0.9896288514137268 2339.25 1179.30 2384.28 1179.30 2384.28 1230.14 2339.25 1230.14
P1588 0.8745885491371155 3362.26 2031.17 3381.31 2031.17 3381.31 2052.10 3362.26 2052.10
P1588 0.8657692670822144 1789.20 3043.92 1798.80 3114.50 1725.12 3122.94 1715.66 3064.01
P1588 0.8389368653297424 3637.10 2637.19 3662.98 2637.19 3662.98 2664.58 3637.10 2664.58
P1588 0.34038862586021423 3973.36 1862.82 4000.00 1862.82 4000.00 1924.70 3973.36 1924.70
P1588 0.17568939924240112 3383.51 1351.73 3406.95 1351.73 3406.95 1383.01 3383.51 1383.01
P1588 0.1251174807548523 3320.43 1922.75 3369.63 1922.75 3369.63 1976.26 3320.43 1976.26
P1588 0.07412663847208023 3192.28 2609.30 3231.73 2609.30 3231.73 2633.43 3192.28 2633.43
P2556 0.6240962147712708 2422.94 3234.51 2501.27 3234.51 2501.27 3301.20 2422.94 3301.20
P2556 0.4897485077381134 1822.84 506.46 1913.91 506.46 1913.91 595.01 1822.84 595.01
P1695 0.9106418490409851 194.89 1942.84 226.82 1942.84 226.82 1973.87 194.89 1973.87
P1695 0.1355322152376175 1437.93 2553.20 1646.38 2553.20 1646.38 2764.40 1437.93 2764.40
P1695 0.05498732998967171 513.41 2941.21 542.95 2941.21 542.95 2970.70 513.41 2970.70
P1642 0.9838712215423584 3353.41 3600.00 3445.27 3600.00 3445.27 3688.43 3353.41 3688.43
P1642 0.5593923330307007 114.98 4012.49 140.84 4012.49 140.84 4042.21 114.98 4042.21
P1642 0.4609532654285431 4187.65 3958.00 4283.29 3958.00 4283.29 4041.03 4187.65 4041.03
P1642 0.17362195253372192 894.51 2531.34 954.58 2531.34 954.58 2595.52 894.51 2595.52
P1642 0.15503913164138794 2790.09 4390.72 2817.32 4390.72 2817.32 4414.70 2790.09 4414.70
P1642 0.1507643759250641 3217.31 3363.42 3291.30 3363.42 3291.30 3445.72 3217.31 3445.72
P1642 0.09283386915922165 4006.57 3130.63 4093.74 3130.63 4093.74 3223.51 4006.57 3223.51
P2463 0.9944345355033875 1216.54 548.25 1299.55 548.25 1299.55 620.65 1216.54 620.65
P2463 0.990423321723938 2018.96 1192.07 2084.02 1192.07 2084.02 1252.25 2018.96 1252.25
P2463 0.9544943571090698 1313.30 2051.28 1372.44 2051.28 1372.44 2105.83 1313.30 2105.83
P2463 0.9524341821670532 191.33 2146.64 240.37 2146.64 240.37 2196.43 191.33 2196.43
P2463 0.8597801327705383 388.22 1697.43 433.85 1697.43 433.85 1740.80 388.22 1740.80
P2463 0.14134836196899414 462.87 298.29 696.79 298.29 696.79 569.37 462.87 569.37
P1772 0.10754521936178207 1960.86 4946.90 2024.51 4946.90 2024.51 5016.04 1960.86 5016.04
P0181 0.45190560817718506 6283.34 1049.95 6360.12 1049.95 6360.12 1120.33 6283.34 1120.33
P1718 0.9665124416351318 3146.65 824.00 3187.27 824.00 3187.27 856.43 3146.65 856.43
P1718 0.20213617384433746 191.03 1606.52 256.21 1606.52 256.21 1677.17 191.03 1677.17
P2667 0.08492831885814667 3719.99 325.97 3984.27 325.97 3984.27 621.29 3719.99 621.29
P2161 0.1637774109840393 457.18 1030.77 696.98 1030.77 696.98 1251.57 457.18 1251.57
P1331 0.05003202334046364 2659.36 2081.78 2703.02 2081.78 2703.02 2127.35 2659.36 2127.35
P1937 0.5433102250099182 654.22 2558.06 706.37 2558.06 706.37 2609.51 654.22 2609.51
P1530 0.4513448178768158 72.16 3760.17 96.55 3760.17 96.55 3783.29 72.16 3783.29
P1630 0.20081615447998047 592.41 325.96 628.45 325.96 628.45 355.54 592.41 355.54
P1630 0.10677812993526459 4009.40 3892.93 4047.64 3892.93 4047.64 3931.72 4009.40 3931.72
P1383 0.9171967506408691 2352.49 3445.85 2407.80 3445.85 2407.80 3493.68 2352.49 3493.68
P1383 0.4068927466869354 1053.81 4022.73 1127.18 4022.73 1127.18 4099.76 1053.81 4099.76
P1383 0.18772082030773163 2209.09 1978.02 2248.89 1978.02 2248.89 2024.19 2209.09 2024.19
P1383 0.05884765088558197 1330.97 886.04 1395.93 886.04 1395.93 952.86 1330.97 952.86
P2767 0.1000080555677414 2955.55 1324.10 3019.10 1324.10 3019.10 1389.81 2955.55 1389.81
P0051 0.050176165997982025 1833.56 3892.31 2119.41 3892.31 2119.41 4129.48 1833.56 4129.48
P0166 0.9971488118171692 2510.42 1293.63 2594.85 1293.63 2594.85 1371.23 2510.42 1371.23
P0166 0.9943827390670776 3889.34 1084.57 3957.74 1084.57 3957.74 1157.10 3889.34 1157.10
P0166 0.9851539731025696 1809.06 1871.16 1858.95 1871.16 1858.95 1922.73 1809.06 1922.73
P0166 0.6719181537628174 2651.75 616.79 2804.47 616.79 2804.47 749.96 2651.75 749.96
P0166 0.480128675699234 301.65 841.86 520.17 841.86 520.17 1109.55 301.65 1109.55
P0166 0.31028157472610474 2583.61 425.60 2731.89 425.60 2731.89 586.35 2583.61 586.35
P0166 0.07890202105045319 2579.03 1307.35 2672.00 1307.35 2672.00 1383.72 2579.03 1383.72
P2521 0.9839178323745728 1036.34 1505.28 1080.96 1505.28 1080.96 1546.38 1036.34 1546.38
P2521 0.974919855594635 910.57 155.17 944.61 155.17 944.61 190.37 910.57 190.37
P0473 0.20330823957920074 39.32 744.88 123.08 744.88 123.08 828.42 39.32 828.42
P2487 0.9973694086074829 710.86 1170.69 755.27 1170.69 755.27 1215.08 710.86 1215.08
P2487 0.9968984127044678 900.00 1078.66 943.19 1078.66 943.19 1124.83 900.00 1124.83
P2487 0.9829938411712646 434.11 474.71 474.62 474.71 474.62 517.37 434.11 517.37
P2487 0.4911717176437378 1062.03 1722.37 1095.59 1722.37 1095.59 1757.67 1062.03 1757.67
P1042 0.08243700861930847 477.08 1294.80 500.24 1294.80 500.24 1320.30 477.08 1320.30
P1936 0.2648791968822479 79.89 808.68 107.53 808.68 107.53 838.91 79.89 838.91
P0026 0.0849928930401802 953.76 966.13 1024.00 966.13 1024.00 1066.13 953.76 1066.13
P1590 0.998102605342865 3318.73 3770.00 3359.72 3770.00 3359.72 3815.06 3318.73 3815.06
P1590 0.9979971051216125 1818.28 1162.51 1890.03 1162.51 1890.03 1235.52 1818.28 1235.52
P1590 0.9963678121566772 579.01 1999.92 615.03 1999.92 615.03 2037.11 579.01 2037.11
P1590 0.9959767460823059 1611.20 3119.40 1661.27 3119.40 1661.27 3175.93 1611.20 3175.93
P1590 0.9955834746360779 378.17 2000.36 419.57 2000.36 419.57 2042.66 378.17 2042.66
P1590 0.9918248057365417 654.60 3697.77 690.25 3697.77 690.25 3734.83 654.60 3734.83
P1590 0.9911982417106628 731.61 2684.30 764.42 2684.30 764.42 2715.94 731.61 2715.94
P1590 0.9885361194610596 1146.87 1925.29 1182.69 1925.29 1182.69 1963.44 1146.87 1963.44
P1590 0.9823794364929199 3473.62 3483.65 3503.95 3483.65 3503.95 3515.87 3473.62 3515.87
P1590 0.9707571864128113 2300.59 1727.57 2330.13 1727.57 2330.13 1757.06 2300.59 1757.06
P1590 0.9292678833007812 2731.65 3475.03 2762.89 3475.03 2762.89 3505.25 2731.65 3505.25
P1590 0.9059281349182129 2706.00 1975.40 2733.80 1975.40 2733.80 2003.36 2706.00 2003.36
P1590 0.8516785502433777 23.06 1023.78 47.27 1023.78 47.27 1048.19 23.06 1048.19
P1590 0.8489935994148254 441.58 1373.10 469.53 1373.10 469.53 1404.86 441.58 1404.86
P1590 0.8149506449699402 982.50 2275.23 1027.81 2275.23 1027.81 2324.77 982.50 2324.77
P1590 0.8130828142166138 1834.60 2058.67 1880.86 2058.67 1880.86 2104.21 1834.60 2104.21
P1590 0.7481485605239868 1918.35 3048.55 1942.15 3048.55 1942.15 3070.96 1918.35 3070.96
P1590 0.7414527535438538 2260.27 2069.91 2286.86 2069.91 2286.86 2096.70 2260.27 2096.70
P1590 0.7282512784004211 1710.66 2035.17 1723.27 2159.99 1633.39 2177.29 1620.67 2074.17
P1590 0.6780865788459778 1648.00 429.21 1677.14 429.21 1677.14 464.51 1648.00 464.51
P1590 0.5995191931724548 824.00 1297.47 849.77 1297.47 849.77 1322.21 824.00 1322.21
P1590 0.5965756177902222 680.88 2005.26 711.70 2005.26 711.70 2032.07 680.88 2032.07
P1590 0.5362710356712341 3210.81 2075.71 3243.12 2075.71 3243.12 2110.96 3210.81 2110.96
P1590 0.4566705524921417 1649.82 3161.32 1679.29 3161.32 1679.29 3182.44 1649.82 3182.44
P1590 0.4213102459907532 1064.25 217.70 1118.30 217.70 1118.30 257.95 1064.25 257.95
P1590 0.41157063841819763 1579.83 3161.65 1625.10 3161.65 1625.10 3200.57 1579.83 3200.57
P1590 0.38537776470184326 2195.12 1773.26 2235.67 1773.26 2235.67 1798.84 2195.12 1798.84
P1590 0.2515754699707031 1820.95 1160.02 1848.00 1160.02 1848.00 1232.14 1820.95 1232.14
P1590 0.25117406249046326 657.98 510.47 681.46 510.47 681.46 537.82 657.98 537.82
P1590 0.24718576669692993 1137.59 1090.78 1142.95 1127.27 1115.25 1134.35 1109.80 1104.44
P1590 0.24003800749778748 2607.34 745.38 2654.94 745.38 2654.94 790.15 2607.34 790.15
P1590 0.21457763016223907 3473.85 3481.39 3503.51 3481.39 3503.51 3496.00 3473.85 3496.00
P1590 0.12702032923698425 530.63 815.67 568.30 815.67 568.30 875.21 530.63 875.21
P1590 0.11813106387853622 1455.51 2808.74 1526.14 2808.74 1526.14 2882.13 1455.51 2882.13
P1590 0.11484193801879883 1785.62 824.00 1821.45 824.00 1821.45 835.48 1785.62 835.48
P1590 0.07879897207021713 1891.13 1648.00 2000.88 1648.00 2000.88 1755.25 1891.13 1755.25
P1590 0.07392773032188416 2684.30 1931.08 2730.54 1931.08 2730.54 1976.09 2684.30 1976.09
P1590 0.07318887859582901 2226.03 2883.23 2247.30 2883.23 2247.30 2908.87 2226.03 2908.87
P1590 0.056273993104696274 3921.51 3361.23 3926.15 3412.66 3886.56 3418.54 3881.89 3376.36
P1635 0.48343589901924133 1573.35 3103.43 1632.98 3103.43 1632.98 3168.97 1573.35 3168.97
P1635 0.40557044744491577 1648.00 191.28 1673.57 191.28 1673.57 219.38 1648.00 219.38
P1635 0.05488959327340126 406.29 1648.43 438.49 1648.43 438.49 1675.64 406.29 1675.64
P1767 0.9571948647499084 1946.31 3019.44 2062.14 3019.44 2062.14 3132.01 1946.31 3132.01
P1767 0.8562788963317871 1991.50 3127.27 2017.31 3127.27 2017.31 3159.46 1991.50 3159.46
P1767 0.606042742729187 2699.07 3624.14 2777.19 3624.14 2777.19 3693.26 2699.07 3693.26
P1767 0.3910607695579529 1987.62 2995.61 2007.87 2995.61 2007.87 3017.66 1987.62 3017.66
P1767 0.12846490740776062 2542.09 3117.29 2567.95 3117.29 2567.95 3146.51 2542.09 3146.51
P1767 0.09433316439390182 2080.44 3062.60 2104.29 3062.60 2104.29 3082.24 2080.44 3082.24
P1706 0.9948496222496033 1651.90 546.78 1691.96 546.78 1691.96 588.81 1651.90 588.81
P1706 0.9834993481636047 1547.41 292.22 1609.86 292.22 1609.86 358.17 1547.41 358.17
P1706 0.9801515936851501 197.74 3060.83 233.24 3060.83 233.24 3095.81 197.74 3095.81
P1271 0.9083871841430664 3424.56 1341.67 3448.20 1341.67 3448.20 1366.51 3424.56 1366.51
P1271 0.24658657610416412 2619.60 1769.31 2672.00 1769.31 2672.00 1824.73 2619.60 1824.73
P1271 0.14048978686332703 353.50 463.49 373.88 463.49 373.88 483.91 353.50 483.91
P0710 0.9147379398345947 321.02 236.23 401.65 236.23 401.65 315.29 321.02 315.29
P1229 0.24173328280448914 3308.46 3307.01 3336.72 3307.01 3336.72 3332.86 3308.46 3332.86
P1229 0.06555720418691635 3472.19 998.30 3479.12 1083.70 3412.63 1091.97 3405.75 1020.31
P1229 0.06314827501773834 2510.87 2747.34 2551.49 2747.34 2551.49 2787.03 2510.87 2787.03
P1229 0.06022151559591293 2950.72 2421.28 2969.85 2421.28 2969.85 2438.97 2950.72 2438.97
P2795 0.19034940004348755 2825.52 3510.55 2997.80 3510.55 2997.80 3630.95 2825.52 3630.95
P2694 0.1689314991235733 186.79 1345.25 210.49 1345.25 210.49 1370.49 186.79 1370.49
P1516 0.3540771007537842 759.96 3317.31 799.46 3317.31 799.46 3361.45 759.96 3361.45
P2544 0.9780964255332947 752.87 982.25 780.98 982.25 780.98 1012.15 752.87 1012.15
P2544 0.9579401612281799 987.44 1165.21 1017.32 1165.21 1017.32 1194.09 987.44 1194.09
P2544 0.12556776404380798 454.95 2224.79 479.19 2224.79 479.19 2239.00 454.95 2239.00
P2544 0.05284972861409187 1367.21 1557.80 1391.55 1557.80 1391.55 1580.89 1367.21 1580.89
P1477 0.09654641896486282 2335.22 1290.98 2386.03 1290.98 2386.03 1346.96 2335.22 1346.96
P1477 0.0642414316534996 2172.21 468.75 2242.05 468.75 2242.05 545.51 2172.21 545.51
P1106 0.38845065236091614 1279.00 172.35 1517.03 172.35 1517.03 400.07 1279.00 400.07
P1106 0.07740051299333572 1942.52 1140.56 2220.14 1140.56 2220.14 1408.57 1942.52 1408.57
P2136 0.15147681534290314 0.00 1157.83 85.29 1157.83 85.29 1269.24 0.00 1269.24
P2254 0.690453052520752 388.31 554.99 484.73 554.99 484.73 665.44 388.31 665.44
P2254 0.3679508566856384 414.17 711.04 521.82 711.04 521.82 826.12 414.17 826.12
P2537 0.9912588000297546 2489.08 230.46 2524.76 230.46 2524.76 268.01 2489.08 268.01
P2537 0.603952169418335 1621.87 507.20 1658.95 507.20 1658.95 542.04 1621.87 542.04
P2537 0.17117241024971008 1861.44 848.77 1890.29 848.77 1890.29 881.03 1861.44 881.03
P2537 0.11914072185754776 2226.29 908.76 2354.63 908.76 2354.63 1024.00 2226.29 1024.00
P2510 0.9906548857688904 86.89 412.07 132.00 412.07 132.00 458.42 86.89 458.42
P2510 0.15149347484111786 1108.27 1348.75 1140.22 1348.75 1140.22 1378.40 1108.27 1378.40
P0101 0.9567817449569702 102.76 78.53 575.12 78.53 575.12 543.87 102.76 543.87
P1593 0.9980151653289795 2922.64 2440.71 2966.94 2440.71 2966.94 2484.77 2922.64 2484.77
P1593 0.9547608494758606 408.20 1040.18 434.53 1040.18 434.53 1064.14 408.20 1064.14
P1593 0.9234434962272644 2499.23 2439.48 2569.12 2439.48 2569.12 2489.94 2499.23 2489.94
P1593 0.8892198204994202 2009.12 2344.46 2030.12 2344.46 2030.12 2365.67 2009.12 2365.67
P1593 0.867486298084259 1447.01 1940.97 1457.85 2016.59 1376.62 2026.20 1365.89 1964.27
P1593 0.8534184098243713 2521.45 2692.95 2540.99 2692.95 2540.99 2718.25 2521.45 2718.25
P1593 0.8468166589736938 616.47 1239.66 656.80 1239.66 656.80 1282.77 616.47 1282.77
P1593 0.8196246027946472 1868.11 2930.25 1899.14 2930.25 1899.14 2955.57 1868.11 2955.57
P1593 0.7542957067489624 1667.17 2442.77 1688.79 2442.77 1688.79 2463.81 1667.17 2463.81
P1593 0.3828081786632538 1151.74 3333.88 1175.58 3333.88 1175.58 3363.32 1151.74 3363.32
P1593 0.329558789730072 770.67 31.06 794.02 31.06 794.02 54.50 770.67 54.50
P1593 0.24850942194461823 1137.77 3238.82 1164.57 3238.82 1164.57 3271.15 1137.77 3271.15
P1593 0.1715725213289261 2449.41 3260.05 2491.70 3260.05 2491.70 3303.65 2449.41 3303.65
P1593 0.10376892983913422 892.52 167.50 919.31 167.50 919.31 193.60 892.52 193.60
P1593 0.09857095032930374 1560.50 398.35 1589.56 398.35 1589.56 426.06 1560.50 426.06
P1593 0.07757513225078583 968.76 49.93 1010.90 49.93 1010.90 76.53 968.76 76.53
P1593 0.07636833190917969 2923.12 2472.00 2963.37 2472.00 2963.37 2483.88 2923.12 2483.88
P1593 0.05379236862063408 1447.88 1993.79 1473.47 1993.79 1473.47 2035.23 1447.88 2035.23
P1690 0.9968677163124084 3530.12 3944.01 3585.95 3944.01 3585.95 4000.00 3530.12 4000.00
P1690 0.9838395714759827 3259.08 3486.63 3295.27 3486.63 3295.27 3523.95 3259.08 3523.95
P1690 0.9762060642242432 3378.03 3458.34 3413.79 3458.34 3413.79 3492.07 3378.03 3492.07
P1690 0.7705515027046204 545.91 993.06 575.56 993.06 575.56 1024.00 545.91 1024.00
P2441 0.9918056726455688 524.59 946.58 567.07 946.58 567.07 988.77 524.59 988.77
P2441 0.9828979969024658 349.62 808.63 387.22 808.63 387.22 848.92 349.62 848.92
P1603 0.9972195625305176 2572.90 593.60 2615.34 593.60 2615.34 637.92 2572.90 637.92
P1603 0.916524350643158 438.24 1648.24 475.49 1648.24 475.49 1681.26 438.24 1681.26
P1603 0.26450464129447937 660.04 1917.00 691.58 1917.00 691.58 1947.24 660.04 1947.24
P1603 0.16066871583461761 1531.83 856.90 1759.03 856.90 1759.03 1112.18 1531.83 1112.18
P1603 0.1354396641254425 3035.98 2306.22 3072.02 2306.22 3072.02 2342.75 3035.98 2342.75
P1603 0.08395573496818542 1369.16 912.33 1443.02 912.33 1443.02 978.31 1369.16 978.31
P1603 0.08091966807842255 880.35 1958.32 912.33 1958.32 912.33 1993.73 880.35 1993.73
P2406 0.9982183575630188 740.17 931.49 796.59 931.49 796.59 991.30 740.17 991.30
P2406 0.9971867203712463 541.05 1082.90 591.95 1082.90 591.95 1136.84 541.05 1136.84
P1326 0.07082448899745941 131.21 1584.53 184.85 1584.53 184.85 1638.64 131.21 1638.64
P2489 0.9688954949378967 1089.95 731.40 1128.34 731.40 1128.34 769.89 1089.95 769.89
P2489 0.07272079586982727 1084.36 1547.26 1112.14 1547.26 1112.14 1579.22 1084.36 1579.22
P1175 0.4597132205963135 2175.77 2958.92 2201.17 2958.92 2201.17 2986.78 2175.77 2986.78
P1175 0.31014037132263184 2140.16 3193.05 2169.54 3193.05 2169.54 3225.15 2140.16 3225.15
P1175 0.2133660614490509 2050.69 3561.93 2085.58 3561.93 2085.58 3597.17 2050.69 3597.17
P0145 0.603508472442627 217.65 775.59 298.74 775.59 298.74 858.05 217.65 858.05
P0084 0.9963011741638184 1609.53 824.00 2175.78 824.00 2175.78 1342.66 1609.53 1342.66
P0084 0.8843541145324707 332.48 1182.00 561.79 1182.00 561.79 1375.99 332.48 1375.99
P0084 0.229510098695755 1754.15 1182.00 2274.84 1182.00 2274.84 1799.27 1754.15 1799.27
P0084 0.07104682177305222 1547.98 647.57 2163.07 647.57 2163.07 1024.00 1547.98 1024.00
P0084 0.05702892690896988 1647.75 840.23 1848.00 840.23 1848.00 1296.78 1647.75 1296.78
P0084 0.05645133554935455 2162.12 866.46 2370.66 866.46 2370.66 1024.00 2162.12 1024.00
P1716 0.9940420985221863 3853.30 1529.25 3895.60 1529.25 3895.60 1572.59 3853.30 1572.59
P1716 0.9861776828765869 3122.14 451.98 3228.83 451.98 3228.83 557.56 3122.14 557.56
P1716 0.9735013842582703 3609.38 194.06 3704.18 194.06 3704.18 291.79 3609.38 291.79
P1716 0.9665883779525757 3458.34 1264.33 3516.82 1264.33 3516.82 1320.55 3458.34 1320.55
P1716 0.9536261558532715 3300.05 996.77 3362.05 996.77 3362.05 1056.52 3300.05 1056.52
P1716 0.632901668548584 1427.08 1503.74 1452.39 1503.74 1452.39 1528.00 1427.08 1528.00
P1716 0.6241979598999023 4167.41 2935.67 4210.22 2935.67 4210.22 2972.62 4167.41 2972.62
P1716 0.4828863739967346 3459.23 1268.65 3496.00 1268.65 3496.00 1309.77 3459.23 1309.77
P1716 0.4415682554244995 3254.14 1527.39 3279.66 1527.39 3279.66 1555.68 3254.14 1555.68
P1716 0.05590049549937248 3361.76 538.61 3390.42 538.61 3390.42 565.45 3361.76 565.45
P1681 0.9272335767745972 3868.38 2332.52 3909.95 2332.52 3909.95 2374.50 3868.38 2374.50
P1681 0.28349223732948303 2319.31 3193.42 2353.93 3193.42 2353.93 3228.42 2319.31 3228.42
P1681 0.18503941595554352 3835.59 2378.98 4013.09 2378.98 4013.09 2584.81 3835.59 2584.81
P1681 0.09966824948787689 2246.24 2022.18 2283.59 2022.18 2283.59 2061.32 2246.24 2061.32
P1681 0.09344760328531265 94.46 2140.81 120.47 2140.81 120.47 2169.49 94.46 2169.49
P1681 0.0646437555551529 3804.91 2499.33 3835.39 2499.33 3835.39 2536.00 3804.91 2536.00
P2785 0.9549321532249451 851.30 1949.81 1057.79 1949.81 1057.79 2150.58 851.30 2150.58
P1559 0.9955539107322693 2864.45 1992.55 2937.32 1992.55 2937.32 2060.38 2864.45 2060.38
P1559 0.9887031316757202 3595.39 1807.59 3639.68 1807.59 3639.68 1848.00 3595.39 1848.00
P1559 0.39631062746047974 460.33 1722.47 514.35 1722.47 514.35 1779.86 460.33 1779.86
P1559 0.17533574998378754 2058.99 1658.84 2078.62 1658.84 2078.62 1683.98 2058.99 1683.98
P1692 0.9954327344894409 971.09 1096.13 1024.64 1096.13 1024.64 1147.17 971.09 1147.17
P1692 0.9925547242164612 197.41 1328.73 248.55 1328.73 248.55 1380.57 197.41 1380.57
P1692 0.9305965900421143 385.76 388.90 414.95 388.90 414.95 421.64 385.76 421.64
P1692 0.7333496809005737 3852.32 1218.65 3885.01 1218.65 3885.01 1253.10 3852.32 1253.10
P1692 0.12011410295963287 1825.68 1607.29 1863.66 1607.29 1863.66 1641.97 1825.68 1641.97
P1692 0.10894088447093964 4078.81 1159.80 4108.58 1159.80 4108.58 1189.33 4078.81 1189.33
P1692 0.058341916650533676 2497.01 1573.40 2545.80 1573.40 2545.80 1621.06 2497.01 1621.06
P1857 0.628411591053009 29.52 3202.16 83.95 3202.16 83.95 3263.15 29.52 3263.15
P1723 0.5726748108863831 3193.14 1828.39 3217.39 1828.39 3217.39 1848.00 3193.14 1848.00
P1723 0.0924721509218216 3324.62 3214.04 3384.79 3214.04 3384.79 3276.21 3324.62 3276.21
P1723 0.06776124984025955 3519.78 3743.96 3550.91 3743.96 3550.91 3776.00 3519.78 3776.00
P2765 0.2646036744117737 1586.98 3630.82 1658.61 3630.82 1658.61 3700.38 1586.98 3700.38
P0125 0.07492844760417938 809.51 339.33 1024.00 339.33 1024.00 736.59 809.51 736.59
P1657 0.9925133585929871 3625.05 3853.29 3665.65 3853.29 3665.65 3893.47 3625.05 3893.47
P1657 0.9584825038909912 421.00 3289.28 460.10 3289.28 460.10 3329.93 421.00 3329.93
P1657 0.7935299277305603 3549.94 824.00 3584.28 824.00 3584.28 856.16 3549.94 856.16
P1657 0.6471827030181885 1326.59 4476.47 1360.94 4476.47 1360.94 4509.16 1326.59 4509.16
P1657 0.14839604496955872 124.88 576.60 151.05 576.60 151.05 602.31 124.88 602.31
P1657 0.11740578711032867 2344.99 3296.00 2374.59 3296.00 2374.59 3323.29 2344.99 3323.29
P1657 0.10106736421585083 3105.47 3121.27 3155.33 3121.27 3155.33 3180.05 3105.47 3180.05
P1657 0.05487557500600815 2238.36 946.18 2271.85 946.18 2271.85 974.52 2238.36 974.52
P2773 0.3052314817905426 3097.72 700.27 3141.07 700.27 3141.07 740.03 3097.72 740.03
P2773 0.20510172843933105 3133.71 923.36 3161.27 923.36 3161.27 949.20 3133.71 949.20
P1282 0.6099581122398376 380.45 2668.57 402.75 2668.57 402.75 2689.20 380.45 2689.20
P1282 0.2775367498397827 378.19 1848.96 458.83 1848.96 458.83 1923.89 378.19 1923.89
P1282 0.16434568166732788 990.31 1548.73 1016.14 1548.73 1016.14 1571.06 990.31 1571.06
P1282 0.06213830038905144 275.60 2391.91 316.18 2391.91 316.18 2429.89 275.60 2429.89
P2208 0.8424401879310608 4960.71 2741.44 5036.42 2741.44 5036.42 2813.58 4960.71 2813.58
P2535 0.9935886859893799 1650.57 1627.46 1698.45 1627.46 1698.45 1675.56 1650.57 1675.56
P2535 0.9929627776145935 1571.67 2058.68 1607.15 2058.68 1607.15 2094.86 1571.67 2094.86
P2535 0.1746651977300644 1687.38 1623.99 1712.87 1623.99 1712.87 1649.92 1687.38 1649.92
P2535 0.08290118724107742 0.00 1850.90 15.11 1850.90 15.11 1876.84 0.00 1876.84
P1625 0.9429329633712769 2867.63 2219.48 2903.83 2219.48 2903.83 2255.66 2867.63 2255.66
P1625 0.5741244554519653 913.94 1436.17 964.81 1436.17 964.81 1501.11 913.94 1501.11
P1625 0.3139580190181732 349.76 290.20 371.58 290.20 371.58 317.17 349.76 317.17
P1625 0.08736170083284378 3388.52 1850.82 3453.65 1850.82 3453.65 1914.98 3388.52 1914.98
P1722 0.23092807829380035 1667.81 483.25 1698.18 483.25 1698.18 509.07 1667.81 509.07
P0320 0.49608978629112244 1709.61 365.79 1799.35 365.79 1799.35 456.89 1709.61 456.89
P1180 0.3642720878124237 699.68 1753.40 720.52 1753.40 720.52 1776.76 699.68 1776.76
P1180 0.12905409932136536 2082.81 117.15 2133.88 117.15 2133.88 166.87 2082.81 166.87
P1553 0.06111887842416763 2223.53 3265.35 2488.16 3265.35 2488.16 3501.80 2223.53 3501.80
P1520 0.9150402545928955 3357.58 2266.18 3389.70 2266.18 3389.70 2299.00 3357.58 2299.00
P1520 0.720585286617279 3553.74 1621.07 3570.77 1621.07 3570.77 1639.55 3553.74 1639.55
P1520 0.6444879174232483 1720.66 1164.06 1740.19 1164.06 1740.19 1185.78 1720.66 1185.78
P1520 0.184486985206604 1858.34 1129.75 1885.17 1129.75 1885.17 1155.04 1858.34 1155.04
P1520 0.12057672441005707 2343.94 1326.60 2516.51 1326.60 2516.51 1519.93 2343.94 1519.93
P1520 0.08225893974304199 1199.68 3552.98 1265.16 3552.98 1265.16 3636.08 1199.68 3636.08
P1520 0.0755004957318306 3563.23 1850.07 3634.02 1850.07 3634.02 1935.52 3563.23 1935.52
P1520 0.07340437173843384 294.30 1035.01 321.34 1035.01 321.34 1059.88 294.30 1059.88
P1520 0.05416971445083618 1694.91 2104.45 1718.63 2104.45 1718.63 2128.72 1694.91 2128.72
P1348 0.2171241194009781 2632.64 1060.63 2664.41 1060.63 2664.41 1091.26 2632.64 1091.26
P2484 0.9975505471229553 799.50 998.98 842.72 998.98 842.72 1044.34 799.50 1044.34
P2484 0.997099757194519 1123.48 1171.67 1170.42 1171.67 1170.42 1220.50 1123.48 1220.50
P2484 0.26217037439346313 801.69 999.84 841.99 999.84 841.99 1024.00 801.69 1024.00
P1760 0.9929647445678711 2247.25 2467.32 2295.40 2467.32 2295.40 2517.44 2247.25 2517.44
P1760 0.9827092885971069 797.43 1452.27 829.66 1452.27 829.66 1486.24 797.43 1486.24
P1760 0.9826091527938843 2128.84 3354.94 2167.05 3354.94 2167.05 3396.31 2128.84 3396.31
P1760 0.9794672131538391 2360.57 2318.75 2424.41 2318.75 2424.41 2379.89 2360.57 2379.89
P1760 0.9762479662895203 948.92 1436.70 981.22 1436.70 981.22 1469.16 948.92 1469.16
P1760 0.9660128355026245 1574.81 1840.73 1623.25 1840.73 1623.25 1888.11 1574.81 1888.11
P1760 0.9580168128013611 1459.58 1937.46 1510.59 1937.46 1510.59 1993.04 1459.58 1993.04
P1760 0.8484067320823669 1999.83 3244.30 2027.10 3244.30 2027.10 3272.28 1999.83 3272.28
P1760 0.8203522562980652 497.42 3850.80 524.97 3850.80 524.97 3878.71 497.42 3878.71
P1760 0.8096374273300171 1295.75 3874.46 1321.81 3874.46 1321.81 3900.02 1295.75 3900.02
P1760 0.7430269718170166 987.87 3060.11 1016.92 3060.11 1016.92 3089.15 987.87 3089.15
P1760 0.7257880568504333 1014.21 3787.47 1037.82 3787.47 1037.82 3813.24 1014.21 3813.24
P2041 0.32606860995292664 1341.02 2096.88 1374.22 2096.88 1374.22 2130.20 1341.02 2130.20
P1536 0.05615992844104767 3591.90 3347.57 3630.18 3347.57 3630.18 3386.70 3591.90 3386.70
P1858 0.7818829417228699 102.48 418.50 178.08 418.50 178.08 494.54 102.48 494.54
P1858 0.429625928401947 1260.69 2383.17 1418.33 2383.17 1418.33 2538.27 1260.69 2538.27
P1858 0.2491445243358612 24.22 333.25 275.55 333.25 275.55 574.16 24.22 574.16
P1858 0.05921350046992302 1075.80 2264.00 1630.84 2264.00 1630.84 2726.07 1075.80 2726.07
P0105 0.8222423195838928 71.85 52.59 563.96 52.59 563.96 537.17 71.85 537.17
P2688 0.09154879301786423 1289.29 654.47 1313.84 654.47 1313.84 679.47 1289.29 679.47
P2212 0.07460301369428635 427.59 400.42 691.39 400.42 691.39 671.39 427.59 671.39
P1320 0.9093421697616577 3576.88 3517.62 3602.55 3517.62 3602.55 3542.47 3576.88 3542.47
P1320 0.5576655864715576 146.64 3868.84 178.35 3868.84 178.35 3899.90 146.64 3899.90
P1320 0.5455040335655212 3636.31 3658.03 3683.15 3658.03 3683.15 3702.62 3636.31 3702.62
P1083 0.08614475280046463 510.31 2108.40 613.04 2108.40 613.04 2216.27 510.31 2216.27
P0678 0.7609167098999023 607.55 1132.83 816.53 1132.83 816.53 1360.08 607.55 1360.08
P2749 0.23889440298080444 676.66 706.60 737.44 706.60 737.44 765.52 676.66 765.52
P2749 0.22570662200450897 377.35 925.35 444.57 925.35 444.57 985.66 377.35 985.66
P1663 0.9938068389892578 1482.48 4513.01 1532.19 4513.01 1532.19 4561.37 1482.48 4561.37
P1663 0.9882493019104004 3062.04 4327.62 3091.00 4327.62 3091.00 4358.80 3062.04 4358.80
P1663 0.9167670011520386 3244.79 4734.32 3281.65 4734.32 3281.65 4771.66 3244.79 4771.66
P1663 0.07230722904205322 3281.50 842.09 3306.55 842.09 3306.55 866.84 3281.50 866.84
P1663 0.06106113642454147 3337.76 903.68 3362.87 903.68 3362.87 927.74 3337.76 927.74
P1777 0.12603095173835754 499.92 1574.44 740.69 1574.44 740.69 1804.56 499.92 1804.56
P2345 0.4284372329711914 473.67 1293.08 641.96 1293.08 641.96 1473.95 473.67 1473.95
P2345 0.08820835500955582 655.00 1752.36 680.44 1752.36 680.44 1800.53 655.00 1800.53
P1572 0.39650675654411316 592.36 170.10 639.34 170.10 639.34 220.10 592.36 220.10
P1572 0.1300993263721466 1540.47 2031.92 1694.65 2031.92 1694.65 2179.26 1540.47 2179.26
P1572 0.1028522178530693 3697.72 1432.70 3841.46 1432.70 3841.46 1585.25 3697.72 1585.25
P1572 0.07803188264369965 1486.76 1811.20 1637.67 1811.20 1637.67 1963.65 1486.76 1963.65
P1572 0.062199369072914124 3140.30 3778.89 3173.41 3778.89 3173.41 3810.10 3140.30 3810.10
P1572 0.05236539989709854 206.95 913.53 247.65 913.53 247.65 954.81 206.95 954.81
P2763 0.4885924458503723 4571.31 84.15 4697.17 84.15 4697.17 224.85 4571.31 224.85
P2763 0.45279285311698914 2856.68 1657.17 3013.06 1657.17 3013.06 1811.18 2856.68 1811.18
P2763 0.4430103302001953 3020.62 1664.32 3170.04 1664.32 3170.04 1810.07 3020.62 1810.07
P2763 0.3189162015914917 3603.74 4222.10 3698.95 4222.10 3698.95 4312.73 3603.74 4312.73
P2763 0.16927124559879303 3542.98 4279.32 3590.86 4279.32 3590.86 4320.00 3542.98 4320.00
P2763 0.1597052812576294 4473.13 449.94 4539.38 449.94 4539.38 514.81 4473.13 514.81
P2763 0.12518742680549622 3073.99 814.92 3205.23 814.92 3205.23 939.67 3073.99 939.67
P2763 0.12312983721494675 5915.55 4003.58 6009.05 4003.58 6009.05 4106.49 5915.55 4106.49
P2763 0.09994854032993317 3385.07 2236.11 3560.32 2236.11 3560.32 2413.13 3385.07 2413.13
P2763 0.08092601597309113 5429.80 1509.93 5514.02 1509.93 5514.02 1599.95 5429.80 1599.95
P2763 0.0682026743888855 2873.28 1016.39 3017.28 1016.39 3017.28 1152.27 2873.28 1152.27
P2763 0.060223568230867386 4413.78 1887.54 4534.17 1887.54 4534.17 2008.82 4413.78 2008.82
P2763 0.05406637862324715 2881.23 600.70 3013.90 600.70 3013.90 724.14 2881.23 724.14
P1415 0.05613347515463829 73.74 3130.78 282.92 3130.78 282.92 3327.62 73.74 3327.62
P1546 0.2194635570049286 866.54 293.49 907.62 293.49 907.62 333.69 866.54 333.69
P2602 0.12139030545949936 919.11 1846.39 1064.84 1846.39 1064.84 2054.28 919.11 2054.28
P2602 0.07002914696931839 865.92 1805.15 1024.00 1805.15 1024.00 2095.00 865.92 2095.00
P2443 0.9882557392120361 39.29 1262.68 77.74 1262.68 77.74 1301.46 39.29 1301.46
P2443 0.24327170848846436 498.13 346.43 595.37 346.43 595.37 446.24 498.13 446.24
P2443 0.10705568641424179 599.02 456.71 665.27 456.71 665.27 516.52 599.02 516.52
P2559 0.12152264267206192 6.03 250.24 37.64 250.24 37.64 283.45 6.03 283.45
P2524 0.9805605411529541 365.84 506.56 395.32 506.56 395.32 540.27 365.84 540.27
P2524 0.870194137096405 869.53 558.25 901.05 558.25 901.05 588.25 869.53 588.25
P0807 0.08378636091947556 967.36 1781.18 1027.59 1781.18 1027.59 1827.27 967.36 1827.27
P2407 0.9977375268936157 1715.97 1367.28 1763.79 1367.28 1763.79 1412.90 1715.97 1412.90
P1532 0.07193451374769211 411.33 3946.90 435.51 3946.90 435.51 3970.80 411.33 3970.80
P1532 0.057235777378082275 2020.65 3845.71 2036.54 3845.71 2036.54 3862.76 2020.65 3862.76
P2515 0.9945656061172485 1715.95 1518.60 1754.04 1518.60 1754.04 1558.59 1715.95 1558.59
P2515 0.9939809441566467 1092.52 884.05 1127.17 884.05 1127.17 923.04 1092.52 923.04
P2515 0.9888288378715515 905.08 1078.35 941.23 1078.35 941.23 1115.38 905.08 1115.38
P2515 0.9885653853416443 1328.75 1010.07 1369.03 1010.07 1369.03 1051.81 1328.75 1051.81
P2515 0.9862974882125854 443.13 1294.82 472.77 1294.82 472.77 1326.53 443.13 1326.53
P2515 0.9725058674812317 1158.99 536.06 1181.82 536.06 1181.82 559.75 1158.99 559.75
P2515 0.7995107769966125 926.14 1788.71 950.79 1788.71 950.79 1816.66 926.14 1816.66
P2515 0.7440478205680847 1310.82 984.16 1338.50 984.16 1338.50 1011.27 1310.82 1011.27
P1183 0.13302886486053467 2782.85 3188.95 3070.35 3188.95 3070.35 3514.92 2782.85 3514.92
P1203 0.08569314330816269 214.88 172.12 235.89 172.12 235.89 195.25 214.88 195.25
P0157 0.13604937493801117 1082.29 937.85 1101.19 937.85 1101.19 957.67 1082.29 957.67
P1628 0.2188301384449005 3740.21 2919.10 3773.76 2919.10 3773.76 2953.74 3740.21 2953.74
P1628 0.07906197011470795 1708.89 1006.13 1732.89 1006.13 1732.89 1024.00 1708.89 1024.00
P1592 0.9983550906181335 2892.93 1791.91 2948.24 1791.91 2948.24 1848.00 2892.93 1848.00
P1592 0.9983343482017517 2046.37 912.60 2106.62 912.60 2106.62 978.85 2046.37 978.85
P1592 0.9951683282852173 1607.94 889.36 1662.33 889.36 1662.33 948.33 1607.94 948.33
P1592 0.9941311478614807 3758.21 425.67 3816.12 425.67 3816.12 486.40 3758.21 486.40
P1592 0.9834293127059937 2826.79 275.79 2856.45 275.79 2856.45 305.33 2826.79 305.33
P1592 0.9366028904914856 342.82 2242.57 435.23 2242.57 435.23 2331.71 342.82 2331.71
P1592 0.9274917244911194 1360.65 1956.63 1386.73 1956.63 1386.73 1983.65 1360.65 1983.65
P1592 0.13975383341312408 1117.26 824.00 1154.87 824.00 1154.87 835.98 1117.26 835.98
P1592 0.10632018744945526 437.54 2314.04 470.09 2314.04 470.09 2343.04 437.54 2343.04
P1592 0.09021005779504776 1604.46 877.85 1626.40 877.85 1626.40 900.27 1604.46 900.27
P1468 0.6374656558036804 3245.66 417.82 3359.89 417.82 3359.89 542.81 3245.66 542.81
P1468 0.5132124423980713 3294.14 4671.80 3496.00 4671.80 3496.00 4904.50 3294.14 4904.50
P1468 0.501599907875061 3246.89 1041.44 3356.76 1041.44 3356.76 1146.91 3246.89 1146.91
P1468 0.330331027507782 311.36 3487.03 368.81 3487.03 368.81 3543.39 311.36 3543.39
P1468 0.14448195695877075 3696.07 7321.24 3745.75 7321.24 3745.75 7371.63 3696.07 7371.63
P1468 0.1115686297416687 357.22 3676.68 414.54 3676.68 414.54 3732.74 357.22 3732.74
P1468 0.09054058790206909 3292.05 4120.00 3496.00 4120.00 3496.00 4341.86 3292.05 4341.86
P1468 0.0797850638628006 2317.61 498.38 2395.46 498.38 2395.46 582.02 2317.61 582.02
P1468 0.06011549010872841 208.26 296.69 252.27 296.69 252.27 337.40 208.26 337.40
P1468 0.059588637202978134 3260.51 542.22 3313.61 542.22 3313.61 600.16 3260.51 600.16
P2486 0.38295313715934753 1215.56 1517.91 1244.29 1517.91 1244.29 1552.24 1215.56 1552.24
P0028 0.39271095395088196 276.34 11.92 319.20 11.92 319.20 56.10 276.34 56.10
P1496 0.11786254495382309 39.87 1698.14 107.90 1698.14 107.90 1772.34 39.87 1772.34
P1262 0.06142807379364967 1652.56 1912.78 1673.80 1912.78 1673.80 1933.71 1652.56 1933.71
P1202 0.9685289859771729 1008.12 2212.00 1043.66 2212.00 1043.66 2245.81 1008.12 2245.81
P1202 0.7619629502296448 68.77 2357.07 97.55 2357.07 97.55 2386.61 68.77 2386.61
P1202 0.6672780513763428 1486.22 2353.49 1513.31 2353.49 1513.31 2380.34 1486.22 2380.34
P1202 0.4808062016963959 1097.94 2004.11 1131.52 2004.11 1131.52 2037.63 1097.94 2037.63
P1202 0.4313237965106964 346.91 2375.21 373.70 2375.21 373.70 2399.87 346.91 2399.87
P1202 0.1882685422897339 577.84 2411.06 609.63 2411.06 609.63 2441.76 577.84 2441.76
P1202 0.0700228288769722 988.95 2220.25 1005.44 2220.25 1005.44 2238.93 988.95 2238.93
P1202 0.05187992379069328 1010.04 2211.47 1024.00 2211.47 1024.00 2246.10 1010.04 2246.10
P0033 0.594254732131958 1378.99 0.00 1580.88 0.00 1580.88 148.72 1378.99 148.72
P2473 0.09702908247709274 824.00 729.53 1042.98 729.53 1042.98 1024.00 824.00 1024.00
P2643 0.9888504147529602 4706.01 5189.03 4773.50 5189.03 4773.50 5259.89 4706.01 5259.89
P2643 0.8695278167724609 7002.94 1899.78 7027.85 1899.78 7027.85 1924.21 7002.94 1924.21
P2643 0.35795193910598755 6211.25 785.37 6312.70 785.37 6312.70 876.17 6211.25 876.17
P2643 0.2235826998949051 5112.59 3845.33 5140.66 3845.33 5140.66 3873.30 5112.59 3873.30
P2643 0.08793409168720245 4465.87 3794.92 4585.25 3794.92 4585.25 3917.09 4465.87 3917.09
P2643 0.08522531390190125 4433.96 3580.76 4561.79 3580.76 4561.79 3713.23 4433.96 3713.23
P2643 0.0794508084654808 4795.51 3864.21 4908.88 3864.21 4908.88 3977.05 4795.51 3977.05
P2643 0.06115144491195679 4349.62 3706.41 4471.31 3706.41 4471.31 3816.78 4349.62 3816.78
P2643 0.05546869710087776 3782.28 2044.43 4066.00 2044.43 4066.00 2294.82 3782.28 2294.82
P2643 0.05427186191082001 3927.60 2883.52 4209.83 2883.52 4209.83 3154.59 3927.60 3154.59
P1855 0.07637102901935577 1969.10 461.36 2095.59 461.36 2095.59 572.84 1969.10 572.84
P1855 0.069597989320755 1864.34 397.81 2121.15 397.81 2121.15 619.76 1864.34 619.76
P1671 0.9977462887763977 2909.15 799.16 2959.08 799.16 2959.08 851.46 2909.15 851.46
P1671 0.9687014818191528 261.77 578.41 325.70 578.41 325.70 639.55 261.77 639.55
P1671 0.9536237120628357 1483.20 2880.23 1544.24 2880.23 1544.24 2951.40 1483.20 2951.40
P1671 0.8856760263442993 2908.88 824.00 2956.38 824.00 2956.38 852.70 2908.88 852.70
P1671 0.4992181360721588 2530.67 3941.91 2556.83 3941.91 2556.83 3967.06 2530.67 3967.06
P1671 0.17725646495819092 369.78 592.22 407.31 592.22 407.31 626.68 369.78 626.68
P1671 0.16424913704395294 3076.72 2620.10 3108.69 2620.10 3108.69 2648.96 3076.72 2648.96
P1461 0.6589228510856628 606.12 1901.51 672.46 1901.51 672.46 1970.58 606.12 1970.58
P1461 0.23041939735412598 5838.56 4944.00 5894.73 4944.00 5894.73 4995.28 5838.56 4995.28
P1461 0.2033604234457016 1395.41 2361.12 1462.14 2361.12 1462.14 2432.50 1395.41 2432.50
P1528 0.07094019651412964 2714.61 561.65 2747.29 561.65 2747.29 593.57 2714.61 593.57
P2679 0.7480243444442749 177.76 851.82 277.75 851.82 277.75 959.73 177.76 959.73
P2461 0.9964763522148132 1552.84 1151.58 1600.51 1151.58 1600.51 1199.66 1552.84 1199.66
P0102 0.9435919523239136 132.54 439.94 616.15 439.94 616.15 889.25 132.54 889.25
P2202 0.19448326528072357 1161.49 858.69 1232.73 858.69 1232.73 940.94 1161.49 940.94
P1472 0.9714310169219971 1119.56 1389.27 1604.76 1389.27 1604.76 1848.00 1119.56 1848.00
P1472 0.11893575638532639 1162.29 1648.00 1530.89 1648.00 1530.89 1822.98 1162.29 1822.98
P1472 0.09838881343603134 1754.60 3350.67 1877.30 3350.67 1877.30 3466.34 1754.60 3466.34
P2424 0.9942753911018372 1438.18 1428.97 1481.11 1428.97 1481.11 1472.18 1438.18 1472.18
P2424 0.98613041639328 527.38 776.16 573.60 776.16 573.60 818.96 527.38 818.96
P2424 0.12250294536352158 1020.80 1798.79 1133.88 1798.79 1133.88 1916.40 1020.80 1916.40
P2424 0.10325510799884796 1085.76 1943.75 1195.94 1943.75 1195.94 2049.60 1085.76 2049.60
P2424 0.0575055293738842 457.80 782.30 535.97 782.30 535.97 826.50 457.80 826.50
P2555 0.3022949695587158 408.55 3063.26 666.01 3063.26 666.01 3318.76 408.55 3318.76
P2555 0.06470172852277756 1946.33 3415.08 2008.57 3415.08 2008.57 3495.09 1946.33 3495.09
P2508 0.06051500141620636 469.19 355.84 498.81 355.84 498.81 388.41 469.19 388.41
P0165 0.9983554482460022 977.76 2610.99 1040.81 2610.99 1040.81 2670.85 977.76 2670.85
P0165 0.9977631568908691 975.87 2865.93 1025.67 2865.93 1025.67 2916.64 975.87 2916.64
P0165 0.9962543249130249 1623.73 2838.37 1721.46 2838.37 1721.46 2934.99 1623.73 2934.99
P0165 0.9948570728302002 205.01 2253.83 253.87 2253.83 253.87 2301.02 205.01 2301.02
P0165 0.9947742819786072 328.86 656.14 372.67 656.14 372.67 700.33 328.86 700.33
P0165 0.994717538356781 3356.44 2397.36 3418.61 2397.36 3418.61 2453.63 3356.44 2453.63
P0165 0.9930175542831421 562.99 2593.10 628.02 2593.10 628.02 2656.76 562.99 2656.76
P0165 0.9928890466690063 204.62 2359.54 247.97 2359.54 247.97 2404.34 204.62 2404.34
P0165 0.9923393726348877 185.05 2576.71 254.56 2576.71 254.56 2643.96 185.05 2643.96
P0165 0.9875385761260986 318.89 968.43 361.72 968.43 361.72 1014.45 318.89 1014.45
P0165 0.9862355589866638 959.85 3044.58 1009.03 3044.58 1009.03 3093.61 959.85 3093.61
P0165 0.9833011627197266 577.43 668.64 622.29 668.64 622.29 708.14 577.43 708.14
P0165 0.9790961742401123 1648.00 1382.79 1681.37 1382.79 1681.37 1424.31 1648.00 1424.31
P0165 0.9790050983428955 1641.83 3088.29 1722.17 3088.29 1722.17 3159.51 1641.83 3159.51
P0165 0.9752771258354187 193.12 1432.50 242.84 1432.50 242.84 1478.70 193.12 1478.70
P0165 0.9616588950157166 177.36 1932.10 220.70 1932.10 220.70 1972.46 177.36 1972.46
P0165 0.9527790546417236 2920.48 2485.19 2955.42 2485.19 2955.42 2520.93 2920.48 2520.93
P0165 0.932996392250061 1827.96 3166.43 1855.35 3166.43 1855.35 3194.21 1827.96 3194.21
P0165 0.9092519879341125 1233.34 2904.84 1268.79 2904.84 1268.79 2939.36 1233.34 2939.36
P0165 0.7368524074554443 1406.17 2747.66 1448.91 2747.66 1448.91 2788.33 1406.17 2788.33
P0165 0.7217851877212524 567.12 2775.85 609.52 2775.85 609.52 2817.21 567.12 2817.21
P0165 0.3863564729690552 1809.05 2778.74 1849.39 2778.74 1849.39 2817.78 1809.05 2817.78
P0165 0.28581133484840393 798.97 2725.14 831.09 2725.14 831.09 2756.33 798.97 2756.33
P1172 0.10292018949985504 2787.51 6395.07 2814.83 6395.07 2814.83 6419.07 2787.51 6419.07
P1335 0.9098609089851379 1718.80 2240.74 1758.31 2240.74 1758.31 2281.42 1718.80 2281.42
P1335 0.17876210808753967 2320.02 1376.45 2344.95 1376.45 2344.95 1400.76 2320.02 1400.76
P1335 0.12235523760318756 365.26 3491.18 384.37 3491.18 384.37 3509.59 365.26 3509.59
P0214 0.09444646537303925 55.28 1820.39 184.04 1820.39 184.04 1988.30 55.28 1988.30
P0372 0.6786819696426392 519.39 122.98 579.69 122.98 579.69 182.06 519.39 182.06
P0372 0.6622451543807983 287.81 771.38 356.02 771.38 356.02 839.22 287.81 839.22
P0372 0.09183771163225174 446.45 0.00 640.47 0.00 640.47 287.31 446.45 287.31
P1575 0.08147399127483368 3651.58 3632.33 3711.12 3632.33 3711.12 3685.71 3651.58 3685.71
P2023 0.18793292343616486 139.22 600.82 201.33 600.82 201.33 675.28 139.22 675.28
P1490 0.05798284336924553 2007.87 2506.07 2254.09 2506.07 2254.09 2796.89 2007.87 2796.89
P0017 0.0749993622303009 1808.02 2402.75 1931.45 2402.75 1931.45 2517.14 1808.02 2517.14
P2398 0.9688422083854675 313.76 591.72 341.74 591.72 341.74 621.53 313.76 621.53
P2723 0.2271292805671692 777.99 568.38 842.69 568.38 842.69 644.50 777.99 644.50
P2723 0.09549378603696823 3435.79 2504.28 3456.91 2504.28 3456.91 2526.08 3435.79 2526.08
P1782 0.39691048860549927 793.26 559.11 836.51 559.11 836.51 604.63 793.26 604.63
P2338 0.06243356317281723 3117.75 902.50 3338.96 902.50 3338.96 1024.00 3117.75 1024.00
P2350 0.5852688550949097 1371.82 963.35 1400.20 963.35 1400.20 992.62 1371.82 992.62
P2350 0.3599831461906433 1637.15 1726.71 1725.79 1726.71 1725.79 1812.25 1637.15 1812.25
P2350 0.13895148038864136 925.96 867.14 1133.23 867.14 1133.23 1082.53 925.96 1082.53
P2350 0.08681049197912216 1110.98 1127.11 1136.02 1127.11 1136.02 1151.85 1110.98 1151.85
P0669 0.20704613626003265 71.14 91.72 695.22 91.72 695.22 772.79 71.14 772.79
P0669 0.10496124625205994 26.34 441.00 775.03 441.00 775.03 789.38 26.34 789.38
P1407 0.3147948086261749 4855.91 1109.12 4931.92 1109.12 4931.92 1176.57 4855.91 1176.57
P1407 0.07166670262813568 5052.72 824.00 5134.56 824.00 5134.56 896.78 5052.72 896.78
P1442 0.07435628026723862 458.08 2229.78 831.55 2229.78 831.55 2672.00 458.08 2672.00
P2525 0.9775945544242859 2099.07 357.89 2134.00 357.89 2134.00 392.37 2099.07 392.37
P2525 0.8632434606552124 2518.74 1045.22 2548.95 1045.22 2548.95 1076.00 2518.74 1076.00
P2525 0.5066633224487305 2483.89 1035.29 2518.77 1035.29 2518.77 1072.25 2483.89 1072.25
P2525 0.2610686719417572 831.41 875.36 859.64 875.36 859.64 904.06 831.41 904.06
P2525 0.08467813581228256 2484.09 1338.80 2504.91 1338.80 2504.91 1360.17 2484.09 1360.17
P1667 0.9806475043296814 519.99 3899.43 561.63 3899.43 561.63 3941.76 519.99 3941.76
P1667 0.9146037101745605 3158.91 3189.19 3303.10 3189.19 3303.10 3329.70 3158.91 3329.70
P1667 0.899452805519104 3901.15 60.94 3921.24 60.94 3921.24 83.32 3901.15 83.32
P1667 0.07086927443742752 3265.36 3188.90 3288.79 3188.90 3288.79 3213.11 3265.36 3213.11
P0059 0.2844422161579132 3417.58 2017.15 3496.00 2017.15 3496.00 2119.18 3417.58 2119.18
P0059 0.08197129517793655 223.43 72.71 322.04 72.71 322.04 174.57 223.43 174.57
P0059 0.05314876511693001 3262.26 1756.26 3382.30 1756.26 3382.30 1880.91 3262.26 1880.91
P2051 0.9417457580566406 337.39 412.79 373.11 412.79 373.11 448.14 337.39 448.14
P1731 0.8872060775756836 611.50 2228.98 636.02 2228.98 636.02 2254.07 611.50 2254.07
P1731 0.19683140516281128 1525.15 898.79 1583.92 898.79 1583.92 963.09 1525.15 963.09
P1731 0.12913651764392853 720.60 487.01 754.70 487.01 754.70 526.31 720.60 526.31
P2526 0.18495871126651764 962.13 2152.09 994.37 2152.09 994.37 2185.43 962.13 2185.43
P2526 0.10415470600128174 1594.79 1678.36 1619.27 1678.36 1619.27 1703.07 1594.79 1703.07
P1774 0.40061086416244507 4305.48 3696.14 4459.87 3696.14 4459.87 3846.96 4305.48 3846.96
P1774 0.050274383276700974 1848.59 1996.74 2084.48 1996.74 2084.48 2281.74 1848.59 2281.74
P1853 0.8130019903182983 1353.61 532.96 1623.80 532.96 1623.80 846.88 1353.61 846.88
P1853 0.6285183429718018 85.23 1000.56 207.70 1000.56 207.70 1139.00 85.23 1139.00
P1853 0.08676061034202576 1445.54 430.17 1511.41 430.17 1511.41 490.72 1445.54 490.72
P1853 0.07354528456926346 1351.75 678.00 1595.47 678.00 1595.47 888.59 1351.75 888.59
P1853 0.05898724123835564 0.00 810.79 340.84 810.79 340.84 1372.20 0.00 1372.20
P1595 0.998149037361145 866.71 790.75 927.84 790.75 927.84 854.46 866.71 854.46
P1595 0.9955533146858215 129.57 991.31 206.97 991.31 206.97 1073.61 129.57 1073.61
P1595 0.9944493770599365 2091.85 1086.87 2124.55 1086.87 2124.55 1118.40 2091.85 1118.40
P1595 0.9923611283302307 3360.10 3371.57 3399.70 3371.57 3399.70 3408.65 3360.10 3408.65
P1595 0.9923248291015625 682.43 2350.94 747.20 2350.94 747.20 2421.41 682.43 2421.41
P1595 0.9884661436080933 1188.90 1081.12 1223.21 1081.12 1223.21 1116.19 1188.90 1116.19
P1595 0.9807064533233643 864.48 569.17 893.53 569.17 893.53 596.97 864.48 596.97
P1595 0.9806070327758789 2718.70 1337.20 2779.09 1337.20 2779.09 1402.53 2718.70 1402.53
P1595 0.9754875898361206 2664.91 1011.34 2701.69 1011.34 2701.69 1049.22 2664.91 1049.22
P1595 0.9739302396774292 1846.24 1129.29 1871.48 1129.29 1871.48 1153.54 1846.24 1153.54
P1595 0.9595440030097961 2218.08 940.28 2243.28 940.28 2243.28 968.65 2218.08 968.65
P1595 0.9579049348831177 2908.72 44.01 2941.41 44.01 2941.41 74.75 2908.72 74.75
P1595 0.9497767686843872 2024.11 440.19 2055.05 440.19 2055.05 471.47 2024.11 471.47
P1595 0.9460129141807556 3429.94 2396.99 3496.76 2396.99 3496.76 2481.83 3429.94 2481.83
P1595 0.9052559733390808 869.64 824.00 923.97 824.00 923.97 854.96 869.64 854.96
P1595 0.85667884349823 3790.42 701.43 3812.12 701.43 3812.12 723.30 3790.42 723.30
P1595 0.6318158507347107 1695.80 2976.00 1785.21 2976.00 1785.21 3068.01 1695.80 3068.01
P1595 0.5155169367790222 563.95 2572.96 589.07 2572.96 589.07 2599.08 563.95 2599.08
P1595 0.4558574855327606 3476.51 2530.54 3508.41 2530.54 3508.41 2565.76 3476.51 2565.76
P1595 0.4275592863559723 1274.70 2346.18 1301.41 2346.18 1301.41 2366.82 1274.70 2366.82
P1595 0.3435019254684448 336.50 1311.32 371.80 1311.32 371.80 1336.29 336.50 1336.29
P1595 0.20210827887058258 3269.00 2543.23 3292.39 2543.23 3292.39 2569.35 3269.00 2569.35
P1595 0.1443508416414261 1214.81 1383.07 1239.07 1383.07 1239.07 1406.80 1214.81 1406.80
P1595 0.13446296751499176 3819.52 4.47 3853.28 4.47 3853.28 28.87 3819.52 28.87
P1595 0.12070000916719437 2535.62 562.69 2562.55 562.69 2562.55 597.71 2535.62 597.71
P1595 0.10939409583806992 4176.55 3526.43 4212.25 3526.43 4212.25 3555.72 4176.55 3555.72
P1595 0.09538350254297256 135.53 993.29 198.86 993.29 198.86 1024.00 135.53 1024.00
P1595 0.09364773333072662 277.03 3180.96 312.57 3180.96 312.57 3219.90 277.03 3219.90
P1595 0.07906582951545715 672.29 2294.60 729.35 2294.60 729.35 2350.89 672.29 2350.89
P1595 0.07373318821191788 2575.58 1826.57 2598.48 1826.57 2598.48 1848.00 2575.58 1848.00
P1595 0.05652880296111107 1469.10 2411.55 1498.85 2411.55 1498.85 2439.97 1469.10 2439.97
P1595 0.05122724175453186 2501.89 3248.23 2527.76 3248.23 2527.76 3277.91 2501.89 3277.91
P1423 0.191419780254364 1424.85 2301.85 1589.45 2301.85 1589.45 2474.93 1424.85 2474.93
P1423 0.16376616060733795 509.60 708.34 604.64 708.34 604.64 800.49 509.60 800.49
P1423 0.12267924100160599 1494.16 2031.75 1720.23 2031.75 1720.23 2256.42 1494.16 2256.42
P1423 0.09171842783689499 403.39 792.17 507.33 792.17 507.33 892.21 403.39 892.21
P2402 0.2104666382074356 801.71 632.30 1024.00 632.30 1024.00 888.20 801.71 888.20
P2402 0.09534315764904022 692.74 980.43 911.57 980.43 911.57 1222.98 692.74 1222.98
P2193 0.16635143756866455 917.61 1723.34 1190.82 1723.34 1190.82 2083.97 917.61 2083.97
P2193 0.0745762437582016 1181.12 1337.62 1487.49 1337.62 1487.49 1713.80 1181.12 1713.80
P1578 0.08367983251810074 2472.00 3933.02 2528.17 3933.02 2528.17 3995.84 2472.00 3995.84
P1578 0.0644085630774498 3931.62 654.82 3999.85 654.82 3999.85 727.00 3931.62 727.00
P2799 0.07339035719633102 230.36 2092.43 505.05 2092.43 505.05 2353.09 230.36 2353.09
P0854 0.38052067160606384 729.64 1113.06 828.42 1113.06 828.42 1219.29 729.64 1219.29
P0031 0.5303468704223633 2406.01 3363.73 2556.83 3363.73 2556.83 3539.57 2406.01 3539.57
P0031 0.2823111116886139 2419.33 285.65 2635.95 285.65 2635.95 523.12 2419.33 523.12
P0031 0.17975689470767975 4528.37 1081.95 4774.15 1081.95 4774.15 1310.21 4528.37 1310.21
P0031 0.058504171669483185 4688.75 1098.05 4763.71 1098.05 4763.71 1172.11 4688.75 1172.11
P1112 0.44540488719940186 5897.34 924.84 6069.66 924.84 6069.66 1024.00 5897.34 1024.00
P1112 0.2624363601207733 8813.72 3544.87 9186.39 3544.87 9186.39 3917.86 8813.72 3917.86
P0965 0.14064297080039978 3772.39 648.61 3897.96 648.61 3897.96 749.87 3772.39 749.87
P0798 0.27094483375549316 296.37 894.04 389.10 894.04 389.10 993.71 296.37 993.71
P0798 0.08973690867424011 307.77 909.17 374.68 909.17 374.68 977.70 307.77 977.70
P1146 0.15160126984119415 2735.47 966.17 2791.03 966.17 2791.03 1022.70 2735.47 1022.70
P1436 0.6066747903823853 2528.91 1779.53 2598.09 1779.53 2598.09 1848.00 2528.91 1848.00
P1436 0.15400350093841553 2310.77 2944.98 2343.97 2944.98 2343.97 2974.97 2310.77 2974.97
P1436 0.09306524693965912 2359.44 3388.54 2405.22 3388.54 2405.22 3429.75 2359.44 3429.75
P1436 0.05296044424176216 1574.32 4583.55 1613.83 4583.55 1613.83 4620.65 1574.32 4620.65
P2434 0.2129848748445511 476.54 124.71 509.17 124.71 509.17 152.66 476.54 152.66
P2434 0.06900486350059509 1131.98 1352.93 1248.34 1352.93 1248.34 1446.88 1131.98 1446.88
P1728 0.1310693323612213 2492.14 2133.56 2568.60 2133.56 2568.60 2242.75 2492.14 2242.75
P1728 0.07916856557130814 667.04 1839.78 735.92 1839.78 735.92 1936.68 667.04 1936.68
P1728 0.05222095921635628 659.67 1996.04 725.95 1996.04 725.95 2086.85 659.67 2086.85
P1372 0.636519730091095 3823.64 2249.62 3874.96 2249.62 3874.96 2296.08 3823.64 2296.08
P1157 0.6494290828704834 4810.22 3255.09 4842.67 3255.09 4842.67 3286.38 4810.22 3286.38
P1548 0.9596266746520996 2254.35 772.63 2283.44 772.63 2283.44 802.23 2254.35 802.23
P1548 0.3185027539730072 1967.40 1782.08 2008.58 1782.08 2008.58 1820.04 1967.40 1820.04
P1548 0.30656400322914124 1961.84 3443.23 1987.46 3443.23 1987.46 3468.76 1961.84 3468.76
P1548 0.2816911041736603 1818.74 1839.52 1856.28 1839.52 1856.28 1877.07 1818.74 1877.07
P1548 0.16682089865207672 3197.87 2561.24 3241.64 2561.24 3241.64 2600.12 3197.87 2600.12
P1548 0.07455845177173615 2313.89 1118.80 2339.86 1118.80 2339.86 1145.75 2313.89 1145.75
P1548 0.06083201244473457 1985.36 588.53 2010.43 588.53 2010.43 612.65 1985.36 612.65
P1548 0.05993623659014702 2290.11 542.65 2316.31 542.65 2316.31 576.08 2290.11 576.08
P1548 0.052965473383665085 3293.10 3338.13 3361.41 3338.13 3361.41 3409.17 3293.10 3409.17
P1637 0.74079829454422 2849.10 119.65 2906.36 119.65 2906.36 174.48 2849.10 174.48
P1637 0.6080918312072754 2247.50 3457.84 2281.18 3457.84 2281.18 3488.85 2247.50 3488.85
P1637 0.47782883048057556 3767.87 868.76 3793.41 868.76 3793.41 897.39 3767.87 897.39
P1637 0.05898112803697586 1744.37 3275.73 1848.00 3275.73 1848.00 3397.59 1744.37 3397.59
P2511 0.3271913528442383 976.30 441.61 1011.29 441.61 1011.29 474.10 976.30 474.10
P2511 0.2938407361507416 831.67 261.54 855.14 261.54 855.14 286.30 831.67 286.30
P2511 0.09284643083810806 858.84 545.07 877.11 545.07 877.11 563.67 858.84 563.67
P1002 0.49115023016929626 4616.14 96.31 4806.32 96.31 4806.32 319.49 4616.14 319.49
P2445 0.9936718940734863 801.84 839.92 837.19 839.92 837.19 877.71 801.84 877.71
P2445 0.9082385301589966 813.00 841.19 831.22 841.19 831.22 875.47 813.00 875.47
P2445 0.22080926597118378 627.01 1094.63 671.10 1094.63 671.10 1139.71 627.01 1139.71
P2445 0.08475332707166672 629.69 1152.97 651.01 1152.97 651.01 1181.20 629.69 1181.20
P0177 0.913409948348999 1361.88 5074.26 1424.15 5074.26 1424.15 5146.75 1361.88 5146.75
P0954 0.9356282353401184 2807.04 107.85 2889.68 107.85 2889.68 195.03 2807.04 195.03
P1270 0.2560797333717346 2202.80 1935.78 2224.17 1935.78 2224.17 1957.46 2202.80 1957.46
P2493 0.9984525442123413 697.41 1764.36 744.84 1764.36 744.84 1812.91 697.41 1812.91
P2493 0.9961159229278564 1077.14 1580.29 1119.79 1580.29 1119.79 1625.87 1077.14 1625.87
