P1523 0.4008609652519226 2633.83 91.35 2669.21 214.62 2506.07 249.09 2472.00 127.86
P1523 0.05735396221280098 3369.71 2609.70 3379.07 2641.52 3352.98 2652.61 3343.86 2621.88
P1621 0.5757076144218445 448.44 0.00 673.87 31.16 627.51 123.59 401.33 91.18
P2391 0.9943360686302185 2051.26 1351.50 2159.51 1351.50 2159.51 1532.15 2051.26 1532.15
P0046 0.9780122637748718 664.47 177.28 884.29 656.22 651.64 917.50 433.39 443.82
P0046 0.34130677580833435 888.63 824.00 1234.57 1103.55 914.98 1293.17 572.00 1018.09
P0046 0.20636966824531555 791.88 824.00 1024.00 1138.13 801.74 1323.10 569.19 1014.29
P0046 0.11779138445854187 471.40 1051.73 736.32 1216.40 338.31 1448.29 78.03 1287.90
P0046 0.09255339950323105 1333.72 1837.82 1580.55 2127.37 1308.79 2380.56 1064.66 2095.68
P1362 0.994768500328064 3130.84 3886.49 3199.02 3895.68 3167.88 4000.00 3099.28 3990.59
P1362 0.9905328750610352 1024.00 825.19 1085.29 825.19 1085.29 971.99 1024.00 971.99
P1362 0.9643994569778442 1734.55 2849.22 1787.72 2849.22 1787.72 2967.37 1734.55 2967.37
P1362 0.7325972318649292 839.72 2539.74 934.03 2657.83 868.80 2717.42 774.49 2598.78
P2562 0.9931647181510925 359.14 883.98 801.13 1516.20 538.80 1724.00 100.19 1095.81
P2562 0.8376431465148926 584.04 907.48 756.03 1430.23 591.56 1724.00 423.00 1203.46
P1677 0.9991505146026611 1434.20 3687.92 1458.73 3793.10 1260.27 3824.85 1236.63 3721.36
P1677 0.9965705871582031 3702.35 3145.23 3922.60 3145.23 3922.60 3255.62 3702.35 3255.62
P1677 0.8327502608299255 1076.47 1153.22 1133.79 1153.22 1133.79 1279.31 1076.47 1279.31
P1677 0.7868035435676575 1243.69 3836.90 1442.13 3867.52 1413.37 4000.00 1214.54 3967.86
P1677 0.7820809483528137 2549.43 1729.24 2630.24 1729.24 2630.24 1960.14 2549.43 1960.14
P1677 0.5324618816375732 1102.00 2170.68 1202.11 2170.68 1202.11 2344.71 1102.00 2344.71
P1677 0.35316261649131775 1472.36 1736.62 1577.79 1736.62 1577.79 1842.87 1472.36 1842.87
P1677 0.33846282958984375 2552.19 3375.90 2664.35 3375.90 2664.35 3513.38 2552.19 3513.38
P1677 0.20880649983882904 3155.44 1421.39 3241.12 1421.39 3241.12 1591.78 3155.44 1591.78
P1677 0.2083590030670166 824.46 1181.14 922.59 1181.14 922.59 1241.54 824.46 1241.54
P1677 0.1391817182302475 72.61 1638.23 175.33 1638.23 175.33 1787.18 72.61 1787.18
P1677 0.08585046976804733 1338.73 350.89 1388.73 501.68 1330.77 530.43 1280.70 379.43
P1677 0.058471158146858215 2547.23 1744.32 2635.50 1744.32 2635.50 1848.00 2547.23 1848.00
P2774 0.976662278175354 2683.34 1582.29 2702.42 1596.01 2677.06 1631.86 2657.93 1617.89
P2774 0.08163884282112122 3139.77 1919.93 3172.56 1933.40 3162.08 1953.42 3129.35 1939.53
P1197 0.15884724259376526 621.57 251.83 950.27 393.58 707.67 892.13 380.85 748.07
P2400 0.40203210711479187 1166.75 1679.80 1195.38 1782.22 1130.44 1800.87 1102.30 1699.51
P2586 0.9181677103042603 928.99 110.56 1367.36 110.56 1367.36 1017.44 928.99 1017.44
P2586 0.2330462485551834 42.97 1806.56 464.45 1806.56 464.45 2365.98 42.97 2365.98
P2586 0.15515555441379547 1190.19 1590.00 1444.04 1936.77 1074.29 2276.29 824.00 1929.97
P2586 0.10787303000688553 349.87 112.71 967.92 112.71 967.92 573.55 349.87 573.55
P2586 0.10441262274980545 653.03 545.83 919.26 545.83 919.26 866.54 653.03 866.54
P2586 0.0893302857875824 1927.69 698.47 2293.79 820.11 1995.79 1024.00 1633.13 906.72
P2586 0.08351798355579376 1874.69 824.00 2245.08 997.32 2008.20 1281.83 1644.06 1108.57
P2586 0.08230096101760864 866.17 892.49 1414.15 892.49 1414.15 1493.85 866.17 1493.85
P2603 0.11078376322984695 384.98 2409.97 442.27 2489.14 389.42 2530.16 332.54 2450.65
P1729 0.9959326386451721 197.18 2113.59 219.38 2221.62 63.30 2249.33 41.83 2142.98
P1729 0.9879640340805054 2190.88 2312.01 2229.32 2495.84 2155.81 2518.58 2118.15 2335.59
P1729 0.9855445027351379 3968.49 1817.06 3999.15 2017.73 3917.32 2033.88 3887.33 1834.19
P1729 0.3145192563533783 230.06 2976.00 264.05 3087.66 206.33 3110.84 172.93 2999.34
P1729 0.18020619451999664 147.34 1573.10 160.86 1629.73 116.68 1644.51 103.57 1588.51
P0500 0.44589367508888245 563.79 346.26 981.28 672.65 598.27 949.10 180.97 619.25
P0500 0.06688226759433746 756.10 250.71 975.23 712.79 678.20 986.33 463.00 529.27
P2806 0.17867182195186615 333.59 683.00 540.58 695.59 507.59 1065.05 300.63 1052.41
P2806 0.0963859036564827 497.62 1136.49 812.65 1168.91 747.88 1345.93 433.98 1313.86
P2273 0.739757776260376 909.58 125.12 927.41 138.16 903.66 177.14 885.86 163.96
P2273 0.4318515956401825 708.61 754.22 727.22 759.02 719.88 795.24 701.22 790.30
P2649 0.5940608382225037 0.00 304.18 887.76 304.18 887.76 1024.00 0.00 1024.00
P2649 0.3921048045158386 16.55 487.00 874.90 487.00 874.90 1511.00 16.55 1511.00
P2649 0.0953584611415863 907.12 944.23 1169.51 944.23 1169.51 1229.06 907.12 1229.06
P1687 0.9959388971328735 3582.76 210.57 3682.36 240.69 3617.35 498.40 3517.34 467.32
P1687 0.6367210745811462 4101.37 2368.97 4149.74 2409.57 4083.70 2465.78 4035.59 2423.96
P1687 0.12299942225217819 1811.42 2921.38 1846.63 2965.05 1813.96 2987.02 1778.43 2942.78
P1687 0.11053188890218735 1508.41 2999.11 1535.03 3042.41 1506.80 3062.29 1480.33 3019.07
P1687 0.07237764447927475 1077.02 3815.39 1116.49 3840.67 1096.31 3883.34 1056.43 3857.57
P1687 0.06650602072477341 1886.59 3122.58 1922.57 3122.58 1922.57 3180.60 1886.59 3180.60
P1734 0.9962671399116516 1612.98 1535.03 1639.50 1618.01 1500.48 1669.09 1474.63 1586.36
P1734 0.9901652932167053 1048.34 4497.14 1104.35 4516.55 1066.99 4653.26 1010.79 4633.30
P1734 0.9829168915748596 3152.93 3744.47 3184.87 3901.42 3120.86 3921.82 3089.48 3765.90
P1734 0.9820002913475037 480.33 2672.52 507.87 2864.27 443.21 2882.30 416.23 2692.07
P1734 0.8750506043434143 2087.24 3201.16 2121.90 3284.57 1991.55 3314.55 1957.50 3233.11
P1734 0.6468545794487 106.70 4413.18 197.54 4525.76 126.80 4571.50 35.82 4459.16
P1734 0.39083194732666016 82.49 1297.96 107.02 1470.36 23.58 1505.25 0.00 1335.94
P1734 0.23620161414146423 3873.78 4152.12 3940.24 4170.94 3919.33 4240.71 3852.51 4221.33
P1734 0.16509369015693665 1639.25 2488.37 1668.54 2574.39 1573.90 2593.57 1544.66 2508.65
P1734 0.11605360358953476 1069.12 864.13 1182.56 893.87 1160.27 989.87 1047.01 959.44
P1734 0.08453284204006195 3980.13 4018.96 4000.00 4060.49 3979.38 4099.57 3959.29 4058.26
P2410 0.9781364798545837 276.87 347.95 448.69 347.95 448.69 657.69 276.87 657.69
P2410 0.3465586006641388 953.06 278.68 976.76 289.95 966.40 329.17 942.87 318.07
P2410 0.09045428782701492 502.66 608.22 532.23 608.22 532.23 666.09 502.66 666.09
P2410 0.07224749028682709 465.54 610.22 502.37 610.22 502.37 659.48 465.54 659.48
P0137 0.1673039048910141 2770.49 3362.74 3041.86 3362.74 3041.86 3622.39 2770.49 3622.39
P0137 0.09802498668432236 3258.22 3465.22 3476.46 3465.22 3476.46 3794.54 3258.22 3794.54
P0137 0.0934242233633995 635.81 828.38 899.49 828.38 899.49 1125.68 635.81 1125.68
P0137 0.08577962964773178 5093.73 1557.07 5144.00 1585.08 5118.25 1711.79 5067.35 1683.51
P0137 0.05750180408358574 2954.76 3587.69 3290.14 3918.96 3061.33 4308.00 2729.37 3988.39
P0137 0.05362744256854057 3048.59 3465.78 3304.97 3465.78 3304.97 3690.03 3048.59 3690.03
P1236 0.9887918829917908 3880.98 1103.06 3928.43 1214.77 3866.96 1235.61 3820.02 1124.23
P1236 0.28030404448509216 1160.57 862.78 1190.05 947.53 1155.20 977.22 1125.74 892.42
P1378 0.47976529598236084 5073.00 4071.48 5296.60 4230.44 5180.57 4333.35 4957.54 4172.74
P1378 0.12277103960514069 2052.46 2903.74 2073.25 2919.41 2037.70 2958.37 2016.76 2942.01
P1378 0.12038524448871613 1501.36 2146.53 1605.48 2268.42 1446.02 2384.46 1345.29 2263.97
P1378 0.1053137332201004 4914.10 3818.94 5062.09 3952.13 4986.31 4040.35 4839.02 3907.28
P1378 0.08118073642253876 2669.00 3296.00 2736.88 3417.37 2557.25 3518.59 2491.55 3400.17
P1378 0.05916285142302513 775.60 1672.15 950.19 1841.85 848.85 1945.79 672.42 1776.46
P2451 0.9946272969245911 1711.08 1301.56 1823.62 1301.56 1823.62 1491.82 1711.08 1491.82
P2360 0.09085240960121155 2437.01 136.60 2491.47 217.98 2430.01 251.54 2375.42 170.42
P0043 0.09572840481996536 1885.74 1903.34 2090.98 2131.71 1852.12 2512.19 1648.00 2285.73
P2336 0.9952932000160217 290.30 2753.53 372.64 2764.75 357.70 2913.53 275.11 2901.72
P2336 0.9349325895309448 2623.60 2844.07 2699.96 2968.81 2626.50 2998.24 2550.27 2873.25
P2336 0.11384432017803192 629.20 958.58 664.20 958.58 664.20 1027.49 629.20 1027.49
P1648 0.9919608235359192 1609.29 1405.51 1672.87 1523.31 1465.70 1584.36 1403.42 1466.94
P1648 0.11351153254508972 3008.23 2576.10 3033.28 2597.58 3013.65 2628.67 2988.50 2607.29
P1648 0.06315784156322479 525.32 2230.62 592.64 2413.50 468.54 2452.50 402.06 2271.09
P1684 0.9883818030357361 3489.34 1587.76 3740.04 1587.76 3740.04 1725.63 3489.34 1725.63
P1684 0.9822644591331482 3525.03 126.57 3652.14 126.57 3652.14 367.83 3525.03 367.83
P1684 0.6894826292991638 3407.36 824.00 3486.87 877.40 3394.11 981.16 3314.24 925.77
P1684 0.6679983139038086 2458.27 1278.33 2584.66 1335.84 2536.34 1388.19 2410.39 1328.54
P1684 0.5209847688674927 3798.10 1425.72 3936.52 1425.72 3936.52 1631.70 3798.10 1631.70
P1684 0.41890838742256165 2498.75 1283.79 2578.52 1335.31 2551.65 1389.01 2472.00 1335.38
P1684 0.08026471734046936 3024.04 254.25 3030.43 288.91 3015.30 296.20 3009.10 261.94
P1712 0.7494388818740845 350.64 3326.71 360.47 3388.30 325.58 3395.97 315.96 3335.03
P1712 0.06338942050933838 1911.70 2159.50 2017.12 2263.14 1927.60 2347.48 1822.17 2243.47
P2276 0.12224357575178146 608.32 380.65 629.14 408.73 598.33 433.02 577.66 404.82
P1568 0.18227703869342804 1265.57 1278.95 1284.94 1352.28 1244.19 1368.44 1225.03 1294.93
P2546 0.07645252346992493 330.34 0.00 603.91 266.23 283.53 523.65 13.52 257.34
P2575 0.2196790874004364 510.12 778.05 933.21 778.05 933.21 1280.38 510.12 1280.38
P1402 0.8588712811470032 1945.73 834.41 2022.46 834.41 2022.46 999.28 1945.73 999.28
P1402 0.1617966592311859 565.26 3698.85 643.86 3771.23 599.64 3816.54 521.33 3743.56
P2292 0.2797528803348541 1151.51 499.79 1169.07 524.81 1154.28 536.18 1136.60 511.25
P2760 0.9887111186981201 1850.22 2774.34 1959.38 2886.12 1907.61 2934.32 1799.23 2820.98
P2760 0.9646419286727905 2034.95 3158.67 2136.92 3279.36 2085.03 3319.39 1982.48 3197.68
P2760 0.066212959587574 1142.33 480.48 1171.98 700.02 973.95 731.12 946.34 517.48
P2782 0.8569794297218323 2601.79 824.00 3193.97 824.00 3193.97 1646.91 2601.79 1646.91
P2782 0.2723534405231476 2586.32 842.35 3165.75 842.35 3165.75 1024.00 2586.32 1024.00
P2782 0.06488664448261261 3059.53 1420.53 3228.42 1694.05 2809.65 1830.29 2646.18 1571.68
P2782 0.060379259288311005 3026.96 824.00 3125.15 888.12 2708.58 930.20 2611.85 867.27
P2386 0.3019670844078064 2247.61 1953.33 2281.66 1986.82 2259.14 2012.89 2225.35 1979.89
P2386 0.12382586300373077 2084.62 1739.17 2147.19 1772.24 2116.93 1817.17 2054.49 1784.28
P1611 0.9845367074012756 3398.20 401.55 3444.78 484.86 3290.25 569.64 3244.09 485.59
P1611 0.9743968844413757 2918.86 1321.21 2963.58 1416.97 2795.08 1490.75 2751.00 1394.73
P1611 0.32007941603660583 497.81 1843.69 585.73 2054.39 464.39 2104.91 377.03 1895.33
P1611 0.10084933042526245 1758.91 3229.09 1781.28 3277.84 1748.35 3292.56 1725.88 3243.90
P1263 0.0698142945766449 2564.68 3466.94 2645.74 3501.27 2616.45 3554.10 2535.47 3519.39
P0132 0.8061465620994568 2594.86 824.00 3129.09 824.00 3129.09 1785.42 2594.86 1785.42
P0132 0.35873982310295105 2629.96 332.73 3123.56 332.73 3123.56 1024.00 2629.96 1024.00
P0132 0.24397912621498108 1863.09 824.00 2543.54 824.00 2543.54 1637.36 1863.09 1637.36
P0132 0.2196761816740036 972.96 279.27 1800.15 279.27 1800.15 654.96 972.96 654.96
P0132 0.10436630994081497 1818.32 1169.00 2587.75 1169.00 2587.75 1585.08 1818.32 1585.08
P1379 0.9933195114135742 1345.40 3277.85 1725.17 3544.45 1389.05 4064.07 1009.04 3793.20
P1379 0.8899196982383728 1283.65 3249.82 1412.16 3349.47 1183.98 3496.00 1055.62 3395.76
P1379 0.22116629779338837 2762.14 2692.33 3053.73 3066.46 2772.89 3216.26 2483.58 2849.09
P1379 0.1843285858631134 3523.67 2715.02 3761.00 3044.47 3531.45 3334.16 3296.00 3008.67
P1379 0.17749625444412231 2229.24 1971.32 2605.26 2348.87 2262.34 2617.57 1891.20 2243.00
P1379 0.14213596284389496 448.08 948.52 714.57 1180.36 340.83 1481.98 73.69 1253.25
P1379 0.12860418856143951 1394.60 3910.86 1492.19 4019.07 1366.20 4156.58 1268.71 4049.08
P1379 0.09461188316345215 3518.05 3389.67 3596.15 3469.38 3495.08 3593.67 3416.28 3515.63
P1379 0.08059130609035492 119.01 3158.00 672.66 3158.00 672.66 3542.31 119.01 3542.31
P1379 0.054601848125457764 2812.59 3948.77 2877.22 4002.53 2797.89 4088.20 2732.38 4034.94
P2340 0.24608370661735535 477.82 1316.50 501.59 1316.50 501.59 1350.87 477.82 1350.87
P2652 0.8443992137908936 590.00 824.00 1257.08 824.00 1257.08 1616.27 590.00 1616.27
P2652 0.5064199566841125 590.00 466.22 1207.48 466.22 1207.48 1024.00 590.00 1024.00
P2652 0.3568806052207947 130.06 280.32 421.12 280.32 421.12 564.75 130.06 564.75
P2652 0.16137436032295227 590.00 1585.94 1301.84 1585.94 1301.84 1848.00 590.00 1848.00
P1549 0.7555293440818787 612.27 3230.75 936.49 3230.75 936.49 3341.92 612.27 3341.92
P1549 0.06199916824698448 1707.72 3681.17 1723.18 3791.94 1662.84 3809.35 1648.00 3699.68
P1448 0.8256031274795532 4982.07 3296.00 5843.45 3296.00 5843.45 4320.00 4982.07 4320.00
P1448 0.8195039629936218 6218.00 1147.03 6930.52 1147.03 6930.52 1848.00 6218.00 1848.00
P1448 0.3877239525318146 4027.77 1227.89 4164.29 1315.24 4048.71 1502.79 3911.93 1413.76
P1448 0.27003392577171326 6218.00 1937.05 6999.96 1937.05 6999.96 2337.75 6218.00 2337.75
P1448 0.1699175089597702 6227.10 1648.00 6667.67 1648.00 6667.67 2305.72 6227.10 2305.72
P1448 0.16958096623420715 2467.94 2023.68 2672.00 2023.68 2672.00 2338.86 2467.94 2338.86
P1448 0.16761299967765808 2035.85 3296.00 2318.11 3558.41 1935.42 3959.09 1658.20 3698.11
P1448 0.11428100615739822 1509.77 4127.18 1606.19 4209.63 1487.09 4320.00 1390.43 4238.62
P1448 0.11374131590127945 4977.33 4120.00 5821.64 4120.00 5821.64 4483.57 4977.33 4483.57
P1448 0.060934484004974365 1230.81 1415.54 1507.66 1581.01 1155.48 1848.00 880.50 1684.16
P1448 0.05891798809170723 1561.85 2884.87 1848.00 3177.84 1393.91 3496.00 1107.48 3214.21
P1448 0.05406184494495392 6670.43 917.71 6943.56 1130.14 6553.30 1320.32 6283.77 1112.66
P1248 0.998184859752655 2781.43 2588.72 2807.22 2800.27 2702.43 2819.00 2677.50 2609.61
P1248 0.9939090013504028 3196.04 2585.23 3321.99 2585.23 3321.99 2821.80 3196.04 2821.80
P1248 0.9904990792274475 3811.60 782.67 3833.86 895.62 3775.19 912.04 3753.38 800.02
P1248 0.9823304414749146 1070.32 3442.78 1200.25 3442.78 1200.25 3651.77 1070.32 3651.77
P1248 0.1542462855577469 3580.45 2472.23 3621.35 2472.23 3621.35 2559.20 3580.45 2559.20
P1248 0.09253993630409241 1808.46 890.64 1848.00 917.16 1811.73 1021.26 1771.76 993.77
P1248 0.055737048387527466 2881.31 2472.00 2936.10 2472.00 2936.10 2511.10 2881.31 2511.10
P1800 0.05868209898471832 382.84 824.00 759.24 1006.34 538.85 1325.77 161.41 1146.66
P1447 0.9950829744338989 1461.22 465.59 1665.97 873.03 1413.81 1024.00 1212.68 628.57
P1447 0.8191025853157043 824.00 1130.31 878.92 1130.31 878.92 1260.65 824.00 1260.65
P1447 0.7827951312065125 249.46 1648.00 607.60 1648.00 607.60 2100.64 249.46 2100.64
P1447 0.6795653104782104 253.51 1555.11 609.89 1555.11 609.89 1848.00 253.51 1848.00
P1447 0.42965057492256165 696.07 1004.82 749.39 1004.82 749.39 1116.49 696.07 1116.49
P1447 0.08659303188323975 1457.41 824.00 1685.73 965.59 1263.21 1091.34 1039.34 953.02
P1447 0.08213577419519424 760.33 1138.89 818.58 1138.89 818.58 1253.75 760.33 1253.75
P1447 0.059355054050683975 281.54 1873.00 588.35 1873.00 588.35 2006.99 281.54 2006.99
P1447 0.05112641677260399 628.98 1004.16 685.97 1004.16 685.97 1117.50 628.98 1117.50
P1381 0.3509787321090698 300.47 1533.64 329.31 1569.78 306.98 1582.09 277.98 1545.76
P1381 0.2446044385433197 2326.33 4268.00 2593.16 4491.63 2284.00 4679.20 2015.13 4455.20
P1381 0.15314748883247375 627.56 88.38 682.80 273.60 530.24 314.48 475.91 133.65
P1381 0.12022493779659271 1397.04 1980.78 1429.63 2099.04 1346.58 2124.08 1314.16 2007.42
P1381 0.06068632751703262 1344.34 3717.74 1400.25 3790.63 1304.41 3841.01 1248.79 3768.18
P1701 0.8374571204185486 3919.65 941.56 3978.46 984.56 3942.86 1024.00 3883.57 980.18
P1701 0.4795650839805603 1794.78 3535.78 1848.00 3688.74 1640.31 3718.83 1588.48 3567.97
P1701 0.301057904958725 729.28 628.64 812.25 695.22 740.80 808.51 657.84 740.83
P2274 0.8391519784927368 690.92 519.60 699.67 566.93 672.90 573.54 664.39 526.93
P2274 0.05992652848362923 663.15 474.81 678.52 506.06 646.14 523.25 630.68 492.06
P2431 0.7606433629989624 619.95 992.72 658.66 1144.39 571.66 1180.64 533.78 1032.24
P2431 0.28838351368904114 996.80 601.15 1030.24 698.84 963.46 722.86 930.15 625.81
P0135 0.6067293286323547 1602.63 1200.23 1885.88 1331.64 1445.73 1628.65 1160.53 1495.86
P0135 0.20130032300949097 1473.77 1385.00 1762.36 1518.63 1381.74 1707.36 1093.00 1573.16
P1334 0.9924105405807495 274.01 2001.42 336.60 2215.12 216.72 2246.99 154.90 2034.28
P1334 0.8470103740692139 1186.42 2396.88 1217.99 2599.18 1073.09 2628.51 1043.07 2429.19
P2658 0.6755424737930298 1009.75 635.57 1827.48 635.57 1827.48 1024.00 1009.75 1024.00
P2658 0.6732035279273987 985.21 867.94 1795.31 867.94 1795.31 1749.31 985.21 1749.31
P2658 0.5503403544425964 1623.94 207.81 1921.00 458.11 1279.97 654.44 990.69 416.58
P1711 0.9873046278953552 1443.15 3173.24 1635.25 3308.55 1554.79 3399.56 1362.82 3261.07
P1711 0.09956655651330948 1328.99 3074.07 1452.14 3152.97 1357.22 3314.52 1234.59 3234.19
P1711 0.09666036814451218 1680.38 3794.64 1715.89 3976.32 1580.67 4000.00 1545.56 3819.87
P1711 0.05516652390360832 936.70 3836.57 949.50 3905.97 910.79 3919.95 898.04 3851.04
P1330 0.9773728251457214 543.81 2117.40 687.21 2117.40 687.21 2348.27 543.81 2348.27
P1330 0.383529931306839 1564.17 513.37 1675.89 590.59 1624.17 646.95 1512.59 569.21
P1280 0.11516065150499344 2358.88 702.28 2446.93 814.71 2225.73 946.51 2139.80 833.21
P1694 0.9983339905738831 535.52 623.31 580.12 875.70 462.13 894.79 418.28 643.71
P1694 0.9791338443756104 291.71 3808.48 334.72 3975.62 212.75 4000.00 170.54 3836.04
P1694 0.1273745447397232 1420.38 258.44 1433.20 367.90 1361.48 375.17 1349.18 266.75
P1316 0.054559215903282166 126.89 2331.38 259.97 2331.38 259.97 2496.58 126.89 2496.58
P1654 0.996753990650177 382.71 3112.58 420.96 3233.28 176.49 3284.65 138.67 3166.00
P1654 0.9752545356750488 805.17 1386.30 843.64 1415.81 779.07 1489.97 740.35 1459.19
P1654 0.9486347436904907 3102.75 2638.70 3245.16 2659.10 3208.33 2896.07 3065.46 2874.95
P1237 0.9894116520881653 4559.16 3822.06 4672.36 3953.81 4568.24 4000.00 4454.33 3867.62
P1237 0.06402155756950378 3187.56 154.59 3216.28 174.12 3187.18 222.31 3158.00 202.03
P1576 0.9977561831474304 3684.73 3324.04 3722.80 3576.24 3595.76 3600.96 3558.59 3350.97
P1576 0.9820314645767212 1428.56 1473.35 1473.90 1543.49 1240.27 1599.02 1195.52 1529.44
P1576 0.09107572585344315 1157.47 197.45 1172.55 255.67 1082.20 274.76 1067.27 217.94
P1567 0.15646636486053467 688.95 1240.84 731.00 1408.87 615.88 1431.75 574.77 1266.40
P1567 0.0872013047337532 2581.99 1096.18 2672.00 1096.18 2672.00 1250.74 2581.99 1250.74
P1567 0.07675869017839432 3893.38 1177.74 3970.12 1263.75 3807.18 1403.81 3731.08 1317.44
P1567 0.06953057646751404 155.02 2883.98 302.43 2970.94 248.92 3035.07 101.36 2946.56
P0106 0.09453003108501434 948.96 807.71 1179.00 1003.19 997.27 1232.00 767.94 1042.91
P1655 0.59820955991745 2023.76 4293.27 2124.27 4324.46 2078.59 4475.66 1978.23 4444.17
P1655 0.18923960626125336 2549.18 4189.47 2672.00 4208.78 2638.84 4320.00 2515.74 4300.52
P1655 0.06957003474235535 598.34 1165.02 734.31 1165.02 734.31 1252.48 598.34 1252.48
P1655 0.06033888831734657 107.05 1301.91 171.25 1301.91 171.25 1358.43 107.05 1358.43
P1644 0.6391011476516724 191.95 3214.92 240.95 3431.76 79.76 3473.07 32.01 3260.40
P1644 0.06921461969614029 452.05 876.76 594.31 876.76 594.31 975.72 452.05 975.72
P1644 0.05349399149417877 788.05 2140.52 799.07 2171.86 767.72 2180.00 757.00 2149.28
P1644 0.05311264470219612 3840.32 409.72 3853.48 450.04 3807.03 463.93 3793.86 424.20
P2369 0.9922652244567871 2253.46 1142.48 2279.59 1195.73 2250.55 1208.52 2224.89 1155.40
P0820 0.12461026012897491 468.84 0.00 646.73 129.29 465.21 302.28 290.48 175.76
P2272 0.997913658618927 473.60 720.61 610.17 720.61 610.17 914.10 473.60 914.10
P2272 0.9299384951591492 841.41 200.84 868.08 254.84 843.16 271.11 816.72 217.09
P2272 0.7295963168144226 1085.04 1431.73 1097.35 1465.11 1048.02 1486.07 1035.85 1453.72
P2272 0.4796942472457886 634.84 1058.90 670.97 1058.90 670.97 1152.71 634.84 1152.71
P2272 0.4577537775039673 3226.50 595.75 3242.42 632.26 3223.86 642.42 3207.76 605.80
P2272 0.332028329372406 459.60 824.00 613.86 824.00 613.86 916.03 459.60 916.03
P2272 0.25548237562179565 2832.08 234.83 2844.93 339.06 2756.60 350.54 2744.39 248.63
P2272 0.18823733925819397 3061.85 316.66 3073.25 403.74 2986.22 413.79 2975.50 328.43
P2272 0.11094222217798233 3324.23 544.77 3343.90 616.07 3314.06 629.13 3294.53 557.60
P2272 0.08898211270570755 2055.38 1795.69 2060.66 1821.31 2030.08 1827.34 2024.92 1802.51
P2272 0.0564289465546608 597.95 1329.54 605.25 1384.87 581.82 1391.43 574.74 1336.60
P2762 0.9898084998130798 5993.09 182.27 6039.94 261.29 5877.47 360.89 5830.96 281.15
P2762 0.9195883274078369 5919.27 179.31 5968.00 252.52 5879.51 358.83 5830.22 284.46
P1721 0.0863354355096817 1922.42 3849.01 1983.25 3849.01 1983.25 3979.76 1922.42 3979.76
P1627 0.558525562286377 220.89 3190.15 247.93 3235.54 185.45 3265.77 158.24 3219.75
P1627 0.18680141866207123 1903.79 2146.20 2025.38 2188.62 1990.55 2274.07 1868.50 2232.06
P1627 0.06662806123495102 3043.49 1432.60 3062.57 1482.60 3020.44 1495.88 3001.61 1446.29
P2448 0.05483763664960861 395.20 1317.80 522.67 1436.58 382.27 1591.96 256.24 1472.86
P2195 0.22079984843730927 77.03 302.01 492.48 302.01 492.48 763.85 77.03 763.85
P2195 0.11373435705900192 33.69 824.00 479.00 824.00 479.00 1254.48 33.69 1254.48
P2195 0.09314630925655365 720.35 983.62 1012.37 1140.07 762.91 1374.25 473.46 1226.33
P2195 0.06700456887483597 500.94 1378.21 927.01 1378.21 927.01 1759.69 500.94 1759.69
P2195 0.05952804163098335 31.18 710.24 494.27 710.24 494.27 862.46 31.18 862.46
P1737 0.9963986873626709 2136.07 622.31 2169.98 720.63 1989.36 767.84 1956.23 670.57
P1737 0.6466675996780396 2826.85 411.13 2895.11 644.55 2754.93 690.55 2687.59 459.77
P1737 0.2558106482028961 2980.94 3573.96 3024.76 3728.03 2936.09 3751.87 2893.05 3598.73
P1737 0.12823481857776642 3579.87 2305.63 3631.16 2533.39 3508.96 2572.30 3457.75 2347.56
P1737 0.052117493003606796 2836.34 2263.44 2906.32 2352.97 2802.18 2401.94 2733.23 2314.27
P2139 0.9879037737846375 83.43 153.49 357.11 153.49 357.11 774.24 83.43 774.24
P1564 0.4164583384990692 259.50 1693.64 318.36 1908.15 170.53 1931.50 113.12 1719.16
P2583 0.2505914568901062 680.06 442.82 1009.45 583.96 892.38 1129.56 562.78 991.20
P2583 0.16459490358829498 1160.06 236.72 1479.72 464.51 1265.58 873.84 951.75 649.93
P1163 0.20591461658477783 2472.00 4120.00 2802.53 4120.00 2802.53 5091.87 2472.00 5091.87
P1605 0.7547811269760132 214.24 3180.55 244.45 3307.42 188.91 3325.82 158.86 3199.60
P1605 0.08989723771810532 3238.68 2596.25 3317.18 2596.25 3317.18 2672.00 3238.68 2672.00
P1605 0.07086125016212463 84.63 3376.24 102.12 3471.88 16.61 3496.00 0.00 3403.49
P1605 0.06808988004922867 177.17 3000.64 198.68 3112.32 136.86 3126.14 116.07 3015.86
P2654 0.2890384793281555 740.78 824.00 1024.00 824.00 1024.00 1488.31 740.78 1488.31
P2654 0.24501760303974152 824.00 824.00 1415.68 824.00 1415.68 1512.32 824.00 1512.32
P2654 0.23359248042106628 1325.46 653.76 2023.67 653.76 2023.67 1024.00 1325.46 1024.00
P2654 0.20795120298862457 1314.89 1212.20 2034.73 1212.20 2034.73 1639.36 1314.89 1639.36
P2654 0.14797590672969818 824.00 353.30 1376.60 353.30 1376.60 1024.00 824.00 1024.00
P2654 0.14390458166599274 1416.27 1253.83 1660.68 1253.83 1660.68 1629.09 1416.27 1629.09
P2654 0.0619988851249218 708.09 405.30 1024.00 405.30 1024.00 1024.00 708.09 1024.00
P2588 0.20447269082069397 720.65 991.69 1019.72 1183.75 798.03 1444.00 498.30 1251.94
P0640 0.2100164294242859 186.08 546.33 480.73 894.50 290.40 1119.00 0.00 780.26
P2574 0.11341207474470139 502.49 1012.71 778.66 1288.12 268.39 1474.00 0.00 1211.85
P2574 0.08866455405950546 599.35 450.00 1024.00 759.71 618.91 1036.23 195.40 727.30
P2568 0.10383869707584381 799.79 1230.00 1024.00 1542.00 875.47 1777.37 650.33 1464.46
P2568 0.07987983524799347 1026.89 1230.00 1482.56 1525.93 975.05 1754.55 524.72 1462.57
P2568 0.057008884847164154 784.77 980.59 1024.00 1455.39 881.86 1782.92 640.93 1308.13
P2361 0.3561404347419739 193.68 382.64 274.80 456.56 227.22 496.69 145.54 421.94
P2361 0.07893083244562149 587.43 1868.22 612.41 1892.26 577.01 1927.97 551.74 1904.17
P2540 0.9970338344573975 901.97 1074.74 1015.29 1074.74 1015.29 1263.98 901.97 1263.98
P2540 0.1605960577726364 2060.97 729.91 2095.35 729.91 2095.35 780.67 2060.97 780.67
P2540 0.06968943774700165 741.35 1265.60 850.64 1286.06 826.45 1432.07 717.41 1412.13
P0089 0.11441948264837265 3094.19 824.00 3264.42 1215.98 2921.39 1368.91 2757.47 991.40
P1538 0.9951375126838684 1146.86 2067.18 1198.26 2297.29 1104.91 2322.53 1054.48 2093.59
P1538 0.894306480884552 1741.76 2981.26 1783.45 3144.88 1647.76 3167.02 1606.95 3005.99
P1538 0.1723620444536209 3999.28 4173.83 4006.96 4270.47 3968.48 4281.02 3961.13 4185.80
P1538 0.11904608458280563 1635.70 3131.75 1658.66 3240.17 1580.62 3260.29 1557.60 3152.76
P1538 0.06344658136367798 2293.44 3063.55 2336.66 3135.46 2179.57 3162.31 2136.51 3090.86
P1538 0.05365202575922012 2350.00 2841.81 2391.29 2841.81 2391.29 2901.59 2350.00 2901.59
P1538 0.05032539740204811 2413.62 3680.95 2435.90 3746.55 2373.41 3768.31 2351.30 3703.82
P1769 0.682274341583252 3082.17 2918.01 3094.17 2976.91 3064.63 2987.55 3052.75 2928.79
P1769 0.07567677646875381 2194.46 3985.46 2260.38 4011.60 2226.29 4069.08 2160.42 4042.09
P2738 0.9946104288101196 1233.88 171.31 1239.37 217.55 1211.73 220.91 1206.55 175.31
P2738 0.9880963563919067 882.62 818.11 909.93 818.11 909.93 861.64 882.62 861.64
P2738 0.9579010009765625 1225.38 1047.62 1239.65 1056.70 1220.56 1088.78 1206.33 1079.66
P2738 0.7699634432792664 1284.10 316.27 1326.28 324.88 1319.92 349.82 1277.64 340.84
P2738 0.6919095516204834 739.75 1254.88 760.04 1299.92 735.80 1309.35 715.69 1264.37
P2738 0.6110904812812805 1138.75 990.13 1152.71 990.13 1152.71 1012.02 1138.75 1012.02
P2738 0.2665873169898987 2022.12 157.84 2036.13 163.95 2025.71 190.16 2011.70 183.74
P2738 0.15029925107955933 2154.60 455.50 2157.08 488.33 2141.41 489.90 2139.05 457.37
P2738 0.07029372453689575 1462.20 1302.78 1472.11 1302.78 1472.11 1331.18 1462.20 1331.18
P2738 0.05530087277293205 2027.16 1231.00 2038.47 1251.55 2029.38 1256.99 2018.18 1236.29
P2405 0.9918513894081116 860.33 388.96 922.84 579.15 822.74 606.67 760.51 417.54
P2405 0.9775190353393555 890.46 389.84 930.12 561.22 862.63 609.62 824.00 439.56
P2715 0.9950013756752014 1499.30 136.30 1527.65 206.06 1491.84 219.30 1464.03 150.00
P2715 0.994476854801178 3730.52 1083.53 3773.35 1083.53 3773.35 1161.97 3730.52 1161.97
P2715 0.9892482161521912 940.48 154.01 955.83 162.59 944.94 205.24 929.68 196.74
P2715 0.9889046549797058 1399.58 205.81 1411.48 247.48 1390.80 253.35 1379.07 212.03
P2715 0.9838832020759583 3166.75 992.85 3189.84 992.85 3189.84 1032.95 3166.75 1032.95
P2715 0.9812768697738647 774.49 2056.83 789.48 2075.49 749.97 2105.28 735.17 2086.34
P2715 0.9799298048019409 2740.77 41.24 2759.69 57.65 2734.21 92.96 2715.28 76.39
P2715 0.9715366363525391 3036.66 198.54 3078.27 198.54 3078.27 268.72 3036.66 268.72
P2715 0.8837919235229492 3189.06 243.11 3211.40 243.11 3211.40 284.19 3189.06 284.19
P2715 0.8825923800468445 1025.08 500.21 1044.24 506.44 1029.92 545.62 1010.70 539.28
P2715 0.6298611164093018 822.67 629.41 831.01 655.42 816.22 662.71 807.99 636.67
P2715 0.5053545236587524 3151.52 996.96 3169.84 996.96 3169.84 1030.74 3151.52 1030.74
P2715 0.2021702080965042 780.47 737.64 790.71 754.30 770.50 769.81 760.34 753.42
P2715 0.1389167755842209 326.67 515.37 357.46 515.37 357.46 579.39 326.67 579.39
P2715 0.07047215849161148 1501.67 1594.38 1512.85 1594.38 1512.85 1615.98 1501.67 1615.98
P2715 0.06937189400196075 3829.29 32.74 3860.26 40.95 3851.95 67.47 3820.92 59.20
P2715 0.05094581097364426 3151.76 341.06 3168.16 350.92 3141.31 355.45 3125.51 346.09
P1129 0.06989896297454834 2098.60 824.00 2284.63 1173.57 2070.93 1472.36 1888.08 1143.29
P1664 0.2878461480140686 1347.09 3768.89 1442.71 3888.37 1293.39 3969.19 1198.10 3849.46
P1664 0.25665679574012756 1483.87 3826.06 1589.45 3987.06 1496.72 4056.57 1391.79 3895.52
P1050 0.08713303506374359 549.68 81.08 825.84 281.43 626.30 506.44 351.18 305.27
P1363 0.9982324242591858 3437.81 3337.44 3535.57 3359.48 3495.03 3572.66 3397.21 3549.93
P1363 0.9974905252456665 2164.79 782.74 2221.74 981.07 2107.31 1011.15 2051.33 813.74
P1363 0.42863136529922485 2024.95 872.04 2061.37 1039.39 1939.75 1061.76 1904.55 897.23
P1363 0.40566009283065796 411.01 2882.34 465.36 3039.83 381.02 3068.23 327.25 2910.64
P1363 0.36032575368881226 5101.38 149.37 5144.00 181.76 5112.20 245.13 5069.20 212.20
P1363 0.3235400319099426 3636.53 1648.00 3800.50 1666.40 3779.18 1737.94 3615.20 1717.97
P1363 0.28409260511398315 3270.50 3352.47 3405.81 3386.77 3371.05 3576.35 3236.22 3541.90
P1363 0.0564035065472126 4355.39 862.06 4404.89 876.09 4382.04 954.30 4332.34 939.62
P2737 0.997056245803833 1033.62 528.80 1126.08 686.43 1033.20 722.71 941.38 565.34
P2737 0.9956879019737244 2007.54 2517.64 2082.86 2553.63 2010.73 2656.00 1935.26 2619.40
P2737 0.9418218731880188 2638.24 1846.80 2672.02 1859.59 2647.01 1920.87 2613.37 1907.91
P2737 0.9158164858818054 2639.19 2332.88 2664.47 2364.38 2620.80 2394.82 2595.68 2363.35
P2737 0.42991921305656433 2584.57 1835.04 2622.12 1859.80 2603.61 1888.72 2566.03 1864.05
P2737 0.07353368401527405 978.82 541.15 1024.00 640.33 974.54 718.72 929.13 619.79
P2737 0.07224274426698685 3169.65 2559.22 3182.38 2622.49 3157.24 2630.54 3144.83 2567.87
P2737 0.06785476207733154 845.72 1139.05 861.51 1168.27 847.50 1179.41 831.84 1150.13
P1422 0.09291139245033264 1661.78 210.35 1848.00 564.63 1607.76 735.66 1421.61 388.65
P1422 0.07472555339336395 1926.10 137.58 2012.40 489.28 1730.72 713.00 1648.00 375.42
P1733 0.9962199330329895 2640.68 2364.95 2672.00 2546.90 2610.73 2571.76 2579.78 2391.14
P1733 0.9953279495239258 3088.07 3541.70 3114.59 3631.32 2970.69 3673.78 2944.91 3585.14
P1733 0.9950673580169678 360.83 2562.49 399.09 2757.28 318.47 2774.90 280.88 2581.03
P1733 0.9934629201889038 2784.12 1648.00 2825.01 1847.72 2743.80 1874.45 2703.86 1676.05
P1733 0.9933086633682251 3613.39 3638.95 3680.00 3809.18 3602.87 3847.09 3536.86 3677.07
P1733 0.9899584650993347 1261.98 985.47 1300.33 1174.27 1233.70 1197.13 1195.36 1009.33
P1733 0.9547351002693176 2652.91 2472.00 2679.31 2547.91 2619.11 2562.59 2593.09 2486.89
P1733 0.8156842589378357 365.28 2570.50 388.48 2656.97 305.42 2672.00 282.73 2587.28
P1733 0.41645118594169617 3859.28 1813.93 3891.28 1906.65 3749.94 1943.45 3718.92 1852.05
P1733 0.09753561019897461 526.04 2557.93 550.12 2700.56 455.26 2717.23 432.33 2576.65
P1733 0.08100797981023788 3063.22 3443.12 3106.89 3443.12 3106.89 3495.19 3063.22 3495.19
P1733 0.07118156552314758 3546.42 3684.41 3597.16 3782.31 3529.41 3836.58 3478.82 3740.03
P1733 0.06252375990152359 2213.63 281.89 2403.10 340.77 2367.16 424.73 2177.40 364.14
P1733 0.0573146753013134 986.61 3300.86 996.95 3330.37 968.24 3339.39 958.16 3310.70
P0394 0.29726389050483704 1274.84 168.65 1552.80 443.35 1234.90 628.20 957.00 357.56
P1941 0.050640735775232315 960.07 792.64 1289.00 925.55 980.03 1173.00 653.35 1040.58
P2174 0.6209233999252319 433.72 396.12 653.49 396.12 653.49 630.82 433.72 630.82
P2174 0.2187471240758896 297.32 397.24 467.53 397.24 467.53 624.38 297.32 624.38
P2174 0.20918679237365723 452.95 138.11 628.35 138.11 628.35 375.61 452.95 375.61
P2341 0.4187537729740143 573.01 232.39 665.45 310.39 615.17 359.26 522.49 281.11
P2341 0.10252611339092255 1738.57 143.72 1756.16 188.37 1731.79 199.07 1714.54 154.63
P2341 0.09582803398370743 1465.54 1458.41 1496.85 1458.41 1496.85 1521.70 1465.54 1521.70
P1303 0.966744601726532 4133.53 2394.69 4144.59 2489.65 4084.14 2496.99 4073.48 2403.05
P1304 0.9866729974746704 231.35 3089.90 327.07 3208.90 271.18 3247.08 175.59 3126.65
P1304 0.6007838845252991 1147.22 3485.00 1196.41 3623.76 1143.12 3648.42 1093.83 3509.63
P1304 0.0614512637257576 86.59 1648.00 106.83 1677.87 47.14 1692.66 27.05 1662.73
P2440 0.9906258583068848 176.45 1576.15 203.35 1687.92 25.89 1721.24 0.00 1611.94
P2440 0.7318620681762695 148.66 1648.00 185.44 1703.88 35.85 1722.35 0.00 1667.11
P1385 0.31090837717056274 239.30 902.13 409.96 1172.99 167.24 1464.57 0.00 1202.15
P1525 0.807632565498352 1984.50 3650.24 2010.36 3790.67 1930.16 3804.39 1905.04 3665.15
P1525 0.6532343626022339 2398.34 2837.26 2449.94 2926.72 2192.01 2979.36 2140.88 2890.85
P1525 0.2872167229652405 2106.18 2900.89 2166.24 3003.25 1877.33 3060.28 1818.30 2958.81
P1525 0.1071561723947525 875.67 276.84 900.23 308.32 832.94 352.06 808.06 319.22
P0682 0.41883400082588196 1489.88 861.00 1522.92 913.16 1494.95 927.77 1461.86 875.39
P1755 0.27271050214767456 171.84 620.48 282.14 620.48 282.14 801.22 171.84 801.22
P1755 0.15882991254329681 992.45 1909.19 1262.08 1909.19 1262.08 2058.43 992.45 2058.43
P1755 0.15193940699100494 2531.65 2950.90 2579.27 3040.39 2476.42 3092.75 2429.06 3003.64
P1755 0.05359206721186638 675.85 2065.29 744.01 2081.31 729.76 2135.79 661.27 2119.20
P1527 0.9866130948066711 3455.23 3320.46 3496.00 3417.24 3348.14 3468.48 3307.86 3372.34
P1527 0.349624365568161 1751.10 2171.33 1775.41 2336.20 1694.59 2354.84 1671.39 2191.79
P1527 0.18684984743595123 4174.93 3714.55 4216.99 3874.88 3962.13 3907.56 3921.18 3750.59
P1527 0.05225665867328644 2291.42 974.94 2325.89 1100.64 2201.59 1119.79 2168.08 996.16
P2648 0.5854028463363647 94.72 322.51 908.77 322.51 908.77 1024.00 94.72 1024.00
P2648 0.5685266852378845 83.28 777.00 941.63 777.00 941.63 1555.04 83.28 1555.04
P2648 0.10875038802623749 886.16 792.26 1585.67 792.26 1585.67 1670.39 886.16 1670.39
P2648 0.05815201252698898 910.12 667.90 1517.07 667.90 1517.07 1024.00 910.12 1024.00
P2425 0.997261643409729 229.90 1065.56 418.78 1065.56 418.78 1188.15 229.90 1188.15
P2425 0.1200750395655632 103.23 1057.19 216.94 1057.19 216.94 1217.12 103.23 1217.12
P1290 0.9910479187965393 1997.57 2811.81 2100.18 2917.26 2047.61 2961.44 1945.17 2854.51
P0842 0.369568794965744 1656.28 155.25 1675.96 165.09 1658.73 197.99 1639.00 188.05
P1764 0.9791496396064758 3607.24 4134.61 3747.73 4187.29 3649.93 4413.40 3510.19 4359.26
P1764 0.8804367780685425 495.63 1240.45 527.34 1262.83 489.79 1314.82 457.77 1291.53
P1588 0.9938791990280151 2412.43 1348.62 2456.17 1467.94 2404.22 1496.19 2360.57 1377.63
P1588 0.7016473412513733 2707.54 2767.53 2771.96 2802.31 2712.56 2955.74 2647.98 2919.82
P1588 0.40752145648002625 2510.67 2119.06 2568.61 2119.06 2568.61 2235.69 2510.67 2235.69
P1588 0.14524419605731964 1749.38 3040.72 1803.31 3095.41 1769.10 3128.33 1714.89 3073.29
P2556 0.05133931338787079 2954.38 1718.01 3287.05 2175.33 3009.96 2476.20 2678.00 2014.43
P1695 0.8715744018554688 2229.55 426.17 2264.40 494.00 2046.91 534.20 2012.71 467.27
P1695 0.6892037987709045 3304.71 3050.96 3352.05 3109.20 3302.71 3178.88 3255.89 3120.90
P1695 0.290971964597702 1685.07 2685.87 1733.19 3007.60 1522.81 3050.00 1475.98 2731.71
P1695 0.12908323109149933 1436.57 2556.49 1653.30 2556.49 1653.30 2760.96 1436.57 2760.96
P1695 0.06586363166570663 2800.18 3425.56 2834.65 3484.54 2710.39 3504.95 2676.94 3447.01
P1695 0.06186104565858841 2911.34 4587.56 3014.18 4611.13 2993.13 4709.06 2890.12 4684.61
P1695 0.05994925647974014 2840.09 3500.73 2866.28 3553.16 2702.29 3570.57 2676.81 3519.56
P1642 0.9873021841049194 2213.10 1925.43 2289.50 1937.37 2267.88 2057.51 2191.32 2044.85
P1642 0.905361533164978 538.47 3718.21 669.65 3718.21 669.65 3790.11 538.47 3790.11
P1642 0.6422443389892578 2720.17 460.98 2754.17 503.01 2690.88 553.10 2656.37 510.21
P1642 0.4112943410873413 3355.91 4516.98 3431.56 4619.87 3359.51 4670.75 3283.82 4566.38
P1642 0.3597947061061859 178.80 2634.72 213.32 2672.38 179.06 2696.06 144.51 2658.63
P1642 0.32380232214927673 2367.15 4496.23 2375.02 4550.65 2275.41 4559.10 2267.82 4505.74
P1642 0.13680925965309143 2839.82 2488.39 2918.42 2488.39 2918.42 2559.52 2839.82 2559.52
P1642 0.13434484601020813 26.87 4044.75 111.83 4044.75 111.83 4175.65 26.87 4175.65
P1642 0.09884139895439148 690.30 2765.62 731.72 2804.22 707.47 2829.03 665.73 2789.35
P1642 0.06260012835264206 4244.55 3958.00 4288.35 4005.52 4231.07 4040.61 4187.76 3993.61
P2463 0.3790194094181061 1248.36 2050.98 1289.90 2065.36 1270.36 2192.27 1228.58 2177.26
P2463 0.060019366443157196 1469.67 0.00 1766.87 148.31 1518.76 463.53 1221.38 314.50
P1718 0.9848699569702148 2747.64 1497.09 2776.40 1580.17 2632.94 1615.73 2605.09 1533.94
P2161 0.9937288761138916 1323.28 1165.31 1488.58 1205.53 1422.55 1482.81 1257.58 1441.89
P0880 0.1333441436290741 1822.94 984.63 2125.41 1379.53 1885.58 1598.23 1587.52 1210.06
P0880 0.11384893208742142 1310.48 1147.18 1583.20 1606.73 1348.50 1821.19 1076.52 1364.86
P0880 0.10207913815975189 1487.05 980.00 1848.00 1409.49 1466.50 1828.14 1106.50 1397.67
P0880 0.0814921036362648 1686.53 898.46 2059.55 1418.16 1626.83 1848.00 1259.00 1343.06
P1331 0.07790680229663849 1080.13 1250.15 1112.23 1321.84 976.14 1352.65 944.60 1283.03
P1530 0.8825356364250183 998.36 340.28 1024.00 421.33 907.09 458.63 881.44 378.22
P1530 0.6942569613456726 1078.38 318.21 1139.96 401.17 919.72 464.57 858.51 381.81
P1530 0.2652535140514374 3161.57 3161.34 3201.86 3172.16 3185.04 3258.29 3144.43 3246.64
P1530 0.23332034051418304 798.51 1863.02 823.43 1930.21 756.42 1944.88 732.01 1878.64
P1530 0.20630499720573425 3920.21 2682.21 3935.05 2723.88 3901.48 2735.37 3886.94 2694.27
P1530 0.14450989663600922 3445.25 1049.86 3678.05 1100.63 3626.52 1269.86 3393.04 1218.01
P1530 0.1141265407204628 1123.59 185.22 1132.76 219.62 1091.83 231.90 1082.77 198.39
P1530 0.08194946497678757 2518.15 2229.46 2550.99 2410.39 2447.55 2432.06 2415.97 2254.18
P1530 0.05355333909392357 793.69 2781.70 825.69 2824.92 754.92 2849.91 723.06 2807.34
P1345 0.9977686405181885 3667.27 3417.35 3692.35 3580.52 3592.14 3594.25 3567.84 3432.71
P1345 0.08369925618171692 411.31 2652.07 417.79 2694.20 397.80 2699.69 391.34 2657.97
P1345 0.07235440611839294 3656.79 3416.46 3675.87 3481.00 3595.82 3496.00 3577.58 3433.89
P1630 0.9968574047088623 2021.07 2907.60 2058.67 2947.01 1984.08 3026.23 1946.21 2985.89
P1630 0.9959534406661987 1457.95 1443.93 1473.31 1503.69 1342.96 1525.72 1328.09 1467.31
P1630 0.9940791130065918 456.63 639.68 505.22 698.95 375.51 761.99 327.18 702.77
P1630 0.994009256362915 3490.17 213.59 3531.62 253.07 3431.97 322.48 3390.33 282.45
P1630 0.9919298887252808 2323.50 2344.14 2368.02 2395.16 2265.67 2483.67 2221.18 2431.43
P1630 0.988135576248169 919.52 187.00 956.02 235.40 860.42 316.52 824.00 266.94
P1630 0.945040225982666 1355.97 1709.08 1409.30 1804.82 1275.38 1897.89 1222.32 1801.47
P1630 0.8521064519882202 4178.89 2519.13 4273.53 2573.52 4203.15 2751.53 4108.47 2696.29
P1630 0.2520637512207031 1437.31 1810.55 1483.02 1855.58 1431.41 1910.22 1385.71 1864.52
P1630 0.19126617908477783 1989.49 2976.00 2019.66 2993.09 1984.07 3013.71 1954.11 2995.83
P1630 0.08205778151750565 4272.17 1930.93 4294.00 2007.21 4249.51 2037.13 4227.71 1961.28
P1383 0.998803973197937 2299.57 3552.55 2623.67 3552.55 2623.67 4189.40 2299.57 4189.40
P1383 0.7501703500747681 976.80 2256.40 1024.00 2355.45 977.96 2387.48 930.85 2288.61
P1383 0.42002803087234497 1991.22 3875.63 2013.31 4178.04 1892.95 4195.41 1872.13 3896.59
P1383 0.12860730290412903 1985.82 735.83 2073.85 859.05 2000.56 911.94 1913.11 789.23
P1383 0.12763506174087524 2061.82 3639.32 2374.03 3639.32 2374.03 3953.41 2061.82 3953.41
P2767 0.14109167456626892 636.29 1169.18 830.27 1360.37 725.93 1458.78 533.02 1265.31
P0051 0.6412671804428101 1502.07 4120.00 1848.00 4298.88 1394.19 4514.53 1050.50 4337.20
P0051 0.4966091215610504 1512.05 4001.65 1848.00 4140.76 1459.16 4320.00 1121.65 4182.16
P0051 0.34838610887527466 3190.29 2146.76 3496.00 2465.91 3137.82 2658.77 2833.26 2345.58
P0051 0.32863301038742065 1611.00 2153.64 1802.99 2153.64 1802.99 2465.47 1611.00 2465.47
P0051 0.2604958713054657 3708.74 2740.03 3973.99 3031.28 3556.45 3286.52 3296.00 2997.02
P0051 0.24671100080013275 2910.95 2916.97 3297.55 3235.16 2855.60 3496.00 2472.00 3183.71
P0051 0.20293107628822327 1937.34 4299.39 2187.87 4622.48 1894.49 4910.87 1648.00 4599.24
P0051 0.19477826356887817 4110.50 2472.00 4367.67 2791.68 4125.19 3071.38 3872.61 2759.97
P0051 0.12720873951911926 1354.80 1155.07 1638.29 1397.67 1257.83 1614.06 976.72 1378.86
P0051 0.09512852132320404 2954.62 1298.12 3465.57 1631.24 2974.02 1848.00 2472.89 1523.92
P0051 0.08033449202775955 2214.98 4297.29 2442.22 4585.82 2198.00 4875.40 1973.55 4591.48
P0051 0.07855277508497238 1903.76 864.20 2137.63 1097.03 1876.20 1348.64 1648.00 1125.72
P0051 0.06280384212732315 4246.42 2970.60 4534.78 3239.12 4247.98 3496.00 3961.79 3230.37
P0051 0.051657527685165405 2210.15 4406.00 2341.30 4704.88 2157.60 4797.15 2028.61 4499.82
P0051 0.05124396085739136 3023.81 3403.17 3496.00 3961.46 2961.20 4248.62 2493.52 3704.54
P2487 0.9741227030754089 0.00 2050.39 163.28 2050.39 163.28 2144.69 0.00 2144.69
P2487 0.15983545780181885 1536.69 127.78 1848.00 404.79 1638.60 624.76 1329.57 352.17
P2487 0.052283767610788345 371.39 619.21 741.10 805.86 477.79 1024.00 110.65 840.48
P2684 0.17076900601387024 2495.35 1393.91 2568.63 1660.55 2393.94 1697.87 2322.87 1434.74
P1590 0.9941245913505554 1923.31 1530.45 2023.61 1555.55 1984.07 1755.74 1883.93 1729.94
P1590 0.9911336302757263 2307.75 3182.95 2386.50 3293.40 2332.86 3344.31 2254.41 3233.73
P1590 0.9876375198364258 2242.63 824.00 2259.97 872.22 2137.59 888.23 2120.77 840.62
P1590 0.7108950614929199 2358.79 3052.38 2428.18 3136.38 2312.21 3193.38 2244.12 3111.88
P1590 0.6708590984344482 1325.82 2473.01 1383.36 2473.01 1383.36 2587.16 1325.82 2587.16
P1590 0.6708362102508545 2802.82 3554.28 2898.53 3686.59 2738.83 3764.69 2642.66 3633.56
P1590 0.3686147928237915 2216.61 2738.56 2245.66 2820.86 2154.11 2843.45 2125.88 2763.95
P1590 0.3140173852443695 1671.09 2032.21 1720.39 2069.39 1671.46 2170.06 1621.92 2132.68
P1590 0.15306369960308075 1127.27 1086.88 1146.86 1103.35 1125.88 1136.87 1106.22 1120.31
P1590 0.1225850060582161 1629.98 371.98 1657.92 437.58 1575.90 457.35 1548.77 393.12
P1590 0.08976884931325912 1695.63 2033.22 1730.09 2092.18 1682.36 2172.44 1648.00 2113.78
P1590 0.07201209664344788 2040.16 1115.08 2166.83 1128.76 2149.03 1230.57 2022.43 1216.54
P1590 0.06378790736198425 386.09 832.90 439.30 939.82 314.85 999.97 262.50 894.55
P1590 0.05752243101596832 1884.83 1648.00 2007.42 1648.00 2007.42 1757.58 1884.83 1757.58
P1635 0.9983878135681152 3137.85 2433.23 3262.00 2460.86 3248.20 2525.61 3123.97 2496.46
P1635 0.9640090465545654 3139.37 2472.00 3266.11 2488.20 3238.82 2523.36 3111.91 2506.13
P1635 0.9329305291175842 3382.62 824.00 3419.29 851.33 3357.20 885.29 3320.56 857.03
P1635 0.877825915813446 3381.23 788.08 3419.18 835.21 3360.69 883.47 3322.39 835.53
P1635 0.8513368964195251 3908.92 1112.64 4000.00 1245.61 3926.62 1306.80 3835.13 1172.60
P1635 0.6147494316101074 2563.68 2976.00 2747.44 3014.13 2694.39 3087.41 2511.97 3048.26
P1635 0.39518168568611145 1499.50 837.55 1564.46 866.57 1533.20 957.06 1467.82 926.93
P1635 0.3043763041496277 1488.29 1555.58 1582.62 1659.50 1527.11 1700.24 1433.09 1594.71
P1635 0.11193262785673141 2673.67 2042.17 2705.57 2063.93 2681.10 2099.04 2648.96 2076.72
P1635 0.10731934010982513 1592.23 2976.08 1642.65 3003.99 1599.65 3112.69 1548.88 3083.11
P1635 0.0537707544863224 2578.95 2976.00 2672.00 3017.55 2626.40 3074.16 2533.06 3031.88
P1767 0.1636383831501007 2806.99 871.79 2833.08 922.00 2797.51 942.60 2771.75 892.14
P2752 0.9856082201004028 2053.09 652.60 2639.18 652.60 2639.18 937.54 2053.09 937.54
P2752 0.9788262844085693 306.64 1021.53 828.83 1021.53 828.83 1282.80 306.64 1282.80
P2752 0.9552881717681885 1800.19 888.52 1937.21 888.52 1937.21 1120.07 1800.19 1120.07
P1706 0.7845489978790283 3049.62 844.52 3315.59 844.52 3315.59 975.99 3049.62 975.99
P1706 0.10313869267702103 3603.96 1257.78 3626.39 1332.95 3584.22 1353.59 3561.78 1278.35
P1271 0.40034031867980957 5100.86 3328.48 5200.00 3328.48 5200.00 3563.25 5100.86 3563.25
P1229 0.49015259742736816 3445.61 997.49 3482.88 1067.82 3438.23 1092.82 3401.48 1022.28
P2694 0.9950279593467712 2441.03 1762.29 2611.05 1808.75 2524.38 2116.08 2354.59 2069.15
P2694 0.33685794472694397 186.82 1373.70 219.57 1424.99 181.40 1448.99 148.86 1397.63
P2694 0.08377072215080261 76.08 1638.73 136.82 1704.46 89.71 1746.80 28.84 1680.91
P2694 0.06297191232442856 714.37 866.64 753.99 902.21 693.89 958.41 654.69 922.62
P1516 0.405845582485199 1605.26 1864.17 1677.05 1925.38 1572.67 2064.82 1501.13 2002.82
P1516 0.11765486747026443 2485.19 234.37 2518.54 342.32 2416.24 377.07 2384.18 272.89
P1516 0.05114274099469185 783.88 3315.86 802.04 3349.34 776.95 3364.75 758.90 3331.41
P2459 0.9803766012191772 1830.41 949.19 1913.38 1105.74 1824.68 1148.19 1742.69 991.82
P2459 0.7458378672599792 1795.62 957.18 1848.00 1071.53 1797.04 1127.29 1744.04 1012.72
P2459 0.061971791088581085 1166.14 848.44 1463.08 993.63 1198.74 1401.36 900.61 1255.58
P0675 0.40759509801864624 320.46 122.00 604.17 243.74 445.73 417.94 163.81 295.70
P2544 0.11588112264871597 98.20 348.22 117.21 386.07 98.56 396.80 79.49 358.80
P1710 0.08182696253061295 520.10 2587.60 617.01 2731.52 481.87 2875.87 386.65 2738.23
P1710 0.05011151731014252 272.70 1549.22 313.97 1569.44 296.88 1607.27 255.55 1586.13
P1477 0.9892746806144714 1263.97 1912.03 1295.93 2194.90 1144.20 2215.12 1113.08 1935.11
P1735 0.990139901638031 1315.01 4687.99 1355.32 4725.12 1291.95 4806.84 1251.64 4768.52
P1735 0.9769247770309448 593.14 1212.29 637.78 1301.56 517.81 1350.16 473.90 1262.11
P1735 0.9728338122367859 448.86 123.25 475.16 226.90 332.72 261.52 307.34 159.78
P1735 0.8513426184654236 2694.53 2256.57 2783.29 2384.95 2718.15 2437.05 2628.75 2307.90
P1735 0.2783168852329254 530.61 234.62 562.04 399.53 450.57 418.89 419.88 256.34
P2136 0.9991463422775269 122.15 192.16 555.26 192.16 555.26 929.60 122.15 929.60
P2136 0.8044062852859497 456.61 168.54 546.63 718.47 377.00 932.64 291.00 399.81
P2510 0.05218622460961342 99.26 1683.59 171.60 1724.11 137.74 1835.69 65.77 1795.42
P2510 0.05215856805443764 1463.34 1500.50 1774.03 1665.21 1515.39 1848.00 1204.96 1686.26
P0773 0.767574667930603 1360.93 41.44 1609.00 334.53 1450.69 614.97 1200.99 320.19
P0773 0.08334043622016907 402.19 108.12 564.46 457.56 357.39 626.47 198.42 282.49
P1593 0.7815723419189453 3864.43 1965.35 3885.86 2016.57 3800.49 2039.31 3779.35 1989.23
P1593 0.5949646830558777 1937.69 2348.71 1968.59 2527.62 1867.89 2555.44 1838.10 2379.87
P1593 0.5864276885986328 3409.26 2129.82 3454.80 2167.72 3371.12 2247.86 3325.32 2208.66
P1593 0.34318190813064575 3482.06 1663.21 3549.88 1693.08 3514.40 1733.51 3446.19 1703.47
P1593 0.3023960590362549 1169.74 1786.27 1227.26 1786.27 1227.26 1930.27 1169.74 1930.27
P1593 0.2567412555217743 2534.57 811.22 2582.03 824.03 2563.69 912.12 2515.69 898.62
P1593 0.0817190483212471 3188.55 140.55 3280.84 211.77 3226.72 263.12 3133.86 191.51
P1593 0.062861368060112 1405.75 1942.21 1462.73 1997.14 1417.19 2033.36 1360.53 1978.19
P1690 0.9468584060668945 449.71 3670.80 562.84 3670.80 562.84 3723.88 449.71 3723.88
P1690 0.1772887110710144 743.95 892.77 817.72 911.43 789.66 1024.00 715.37 1004.76
P1690 0.08255456387996674 3621.29 774.76 3644.44 833.10 3585.45 852.91 3563.05 795.97
P1690 0.06930649280548096 2907.27 1578.61 2956.32 1629.06 2891.31 1687.98 2842.26 1638.71
P2441 0.08794387429952621 1334.04 1425.54 1359.14 1434.11 1350.78 1477.44 1325.74 1468.65
P1603 0.9875955581665039 531.13 1568.86 573.44 1660.39 521.79 1686.14 479.43 1594.44
P1603 0.9138363003730774 1642.76 875.47 1771.97 982.81 1646.02 1024.00 1516.67 916.85
P1603 0.8476334810256958 1604.27 860.75 1764.12 1015.49 1677.49 1102.05 1517.24 945.39
P1603 0.37713170051574707 390.27 1679.19 440.31 1701.97 409.12 1760.34 358.99 1736.96
P1603 0.13119164109230042 723.81 2823.40 743.78 2879.70 698.73 2898.89 679.08 2843.43
P1603 0.09939803183078766 555.26 1176.58 601.99 1238.58 512.22 1288.97 465.66 1227.54
P2489 0.2196693867444992 1108.01 543.82 1181.94 676.27 1084.24 728.32 1010.69 596.90
P2489 0.07955822348594666 1193.77 1891.91 1278.51 1891.91 1278.51 2018.72 1193.77 2018.72
P1716 0.15389466285705566 148.84 2450.50 180.91 2549.33 103.84 2572.60 72.34 2474.73
P1716 0.09213837236166 580.91 1881.96 607.20 2023.63 534.76 2036.95 509.40 1896.52
P1681 0.9936298727989197 3444.69 3544.37 3496.00 3601.86 3375.89 3711.44 3324.29 3652.08
P1681 0.8619359731674194 2485.88 1131.46 2508.93 1182.50 2418.46 1220.61 2395.11 1169.93
P1681 0.4819655120372772 940.44 4694.84 1024.00 4712.20 1009.99 4775.27 926.12 4757.18
P1681 0.405003160238266 2638.99 3857.11 2680.83 3951.09 2551.09 4002.57 2509.61 3909.26
P1681 0.2667422890663147 3958.41 2381.79 4016.37 2529.05 3890.48 2580.93 3833.33 2435.13
P1681 0.1396889090538025 3659.10 2344.36 3682.41 2458.84 3586.36 2479.58 3563.75 2367.68
P1681 0.060948655009269714 1857.09 3782.76 1889.22 3794.52 1878.43 3842.00 1846.36 3829.99
P1681 0.06029840558767319 855.29 3977.51 1024.00 3977.51 1024.00 4186.73 855.29 4186.73
P1681 0.05080002546310425 47.66 2662.97 60.69 2723.05 28.92 2733.02 16.06 2673.25
P1681 0.050696857273578644 2399.41 4698.90 2477.51 4729.38 2453.32 4784.17 2375.03 4752.55
P1626 0.09624137729406357 370.11 4407.39 402.52 4445.05 346.21 4499.08 313.61 4460.53
P1626 0.09325776994228363 1377.42 3977.66 1425.72 4094.18 1332.61 4160.32 1284.92 4046.02
P1692 0.1510220617055893 1392.15 1532.34 1413.00 1638.59 1343.89 1658.32 1323.44 1553.08
P1857 0.9984605312347412 1051.76 1677.10 1504.80 1677.10 1504.80 2459.38 1051.76 2459.38
P1857 0.6732934713363647 1514.86 2111.34 1848.00 2271.23 1692.99 2672.00 1357.91 2512.86
P1857 0.20904530584812164 587.33 824.00 1024.00 963.86 654.52 1278.68 223.32 1142.99
P1857 0.13452012836933136 1755.99 1777.22 2004.55 2018.67 1789.18 2353.68 1541.51 2121.55
P1857 0.10136726498603821 976.95 260.31 1295.48 418.64 1140.08 743.40 824.00 587.08
P1857 0.08079887926578522 319.69 233.75 1024.00 233.75 1024.00 745.20 319.69 745.20
P1857 0.059577252715826035 294.06 1942.51 802.96 2125.51 597.64 2672.00 93.33 2495.94
P1723 0.10202119499444962 3184.96 4572.92 3201.20 4665.11 3157.08 4676.61 3140.71 4584.56
P1244 0.998794674873352 3176.62 2187.88 3228.02 2410.38 3107.02 2433.94 3056.73 2212.71
P0125 0.9908828139305115 941.63 259.54 1655.71 448.85 1481.11 890.36 771.61 699.56
P0125 0.1747741550207138 336.53 1208.03 773.62 1434.42 428.61 1746.26 0.00 1531.11
P0125 0.058261945843696594 1061.65 796.00 1567.76 911.52 1222.29 1270.94 722.00 1163.42
P1657 0.9896474480628967 3699.84 3466.13 3811.46 3678.30 3708.51 3723.69 3597.14 3511.33
P1657 0.18836580216884613 3128.77 4071.34 3182.58 4273.92 3067.63 4309.08 3014.58 4107.70
P2773 0.9948514103889465 1822.90 1006.99 1847.68 1075.08 1809.22 1092.30 1785.02 1024.58
P1282 0.08405750244855881 941.62 2027.87 995.08 2156.04 889.04 2191.79 836.23 2063.97
P2208 0.15091754496097565 4335.72 801.83 4710.12 801.83 4710.12 994.99 4335.72 994.99
P2208 0.09895480424165726 4579.43 642.96 4715.08 642.96 4715.08 684.32 4579.43 684.32
P2208 0.07213864475488663 2407.69 1648.00 2622.50 1648.00 2622.50 1907.00 2407.69 1907.00
P2567 0.35937967896461487 521.68 374.53 830.67 753.84 304.29 1024.00 0.00 655.46
P2567 0.1658582240343094 287.96 0.00 569.60 161.76 278.41 474.77 0.00 311.47
P2567 0.1066877618432045 1069.41 245.45 1404.49 669.09 1082.47 970.01 748.29 547.76
P1722 0.6870808005332947 2390.25 3065.88 2428.02 3065.88 2428.02 3132.68 2390.25 3132.68
P1722 0.17832601070404053 2785.59 1813.63 2804.30 1927.62 2754.99 1940.83 2736.32 1827.20
P1722 0.15575148165225983 372.69 858.08 413.08 968.85 254.19 997.93 214.18 888.57
P1722 0.14100681245326996 2879.17 543.73 2902.37 609.23 2861.08 623.06 2837.89 557.53
P1722 0.11236288398504257 3296.22 1308.14 3314.85 1418.45 3258.17 1435.16 3239.57 1325.26
P1722 0.07450589537620544 835.38 673.58 849.26 700.75 789.97 715.68 776.14 688.62
P1180 0.9799702167510986 941.95 1792.92 985.62 1860.50 867.48 1965.48 824.00 1895.69
P1553 0.625691831111908 2437.45 3257.26 2502.45 3454.23 2242.10 3506.95 2179.18 3316.51
P1553 0.3365750312805176 3810.89 3379.40 3836.85 3503.42 3773.76 3519.27 3748.10 3395.36
P1553 0.09368249773979187 3472.69 1366.17 3496.00 1435.33 3369.71 1458.29 3346.65 1389.62
P1520 0.8487714529037476 1738.59 2376.33 1749.47 2474.79 1701.21 2483.63 1690.60 2385.77
P1520 0.320905864238739 755.00 3420.89 810.63 3441.06 791.82 3539.80 735.98 3519.32
P1520 0.23134760558605194 2070.94 937.33 2092.09 974.82 2068.32 993.29 2047.41 955.96
P1520 0.09515605121850967 1416.06 2051.05 1444.58 2051.05 1444.58 2100.41 1416.06 2100.41
P1520 0.07951337844133377 1965.84 2719.23 2041.25 2719.23 2041.25 2801.88 1965.84 2801.88
P1348 0.9817345142364502 820.31 3255.60 836.84 3302.13 745.94 3325.41 729.91 3279.45
P1348 0.30980727076530457 3501.96 563.03 3531.34 608.69 3447.61 633.84 3418.31 588.98
P1348 0.29657018184661865 151.64 2859.15 175.92 2910.92 93.86 2938.10 69.66 2887.18
P1348 0.06297750771045685 2102.78 3746.08 2150.59 3946.92 1988.73 3983.50 1941.41 3785.44
P2666 0.9224755764007568 2643.38 1658.32 2672.00 1688.16 2624.63 1737.73 2595.98 1707.70
P2666 0.23357026278972626 2872.48 1639.63 2898.90 1664.75 2881.97 1686.97 2855.63 1661.74
P1760 0.29190340638160706 686.63 3572.76 774.18 3684.65 637.34 3789.39 550.67 3677.80
P1760 0.10615089535713196 2474.19 1119.16 2561.74 1135.82 2542.53 1306.81 2454.61 1289.38
P2041 0.6363330483436584 1048.65 824.00 1422.58 1036.87 1220.66 1238.96 847.79 1023.00
P2041 0.14578644931316376 1076.90 758.55 1366.34 924.66 1157.42 1024.00 867.72 858.99
P1536 0.9933391213417053 1464.23 3496.41 1517.71 3742.85 1418.60 3765.65 1365.90 3520.18
P1536 0.38043639063835144 1844.23 4587.25 1880.14 4720.15 1788.11 4746.54 1752.65 4614.48
P1536 0.08185114711523056 2782.51 4177.51 2803.81 4277.28 2755.52 4295.01 2734.33 4195.59
P1536 0.0714959055185318 3780.28 3868.23 3788.81 3965.89 3733.06 3975.01 3724.86 3878.74
P1536 0.06318208575248718 1726.02 932.89 1739.80 981.92 1678.40 992.90 1664.79 944.45
P2688 0.07080485671758652 24.95 1251.76 56.31 1251.76 56.31 1287.89 24.95 1287.89
P2212 0.9967880249023438 836.78 579.22 999.91 579.22 999.91 950.30 836.78 950.30
P2212 0.44243714213371277 1050.32 491.51 1333.98 491.51 1333.98 1020.94 1050.32 1020.94
P2212 0.08064121007919312 151.60 659.10 370.99 659.10 370.99 917.15 151.60 917.15
P1320 0.3198978900909424 302.82 652.26 318.33 700.19 284.79 710.47 269.65 663.08
P2383 0.9986580610275269 510.55 242.96 569.22 301.11 451.87 435.09 393.57 375.81
P1922 0.994594156742096 265.56 170.22 504.82 678.14 303.60 863.64 66.62 361.26
P1922 0.30066508054733276 396.51 594.00 465.01 775.25 222.87 807.42 156.75 627.72
P1302 0.16064564883708954 431.59 2862.61 592.13 2862.61 592.13 2994.95 431.59 2994.95
P2345 0.07089046388864517 1412.10 952.16 1446.17 1020.77 1354.72 1040.52 1321.03 972.54
P2345 0.06322292983531952 1118.06 240.53 1137.37 406.94 1052.73 418.56 1033.93 253.29
P1546 0.9971951246261597 3419.06 2591.29 3437.67 2644.95 3302.07 2672.00 3283.92 2619.38
P1546 0.980964720249176 3581.30 162.67 3599.95 239.14 3547.42 255.69 3529.23 179.56
P1367 0.5718101263046265 793.39 2976.00 860.13 3006.98 783.81 3114.60 716.05 3082.16
P2524 0.27429062128067017 143.75 725.93 163.19 725.93 163.19 766.18 143.75 766.18
P2524 0.08054468035697937 30.59 735.12 51.26 735.12 51.26 778.00 30.59 778.00
P2353 0.1326906979084015 522.98 1559.93 541.74 1629.44 510.03 1640.86 491.49 1571.60
P2407 0.48222529888153076 1600.64 1450.83 1659.59 1589.28 1557.11 1623.35 1499.56 1487.49
P2407 0.1489824503660202 326.47 1770.19 347.44 1784.57 338.28 1823.31 317.44 1808.81
P1532 0.9907653331756592 1772.46 2338.03 1810.98 2443.31 1598.43 2489.16 1560.65 2384.94
P1532 0.8450009822845459 426.17 305.61 458.73 477.25 370.57 496.03 338.42 326.27
P1532 0.07234961539506912 2144.81 3639.53 2173.39 3812.14 2085.97 3826.50 2058.16 3654.66
P1532 0.0608392097055912 911.92 3653.17 928.60 3685.83 882.89 3705.04 866.44 3672.84
P2515 0.9954727292060852 396.97 697.77 499.60 697.77 499.60 895.10 396.97 895.10
P2515 0.5578573346138 402.56 824.00 497.35 824.00 497.35 882.34 402.56 882.34
P2515 0.05789468064904213 663.97 1225.58 715.91 1269.93 646.26 1334.96 594.32 1290.80
P2573 0.9127104878425598 1901.31 0.00 2142.04 625.77 1800.00 790.09 1566.52 180.75
P2573 0.19956335425376892 1716.92 0.00 1848.00 440.97 1702.41 759.69 1571.47 325.16
P2573 0.16818349063396454 1225.97 610.61 1455.10 992.96 1056.69 1299.78 833.03 922.62
P2573 0.1659190058708191 2103.31 697.38 2277.29 925.75 1921.42 1024.00 1751.29 804.94
P2573 0.10398275405168533 1175.42 213.20 1407.64 649.07 1050.97 1024.00 824.00 608.93
P1183 0.6274646520614624 845.43 2577.13 1024.00 2829.58 697.94 3325.50 520.29 3067.80
P1183 0.4065546989440918 5656.07 633.71 6238.73 633.71 6238.73 1024.00 5656.07 1024.00
P1183 0.18955102562904358 1073.01 2559.20 1219.34 2909.94 969.47 3351.67 824.00 3002.24
P1183 0.1690596640110016 5696.72 0.00 6248.18 0.00 6248.18 693.35 5696.72 693.35
P1183 0.13933606445789337 1098.51 3231.00 1408.54 3508.16 1129.70 3772.38 824.00 3492.85
P1183 0.11896254122257233 550.79 1916.12 1024.00 2255.92 557.89 2672.00 81.70 2334.73
P1183 0.09294087439775467 5594.54 824.00 6254.44 824.00 6254.44 1522.54 5594.54 1522.54
P1183 0.08256739377975464 763.81 1438.31 1024.00 1653.08 714.86 1848.00 456.19 1638.17
P0148 0.9951907396316528 319.11 430.02 483.20 430.02 483.20 743.13 319.11 743.13
P0148 0.15994185209274292 332.42 164.01 530.86 164.01 530.86 434.27 332.42 434.27
P1628 0.767363429069519 466.86 1856.93 494.17 1918.47 406.31 1952.24 379.83 1891.23
P1628 0.1535993367433548 3387.04 2787.47 3452.41 2834.02 3416.58 2876.74 3351.37 2830.18
P1592 0.9977641105651855 2562.76 145.27 2712.52 145.27 2712.52 418.16 2562.76 418.16
P1592 0.9444999098777771 605.34 3222.43 661.43 3293.53 627.86 3325.25 571.70 3252.99
P1592 0.45522263646125793 978.49 2472.00 1061.06 2472.00 1061.06 2597.09 978.49 2597.09
P1592 0.13011418282985687 1771.88 899.60 1893.03 946.29 1841.29 1059.65 1720.32 1010.92
P1592 0.118654265999794 1267.29 743.24 1341.83 912.36 1229.73 961.01 1155.57 793.89
P1592 0.08969993889331818 2529.00 0.00 2711.21 0.00 2711.21 118.95 2529.00 118.95
P1592 0.06037021428346634 2697.54 252.77 2754.42 252.77 2754.42 320.06 2697.54 320.06
P1468 0.9842756986618042 1697.82 360.62 1947.77 360.62 1947.77 1024.00 1697.82 1024.00
P1468 0.7246801853179932 1726.70 824.00 1928.09 824.00 1928.09 1063.17 1726.70 1063.17
P1468 0.47536513209342957 847.63 2733.22 1110.63 2733.22 1110.63 2999.49 847.63 2999.49
P1468 0.12104057520627975 2637.86 6765.16 2910.87 6765.16 2910.87 7047.41 2637.86 7047.41
P1468 0.10325384885072708 2633.12 6495.06 2903.37 6495.06 2903.37 6728.20 2633.12 6728.20
P1468 0.09444984048604965 771.20 7505.50 1024.00 7505.50 1024.00 7643.12 771.20 7643.12
P1468 0.0703737735748291 2125.80 1284.40 2432.91 1284.40 2432.91 1534.74 2125.80 1534.74
P1468 0.05548818036913872 659.48 2721.81 1024.00 2721.81 1024.00 3010.11 659.48 3010.11
P2486 0.9982579350471497 1194.82 719.15 1295.31 719.15 1295.31 897.04 1194.82 897.04
P2486 0.9532079100608826 1195.03 824.00 1289.68 824.00 1289.68 887.79 1195.03 887.79
P2486 0.11177454143762589 890.53 2016.49 963.74 2036.88 936.52 2134.16 863.50 2113.69
P1202 0.05678270757198334 1055.13 499.07 1092.07 545.41 1041.93 578.83 1004.98 532.88
P2473 0.1383911669254303 33.46 695.60 62.41 695.60 62.41 738.29 33.46 738.29
P2473 0.10430023074150085 114.06 124.89 132.25 155.39 106.82 172.51 88.55 141.99
P1855 0.08822115510702133 664.00 1310.74 1024.00 1548.71 748.38 1848.00 386.94 1609.79
P1855 0.0637911707162857 2603.42 824.00 2949.00 1085.30 2492.94 1384.70 2150.47 1122.24
P1261 0.9197326898574829 3889.46 755.66 3913.00 860.77 3855.15 878.88 3832.16 775.48
P1261 0.49709492921829224 1045.23 3893.50 1098.90 3969.46 1032.15 4000.00 978.68 3924.06
P1671 0.8608266711235046 2830.84 798.52 2915.45 856.45 2777.96 1012.86 2693.83 953.56
P1671 0.7549065947532654 1455.49 3679.84 1490.41 3691.02 1469.57 3761.39 1434.45 3749.54
P1671 0.19689002633094788 653.37 526.22 917.64 526.22 917.64 579.57 653.37 579.57
P1461 0.9008714556694031 1074.05 740.12 1848.00 740.12 1848.00 1024.00 1074.05 1024.00
P1461 0.8424780368804932 4944.00 3526.71 5233.24 3526.71 5233.24 4320.00 4944.00 4320.00
P1461 0.6869118213653564 4803.70 3499.14 5144.00 3499.14 5144.00 4320.00 4803.70 4320.00
P1461 0.45621028542518616 1052.83 935.43 1834.60 935.43 1834.60 1830.47 1052.83 1830.47
P1528 0.38003861904144287 3390.03 2716.07 3412.05 2866.43 3333.91 2879.50 3312.48 2730.31
P1313 0.45954185724258423 196.40 3330.66 245.19 3526.95 154.62 3550.25 106.23 3354.74
P1313 0.1884024441242218 2837.87 634.22 2926.55 634.22 2926.55 789.25 2837.87 789.25
P2461 0.9986572265625 630.34 901.89 738.28 901.89 738.28 1084.15 630.34 1084.15
P2461 0.6420411467552185 668.00 898.10 740.77 898.10 740.77 1024.00 668.00 1024.00
P2461 0.25672683119773865 537.06 993.64 627.38 993.64 627.38 1130.78 537.06 1130.78
P2461 0.07113074511289597 1020.47 879.00 1354.33 879.00 1354.33 1047.80 1020.47 1047.80
P2461 0.05304105579853058 953.93 1016.08 1397.13 1016.08 1397.13 1416.97 953.93 1416.97
P2202 0.06483257561922073 34.81 192.06 577.38 192.06 577.38 715.93 34.81 715.93
P2736 0.07802572846412659 3.47 1418.78 30.22 1418.78 30.22 1456.65 3.47 1456.65
P1544 0.19003550708293915 2137.64 223.33 2218.32 262.66 2161.21 397.92 2080.24 358.02
P1544 0.06758894771337509 3414.91 2472.00 3496.00 2502.47 3446.70 2664.01 3364.55 2631.56
P2508 0.9986496567726135 1428.16 1218.24 1532.01 1218.24 1532.01 1413.99 1428.16 1413.99
P2508 0.12198420614004135 1560.29 1278.33 1672.71 1278.33 1672.71 1423.10 1560.29 1423.10
P0165 0.15625207126140594 1801.40 1195.33 1860.58 1195.33 1860.58 1320.19 1801.40 1320.19
P0165 0.12404818087816238 1878.41 2079.29 2072.06 2079.29 2072.06 2140.21 1878.41 2140.21
P0165 0.08475413918495178 1200.75 1662.30 1797.37 1662.30 1797.37 2189.15 1200.75 2189.15
P2333 0.99505215883255 1039.83 435.61 1130.22 435.61 1130.22 599.03 1039.83 599.03
P0399 0.10204298049211502 323.99 588.34 631.54 1015.33 317.44 1425.00 14.00 1002.02
P1335 0.99454665184021 2055.30 1724.31 2082.27 1883.06 1995.00 1898.26 1968.74 1740.89
P2376 0.07121385633945465 1623.84 0.00 1848.00 184.93 1574.44 426.83 1351.59 236.82
P2376 0.06468379497528076 1995.19 7.94 2335.00 453.54 2080.74 970.29 1738.28 518.84
P1252 0.8635960221290588 3123.00 1360.71 3221.18 1398.31 3193.50 1452.06 3095.35 1413.66
P0017 0.06409511715173721 2187.23 42.22 2387.18 350.19 2162.93 569.45 1965.05 271.78
P2398 0.998577356338501 1229.49 165.78 1307.17 201.08 1232.70 357.04 1155.35 320.92
P2277 0.22003032267093658 593.91 321.26 853.35 568.13 553.60 967.14 296.10 720.78
P2723 0.9987407326698303 4160.89 1976.04 4186.92 2046.81 4149.44 2060.29 4123.85 1989.90
P2723 0.9986476302146912 3650.07 1806.72 3679.47 1806.72 3679.47 1868.22 3650.07 1868.22
P2723 0.9983574748039246 1948.04 2146.93 1976.91 2219.67 1935.99 2236.31 1907.29 2164.02
P2723 0.9981980919837952 2906.42 2035.81 2936.71 2035.81 2936.71 2092.21 2906.42 2092.21
P2723 0.997132420539856 2623.47 1072.44 2639.95 1128.96 2614.54 1138.95 2598.36 1083.00
P2723 0.9968973398208618 3077.85 699.73 3118.65 711.55 3097.76 795.12 3057.22 783.29
P2723 0.9967515468597412 1300.39 435.64 1339.95 500.29 1308.55 523.21 1269.43 458.51
P2723 0.9966877102851868 2189.40 2421.17 2210.66 2466.10 2184.91 2477.22 2164.06 2432.56
P2723 0.9946909546852112 337.50 381.53 383.16 391.30 376.63 413.23 331.00 403.24
P2723 0.9945496916770935 1910.32 1920.04 1936.12 1920.04 1936.12 1959.44 1910.32 1959.44
P2723 0.9851930141448975 2172.80 2489.39 2194.30 2533.19 2173.00 2543.06 2151.61 2499.22
P2723 0.9491143822669983 2744.53 2000.84 2764.52 2011.16 2745.79 2041.59 2725.79 2030.94
P2723 0.9135127663612366 2518.26 1758.00 2530.67 1775.37 2511.68 1792.00 2499.35 1774.47
P2723 0.265988290309906 205.62 2131.38 231.89 2131.38 231.89 2185.63 205.62 2185.63
P2723 0.23633024096488953 3874.74 1393.08 3891.51 1393.08 3891.51 1412.99 3874.74 1412.99
P2723 0.10704796016216278 441.20 675.42 463.35 694.18 454.05 705.30 432.04 686.32
P2723 0.0905151292681694 4221.51 548.99 4245.25 577.36 4229.50 589.32 4205.78 560.75
P2723 0.08924558013677597 1891.17 1924.64 1908.47 1924.64 1908.47 1965.79 1891.17 1965.79
P2723 0.07762029767036438 2629.23 2299.35 2635.69 2335.28 2617.19 2339.14 2610.88 2303.55
P2723 0.06581098586320877 971.24 257.12 979.29 271.27 965.06 287.74 957.06 273.97
P2338 0.9946624636650085 554.08 2352.94 644.22 2361.81 632.64 2502.22 542.25 2492.83
P2338 0.9875868558883667 3793.15 2711.95 3840.00 2870.06 3704.12 2962.68 3656.61 2802.61
P2338 0.9847664833068848 178.34 2834.72 241.57 2887.38 169.27 2974.95 106.05 2920.68
P2338 0.9563133120536804 2984.67 2415.55 3068.56 2544.91 2993.53 2578.93 2910.38 2448.82
P2338 0.15133163332939148 893.10 651.30 926.38 651.30 926.38 713.22 893.10 713.22
P2338 0.09779633581638336 867.10 653.03 896.75 653.03 896.75 707.99 867.10 707.99
P2338 0.056220151484012604 3712.55 2194.76 3728.67 2251.06 3694.80 2262.04 3678.71 2205.71
P1629 0.9962827563285828 2863.11 3826.94 2894.59 3880.65 2794.36 3914.50 2762.79 3861.78
P1629 0.9958833456039429 1651.52 1262.55 1758.73 1348.85 1711.46 1393.35 1604.24 1305.37
P1629 0.9942434430122375 1250.64 2582.99 1267.30 2646.45 1149.06 2666.41 1132.70 2604.04
P1629 0.9393125772476196 1676.39 1267.01 1750.45 1337.20 1721.71 1383.70 1648.00 1311.27
P1629 0.9146407246589661 1226.83 0.00 1284.33 54.61 1148.69 107.09 1092.34 51.62
P1629 0.7442854642868042 2363.32 757.33 2449.66 841.65 2394.45 882.93 2307.60 797.81
P1629 0.08506188541650772 1376.21 71.92 1422.54 106.60 1387.45 183.13 1341.02 147.48
P1862 0.12115614861249924 1027.14 1949.12 1483.91 2147.38 1298.41 2613.24 840.44 2418.44
P1862 0.0820017158985138 1879.83 1136.73 2272.82 1419.43 2040.55 1827.35 1648.00 1551.51
P1504 0.055158231407403946 694.46 2466.23 724.17 2502.86 675.51 2541.63 646.03 2505.04
P0669 0.12676438689231873 374.61 86.36 786.93 297.71 458.15 588.90 49.17 380.03
P0669 0.11814729869365692 1400.03 761.18 1723.02 1085.06 1444.09 1407.69 1126.10 1090.59
P1407 0.05320167541503906 5220.27 2411.46 5247.97 2433.65 5222.05 2475.53 5194.41 2453.04
P1442 0.9981663823127747 458.24 2206.12 819.24 2206.12 819.24 2914.72 458.24 2914.72
P1442 0.9894137382507324 176.35 133.47 509.38 133.47 509.38 743.86 176.35 743.86
P1442 0.8844232559204102 79.14 1146.85 225.21 1146.85 225.21 1494.50 79.14 1494.50
P1442 0.4754650592803955 643.00 2229.22 811.21 2229.22 811.21 2900.85 643.00 2900.85
P1442 0.42218923568725586 568.81 438.30 1024.00 438.30 1024.00 772.04 568.81 772.04
P1442 0.06913719326257706 430.32 764.34 490.53 764.34 490.53 885.85 430.32 885.85
P2525 0.9867916107177734 2294.45 982.19 2363.41 1051.73 2222.29 1175.73 2153.29 1104.57
P1667 0.9900750517845154 2827.48 3431.34 2983.01 3518.39 2937.77 3574.12 2781.95 3484.91
P1667 0.6170819401741028 3545.03 3665.25 3648.16 3712.19 3604.13 3793.54 3500.36 3745.58
P1667 0.2269905060529709 1912.36 2344.55 1955.93 2438.72 1810.10 2474.23 1766.32 2379.96
P1667 0.0658886730670929 533.41 1706.02 857.13 1706.02 857.13 1848.00 533.41 1848.00
P1731 0.9882904291152954 3922.62 242.07 3987.04 304.74 3906.02 461.72 3841.53 397.56
P1731 0.8801947236061096 85.62 2770.74 125.39 2865.87 38.85 2922.92 0.00 2829.22
P1731 0.2269667387008667 3944.19 2111.21 4000.00 2206.98 3957.90 2259.32 3901.43 2162.78
P1731 0.11730078607797623 2178.40 2709.95 2194.08 2801.29 2108.85 2816.19 2093.81 2726.78
P1731 0.055095527321100235 87.01 645.83 223.08 682.41 184.69 764.68 48.47 728.30
P2526 0.9986947178840637 594.66 1746.05 686.63 1762.96 651.34 1936.77 559.32 1919.33
P2526 0.9887385368347168 598.09 1751.96 681.99 1761.49 655.79 1848.00 571.35 1838.25
P1774 0.36170879006385803 3559.96 1714.05 3885.46 2021.56 3660.88 2584.64 3333.04 2273.14
P1774 0.07962481677532196 3805.67 1677.10 4320.00 1818.55 3942.04 2026.59 3425.13 1883.39
P1774 0.055484939366579056 4646.58 2242.25 5022.17 2465.89 4751.55 2672.00 4380.00 2454.27
P1595 0.9937095642089844 2404.67 44.61 2511.05 182.23 2449.52 241.83 2342.59 102.55
P1595 0.7247012257575989 1777.98 533.35 1848.00 686.76 1790.56 745.63 1720.31 591.60
P1595 0.513770341873169 732.75 3482.24 836.07 3535.46 793.87 3621.57 690.03 3566.84
P1595 0.4604708254337311 1802.89 521.73 1896.67 674.42 1821.54 750.83 1727.75 597.23
P1595 0.3728589415550232 662.32 2506.97 756.58 2553.08 709.68 2723.10 615.50 2677.09
P1595 0.23919007182121277 663.55 5.97 782.99 136.30 677.98 205.58 557.95 74.98
P1595 0.10969101637601852 948.44 116.30 1024.00 156.45 991.66 329.96 915.52 289.88
P1595 0.10361021012067795 1713.05 2976.00 1791.84 2997.24 1767.30 3076.86 1688.30 3055.26
P1595 0.08591851592063904 1264.63 1737.26 1350.29 1754.72 1331.79 1901.90 1246.20 1884.60
P1595 0.06326683610677719 336.50 0.00 406.48 77.37 357.40 117.88 287.85 39.95
P1595 0.05978113040328026 4045.80 3576.39 4089.75 3723.75 3978.87 3764.22 3935.42 3619.58
P1595 0.05310598388314247 2648.26 918.93 2672.00 1012.67 2588.22 1024.00 2564.84 930.82
P1595 0.052453115582466125 827.67 596.58 844.81 700.63 786.79 719.71 769.72 616.65
P2119 0.1083265095949173 1139.39 290.69 1172.79 541.50 1044.44 573.90 1012.28 326.08
P2402 0.08614416420459747 355.21 0.00 546.97 29.40 491.78 190.37 300.25 160.94
P2193 0.08412162214517593 2062.96 155.24 2095.70 177.36 2082.10 229.66 2049.68 208.14
P0048 0.05229359492659569 222.85 898.64 291.74 974.83 249.74 1012.79 181.17 936.83
P1112 0.5108922123908997 6610.08 2543.29 6792.00 2822.21 6650.88 3153.80 6467.92 2876.13
P1112 0.1291453093290329 7002.17 2531.35 7434.48 2823.53 7061.87 3156.09 6632.72 2865.00
P1112 0.06142105162143707 9118.59 3582.52 9227.52 3830.42 8899.23 3875.34 8793.26 3630.95
P1176 0.09586358070373535 5522.37 2160.71 5536.20 2160.71 5536.20 2190.68 5522.37 2190.68
P2589 0.7461084127426147 447.25 356.34 752.42 579.43 469.92 1005.10 165.42 784.71
P2589 0.10457121580839157 1102.78 734.00 1355.18 993.90 1070.37 1308.85 824.00 1052.66
P2589 0.05975102260708809 795.40 734.00 1024.00 1038.68 803.01 1301.29 571.95 1002.50
P1436 0.8212680816650391 1895.26 3560.99 2130.70 3560.99 2130.70 3691.45 1895.26 3691.45
P1436 0.16897864639759064 535.72 3054.66 667.81 3147.11 585.56 3354.67 453.43 3261.50
P0115 0.3561687767505646 631.42 679.47 737.46 829.03 454.61 981.79 349.88 833.10
P0115 0.05695780739188194 260.76 839.12 503.95 1103.52 239.37 1357.00 0.00 1102.07
P0513 0.08425292372703552 716.56 463.03 959.47 805.78 616.47 1024.00 378.15 695.12
P2434 0.9837056398391724 775.32 1662.85 949.37 1715.34 912.59 1801.98 738.51 1747.70
P2434 0.8694800734519958 852.67 1662.30 947.41 1717.23 918.46 1803.06 824.00 1745.81
P2434 0.08014069497585297 196.28 1498.65 246.09 1524.49 220.47 1587.97 170.69 1561.37
P1728 0.9920862317085266 3562.73 165.27 3689.48 301.95 3628.06 372.11 3501.33 232.84
P1728 0.9867623448371887 879.05 866.63 915.17 888.91 875.24 967.54 838.82 943.97
P1728 0.9011530876159668 3037.59 2994.82 3133.07 3110.75 3070.89 3172.60 2976.00 3055.79
P1728 0.31879401206970215 1766.18 824.00 2024.54 866.28 1953.22 961.85 1694.69 917.61
P1728 0.12210190296173096 2477.80 1807.46 2663.57 2009.71 2525.95 2091.86 2340.40 1887.77
P1728 0.09096647799015045 2542.41 1876.58 2627.95 2002.00 2557.08 2083.35 2472.00 1956.06
P1728 0.05954083800315857 1696.78 739.62 1766.39 795.90 1718.83 871.03 1648.88 815.02
P1372 0.7397965788841248 2710.96 472.14 2784.16 572.70 2602.32 709.45 2529.48 607.56
P1157 0.9651983380317688 1862.53 177.85 1892.12 227.35 1800.23 296.08 1770.99 246.26
P1157 0.8924123048782349 4762.38 257.40 4805.00 300.91 4717.88 383.30 4675.18 339.03
P1157 0.0966535434126854 6800.90 1115.00 6845.43 1150.74 6785.65 1219.70 6741.31 1183.61
P1548 0.7702704071998596 3382.41 3395.99 3405.30 3536.45 3328.67 3558.05 3306.33 3419.06
P1548 0.5232393145561218 2706.36 959.29 2729.92 1002.00 2608.58 1024.00 2585.30 982.33
P1548 0.3928391933441162 1158.89 795.26 1186.74 839.13 1140.39 872.24 1112.64 828.22
P1548 0.1707690954208374 2655.88 962.39 2672.00 1005.68 2607.96 1024.00 2591.83 981.43
P1548 0.10208262503147125 2152.04 3256.68 2171.58 3337.92 2126.19 3356.88 2107.22 3275.80
P1548 0.0991211086511612 3469.62 1916.48 3496.00 2095.35 3384.48 2125.73 3358.52 1949.23
P1548 0.06693419069051743 3644.28 1907.87 3708.10 2082.52 3416.43 2128.97 3353.36 1957.43
P2170 0.058625176548957825 491.93 166.00 697.40 166.00 697.40 361.78 491.93 361.78
P1637 0.8611829876899719 2779.23 2057.64 2835.49 2072.70 2813.80 2165.50 2757.36 2149.93
P1637 0.8146637678146362 3040.34 1954.07 3086.99 1979.38 3049.70 2049.94 3003.12 2023.58
P1637 0.7279817461967468 3406.44 1146.11 3496.00 1146.11 3496.00 1200.98 3406.44 1200.98
P1637 0.4147243797779083 3047.24 1925.55 3092.84 1948.41 3070.31 1983.91 3024.45 1960.56
P1637 0.06970557570457458 2021.34 3243.27 2101.06 3292.64 2048.73 3377.66 1969.40 3328.21
P2511 0.9960610270500183 859.20 2245.90 926.14 2300.47 802.60 2439.00 735.80 2383.25
P2511 0.9929764866828918 869.68 2254.66 917.49 2313.81 857.43 2437.18 810.00 2376.05
P1270 0.990429699420929 1517.11 1912.79 1564.24 1936.46 1513.47 2034.77 1465.93 2010.75
P1270 0.5464327931404114 3078.18 852.90 3153.10 910.92 3113.50 955.04 3038.83 895.90
P1270 0.3161238431930542 2403.75 891.29 2443.43 915.73 2400.02 988.08 2360.35 963.38
