P2391 0.3884785771369934 2222.55 1394.19 2247.49 1394.19 2247.49 1439.25 2222.55 1439.25
P2391 0.11720030754804611 2068.85 1383.38 2143.74 1383.38 2143.74 1485.79 2068.85 1485.79
P1362 0.837228536605835 822.42 1611.69 831.07 1642.42 809.39 1647.42 801.02 1617.46
P1362 0.49639782309532166 844.54 1606.49 850.79 1638.28 832.73 1641.87 826.73 1610.60
P2603 0.08864020556211472 387.61 2427.90 428.84 2488.89 391.64 2512.91 350.06 2451.33
P2806 0.998465895652771 393.48 288.04 528.02 288.04 528.02 515.64 393.48 515.64
P2806 0.9881377816200256 337.76 279.10 409.55 285.67 400.26 413.47 328.70 406.25
P2649 0.9995594620704651 1022.69 487.00 1148.96 487.00 1148.96 702.42 1022.69 702.42
P2649 0.9995212554931641 1281.06 487.00 1414.28 487.00 1414.28 698.71 1281.06 698.71
P2649 0.9994957447052002 1146.93 221.54 1271.64 221.54 1271.64 453.10 1146.93 453.10
P2649 0.9994783997535706 1279.03 221.80 1405.41 221.80 1405.41 452.82 1279.03 452.82
P2649 0.9994632601737976 1153.33 487.00 1278.34 487.00 1278.34 699.20 1153.33 699.20
P2649 0.9994612336158752 885.60 718.04 1024.00 718.04 1024.00 957.93 885.60 957.93
P2649 0.9994320273399353 1011.31 220.57 1140.57 220.57 1140.57 461.60 1011.31 461.60
P2649 0.9994111061096191 1290.29 712.24 1431.53 712.24 1431.53 943.22 1290.29 943.22
P2649 0.9993535876274109 1160.16 714.18 1288.57 714.18 1288.57 945.95 1160.16 945.95
P2649 0.9992929697036743 874.26 222.61 1007.28 222.61 1007.28 465.83 874.26 465.83
P2649 0.9992349147796631 1028.47 714.50 1158.65 714.50 1158.65 954.44 1028.47 954.44
P2649 0.9992189407348633 870.25 470.66 1019.19 470.66 1019.19 704.38 870.25 704.38
P2649 0.4749028980731964 938.89 977.93 1142.95 977.93 1142.95 1205.13 938.89 1205.13
P2649 0.0650101825594902 919.46 959.90 1024.00 959.90 1024.00 1193.01 919.46 1193.01
P2410 0.9866852760314941 243.17 559.66 276.55 559.66 276.55 613.71 243.17 613.71
P2410 0.8404527902603149 248.39 616.20 276.37 616.20 276.37 655.09 248.39 655.09
P2410 0.6889216303825378 367.79 190.52 385.32 206.98 356.95 231.22 339.42 214.43
P2410 0.5195668935775757 473.03 615.93 492.51 615.93 492.51 651.66 473.03 651.66
P2410 0.21960760653018951 473.62 544.59 496.53 544.59 496.53 589.28 473.62 589.28
P2410 0.19828833639621735 345.24 178.05 365.30 197.33 344.48 213.58 324.43 194.13
P2410 0.19082118570804596 318.88 135.65 337.71 161.11 317.77 177.44 298.87 151.59
P2410 0.15251125395298004 291.97 408.87 437.12 408.87 437.12 599.35 291.97 599.35
P2410 0.11652449518442154 506.37 547.53 528.91 547.53 528.91 587.79 506.37 587.79
P2410 0.08070029318332672 507.27 621.96 527.85 621.96 527.85 656.95 507.27 656.95
P0137 0.14955343306064606 333.90 3307.48 348.82 3313.58 343.22 3344.36 328.33 3337.95
P1233 0.9131208062171936 3378.68 978.83 3388.65 1000.80 3353.13 1012.53 3343.39 991.39
P1233 0.8724572062492371 2097.86 2667.05 2117.73 2692.15 2102.50 2706.60 2082.63 2681.43
P1233 0.6377660036087036 459.59 2984.34 481.95 3007.36 467.02 3023.82 444.65 3000.89
P1233 0.24094370007514954 2206.96 1181.00 2229.02 1196.27 2209.20 1224.98 2187.23 1209.46
P1233 0.2103179693222046 3387.36 999.63 3395.84 1014.91 3361.04 1024.00 3352.77 1009.33
P1233 0.18621957302093506 459.11 3554.76 490.30 3596.85 464.94 3613.74 433.73 3571.87
P0877 0.9901375770568848 181.98 846.93 288.92 868.30 251.60 1024.00 144.51 1002.08
P0877 0.9783660173416138 86.86 803.16 191.58 829.38 154.50 987.66 49.57 960.29
P0877 0.976077139377594 281.83 893.32 371.75 929.94 334.54 1024.00 244.79 987.33
P0877 0.9681292772293091 26.71 808.47 99.25 833.07 72.78 966.53 0.00 941.44
P1236 0.9398282170295715 1817.77 887.35 1840.28 912.42 1824.80 928.18 1802.23 902.96
P1236 0.8459706902503967 1837.16 873.73 1858.50 902.59 1841.25 917.46 1819.92 888.54
P1236 0.057530686259269714 1855.11 864.51 1870.68 887.56 1856.85 902.13 1841.31 879.20
P1378 0.13843852281570435 2559.71 3801.01 2609.82 3801.01 2609.82 3883.26 2559.71 3883.26
P1378 0.12313299626111984 979.40 2431.27 1002.72 2431.27 1002.72 2460.41 979.40 2460.41
P2360 0.1460876166820526 65.32 1279.58 98.26 1321.03 72.11 1340.52 39.14 1298.44
P2336 0.19000408053398132 634.82 968.37 658.28 968.37 658.28 1020.40 634.82 1020.40
P2336 0.12580178678035736 300.85 2866.26 339.52 2869.61 334.76 2898.36 296.09 2894.71
P1648 0.08269719779491425 3008.89 2581.13 3028.91 2599.54 3011.52 2627.83 2991.40 2609.22
P0114 0.9407214522361755 459.82 525.17 502.25 578.64 388.53 632.76 346.39 580.87
P0114 0.8908838629722595 493.90 595.78 532.22 650.55 421.29 698.25 382.89 645.55
P0114 0.1980883628129959 514.79 665.78 562.61 707.80 472.60 763.56 424.64 721.56
P0356 0.9975726008415222 479.21 74.83 520.50 252.39 408.16 278.99 368.11 106.23
P0356 0.9974652528762817 336.17 99.31 367.65 278.23 250.08 298.11 219.86 123.69
P1402 0.16266761720180511 3214.11 4221.30 3283.92 4276.62 3250.81 4338.70 3180.72 4283.28
P2292 0.09640798717737198 1170.69 492.65 1184.55 519.52 1166.41 529.99 1152.64 503.33
P2292 0.07272305339574814 1153.09 502.33 1166.14 525.83 1152.47 534.37 1139.33 510.88
P2760 0.6160473227500916 2140.39 3329.00 2168.30 3359.38 2148.47 3382.91 2120.47 3351.81
P2760 0.4280795454978943 2780.31 16.91 2802.68 37.63 2774.94 69.99 2752.37 48.45
P2760 0.28124290704727173 2164.35 3314.30 2192.68 3347.47 2171.89 3368.51 2143.54 3335.06
P2760 0.2172299176454544 3364.19 1841.49 3380.14 1869.55 3330.84 1888.65 3315.07 1861.22
P2760 0.13025502860546112 1927.95 2990.24 1957.01 3012.47 1927.75 3046.62 1898.78 3023.98
P2760 0.11292505264282227 926.92 841.11 937.14 870.10 898.18 882.55 888.27 854.38
P2782 0.9960674047470093 1888.16 334.56 2025.83 334.56 2025.83 550.06 1888.16 550.06
P2386 0.05186230316758156 2086.20 1755.95 2129.80 1775.61 2112.29 1805.55 2068.85 1785.11
P1263 0.9774991273880005 3510.56 3370.80 3536.55 3386.75 3521.84 3405.38 3495.81 3389.37
P1263 0.9671095013618469 2604.07 3494.91 2627.36 3505.72 2613.61 3541.58 2590.30 3530.41
P1263 0.9542533159255981 2577.33 3485.40 2596.31 3495.22 2583.18 3526.85 2564.08 3516.84
P0132 0.991413950920105 626.13 386.43 803.31 386.43 803.31 498.95 626.13 498.95
P0132 0.9899631142616272 855.03 274.98 1024.00 274.98 1024.00 379.87 855.03 379.87
P0132 0.9841101169586182 632.57 273.54 804.75 273.54 804.75 368.65 632.57 368.65
P0132 0.9834096431732178 850.72 397.73 1024.00 397.73 1024.00 499.07 850.72 499.07
P0132 0.9826770424842834 619.42 636.80 794.22 636.80 794.22 737.70 619.42 737.70
P0132 0.9789595007896423 838.97 634.71 1022.73 634.71 1022.73 748.03 838.97 748.03
P0132 0.9691758751869202 627.89 515.72 795.81 515.72 795.81 605.14 627.89 605.14
P0132 0.9675649404525757 850.27 522.07 1022.93 522.07 1022.93 617.90 850.27 617.90
P1379 0.9829976558685303 3579.22 3452.99 3668.31 3501.44 3594.15 3627.56 3504.72 3577.41
P1379 0.9565157890319824 3512.62 3410.17 3577.49 3450.91 3500.71 3567.30 3435.15 3525.52
P1379 0.929600179195404 3498.70 3413.05 3573.02 3433.88 3531.66 3496.00 3457.55 3473.75
P1379 0.6154155731201172 2794.65 3958.95 2863.19 3991.28 2816.95 4070.65 2748.25 4035.73
P1379 0.218979611992836 1250.02 3293.19 1338.22 3365.63 1221.43 3501.36 1133.47 3424.37
P1379 0.1765967607498169 1381.50 3945.60 1465.74 4011.43 1377.66 4123.45 1293.59 4055.39
P1379 0.08648201823234558 3587.60 3275.45 3714.18 3381.80 3645.02 3472.18 3517.29 3363.06
P1379 0.07385226339101791 1322.21 4074.54 1369.66 4103.89 1347.41 4121.69 1299.41 4091.91
P2707 0.05954402685165405 2395.27 377.34 2404.01 461.06 2354.88 469.08 2346.60 387.13
P2340 0.054334115236997604 753.07 1591.76 783.78 1609.75 769.46 1630.32 738.80 1611.66
P2652 0.9994877576828003 845.25 2469.56 970.13 2469.56 970.13 2672.00 845.25 2672.00
P2652 0.9994584918022156 715.06 2467.88 839.11 2467.88 839.11 2672.00 715.06 2672.00
P2652 0.9994404911994934 1104.55 2458.07 1225.93 2458.07 1225.93 2672.00 1104.55 2672.00
P2652 0.9994093179702759 980.19 2464.50 1100.62 2464.50 1100.62 2672.00 980.19 2672.00
P2652 0.999408483505249 1107.30 2696.01 1224.88 2696.01 1224.88 2909.35 1107.30 2909.35
P2652 0.9993485808372498 856.96 2706.49 976.16 2706.49 976.16 2921.62 856.96 2921.62
P2652 0.9993191957473755 1102.05 2225.00 1219.73 2225.00 1219.73 2439.28 1102.05 2439.28
P2652 0.9992013573646545 724.58 2710.40 849.10 2710.40 849.10 2925.13 724.58 2925.13
P2652 0.9991207718849182 970.26 2228.21 1088.76 2228.21 1088.76 2443.33 970.26 2443.33
P2652 0.9990860223770142 474.33 2466.96 595.23 2466.96 595.23 2672.00 474.33 2672.00
P2652 0.9990310668945312 835.56 2227.69 957.59 2227.69 957.59 2443.73 835.56 2443.73
P2652 0.999010443687439 479.01 2697.34 601.64 2697.34 601.64 2915.78 479.01 2915.78
P2652 0.9989200830459595 708.02 2237.82 827.52 2237.82 827.52 2442.63 708.02 2442.63
P2652 0.9988914132118225 986.23 2701.97 1098.95 2701.97 1098.95 2920.16 986.23 2920.16
P2652 0.9986892342567444 483.37 2238.47 592.84 2238.47 592.84 2443.97 483.37 2443.97
P2652 0.5073967576026917 965.00 2247.65 1024.00 2247.65 1024.00 2441.87 965.00 2441.87
P2652 0.1826368123292923 619.37 2773.12 699.67 2773.12 699.67 2904.39 619.37 2904.39
P2652 0.14052575826644897 609.88 2420.96 688.80 2420.96 688.80 2545.34 609.88 2545.34
P2652 0.1235516294836998 605.48 2252.96 687.57 2252.96 687.57 2368.80 605.48 2368.80
P2652 0.06025684252381325 609.50 2597.06 691.58 2597.06 691.58 2733.46 609.50 2733.46
P0628 0.07093293964862823 590.59 440.33 604.84 477.05 536.23 486.11 522.65 450.16
P1448 0.9995279312133789 4198.59 4656.01 4317.36 4656.01 4317.36 4871.19 4198.59 4871.19
P1448 0.9987566471099854 4322.91 4659.70 4438.61 4659.70 4438.61 4866.36 4322.91 4866.36
P1448 0.9958164095878601 167.40 4178.10 245.77 4362.02 150.67 4398.86 71.90 4215.22
P1448 0.9941357374191284 269.15 4120.69 359.36 4309.73 262.35 4342.57 172.17 4155.57
P1448 0.9936662316322327 738.43 1026.11 811.03 1095.31 673.72 1243.94 600.73 1175.93
P1448 0.9905829429626465 86.36 4233.94 139.80 4419.46 52.76 4452.11 0.00 4270.00
P1448 0.987736165523529 627.48 950.70 722.07 1038.01 587.39 1179.29 492.46 1092.69
P1448 0.9856027364730835 4077.97 4662.43 4202.33 4662.43 4202.33 4873.26 4077.97 4873.26
P1448 0.9827631711959839 3947.53 4654.00 4076.75 4654.00 4076.75 4866.75 3947.53 4866.75
P1448 0.9786969423294067 928.38 1173.53 1024.00 1263.59 900.37 1402.52 804.54 1312.56
P1448 0.9737598299980164 5830.82 4024.52 6019.80 4024.52 6019.80 4135.60 5830.82 4135.60
P1448 0.973699688911438 5829.57 4137.52 6023.36 4137.52 6023.36 4250.65 5829.57 4250.65
P1448 0.969520092010498 1025.77 1236.16 1108.92 1329.52 995.25 1473.56 911.95 1381.20
P1448 0.9325404763221741 846.16 1103.62 916.68 1180.51 802.66 1323.38 732.43 1246.46
P1448 0.899897038936615 1137.76 1324.70 1218.87 1404.36 1082.32 1529.47 1000.90 1450.41
P1448 0.8632485270500183 896.05 1434.90 989.21 1532.18 881.20 1652.90 788.35 1556.14
P1448 0.6237738132476807 6111.98 2074.42 6190.79 2074.42 6190.79 2121.10 6111.98 2121.10
P1448 0.5051793456077576 995.66 1512.74 1078.64 1602.88 965.67 1702.74 883.23 1613.11
P1448 0.49597102403640747 557.11 1175.70 692.07 1288.89 585.26 1406.92 450.19 1292.46
P1448 0.3351084291934967 5827.58 4253.16 6033.41 4253.16 6033.41 4385.29 5827.58 4385.29
P1448 0.27729594707489014 714.88 1291.47 781.72 1364.60 677.45 1479.10 610.53 1408.04
P1448 0.125931516289711 6109.07 2117.52 6192.08 2117.52 6192.08 2158.38 6109.07 2158.38
P1448 0.10608648508787155 1296.18 1741.89 1396.35 1804.15 1287.64 1933.22 1187.33 1870.35
P1448 0.10453470051288605 805.59 1342.83 906.33 1453.96 791.16 1586.76 690.70 1475.08
P1448 0.0895606204867363 5195.58 4676.30 5285.53 4676.30 5285.53 4809.52 5195.58 4809.52
P1448 0.08912438899278641 5484.19 4675.67 5744.50 4675.67 5744.50 4775.29 5484.19 4775.29
P1448 0.08586922287940979 2368.44 2110.81 2481.58 2110.81 2481.58 2266.72 2368.44 2266.72
P1448 0.07109933346509933 1324.40 1748.21 1392.54 1789.03 1305.00 1848.00 1237.19 1808.50
P1448 0.0637892484664917 2455.51 2386.71 2545.08 2488.40 2465.94 2576.27 2376.46 2474.66
P1448 0.056867290288209915 5006.25 3361.59 5144.00 3361.59 5144.00 3496.00 5006.25 3496.00
P1448 0.056064803153276443 1402.95 1825.09 1484.15 1896.66 1397.20 1995.76 1315.81 1923.85
P1448 0.05493350327014923 4985.28 4671.04 5067.77 4671.04 5067.77 4812.94 4985.28 4812.94
P1448 0.05239583179354668 4661.10 4660.00 4775.33 4660.00 4775.33 4816.46 4661.10 4816.46
P2172 0.05209939554333687 476.59 621.32 499.38 633.92 487.16 661.21 464.45 648.05
P1248 0.9942265748977661 2938.16 3609.40 2947.75 3647.28 2926.37 3652.53 2916.97 3615.40
P1248 0.983234167098999 2962.06 3602.15 2969.91 3640.40 2949.35 3645.31 2941.75 3607.74
P1248 0.9786579608917236 943.92 3620.91 965.11 3620.91 965.11 3655.68 943.92 3655.68
P1248 0.9608477354049683 983.74 3662.88 1002.84 3662.88 1002.84 3699.06 983.74 3699.06
P1248 0.9545823335647583 985.62 3621.15 1005.34 3621.15 1005.34 3661.81 985.62 3661.81
P1248 0.938165545463562 942.41 3662.96 963.52 3662.96 963.52 3697.58 942.41 3697.58
P1248 0.9353212118148804 3754.34 2762.50 3761.25 2799.70 3740.27 2804.65 3733.53 2768.30
P1248 0.9349449872970581 961.88 3664.25 983.10 3664.25 983.10 3697.86 961.88 3697.86
P1248 0.9311737418174744 965.26 3621.45 985.23 3621.45 985.23 3657.26 965.26 3657.26
P1248 0.8908891677856445 3499.76 889.16 3505.62 925.60 3484.30 929.60 3478.70 893.82
P1248 0.8899326324462891 2820.03 2666.90 2826.76 2700.43 2809.89 2705.96 2803.30 2673.27
P1248 0.7841365933418274 3776.57 2761.59 3781.71 2794.46 3762.10 2798.15 3757.15 2765.86
P1248 0.544575572013855 3799.58 3215.30 3806.79 3238.33 3766.63 3242.48 3759.74 3220.27
P1248 0.4398156404495239 2816.54 2624.04 2821.72 2657.44 2803.42 2662.23 2798.47 2630.01
P1248 0.13550488650798798 2811.46 2592.49 2817.08 2624.19 2797.10 2627.60 2791.65 2596.64
P1248 0.055025365203619 2405.68 2762.38 2412.03 2794.09 2394.89 2800.03 2388.78 2769.04
P1206 0.6576701402664185 2989.43 883.93 2999.11 917.50 2982.25 923.83 2972.75 890.68
P1447 0.9974004030227661 434.42 1372.00 491.23 1372.00 491.23 1471.36 434.42 1471.36
P1447 0.996231734752655 425.04 1253.25 480.66 1253.25 480.66 1357.15 425.04 1357.15
P1447 0.9890032410621643 419.36 1138.31 476.97 1138.31 476.97 1238.41 419.36 1238.41
P1447 0.9593315720558167 390.10 2130.25 449.80 2130.25 449.80 2238.41 390.10 2238.41
P1447 0.2757123112678528 770.56 1155.87 807.62 1155.87 807.62 1240.18 770.56 1240.18
P1447 0.2687808871269226 832.29 1154.86 870.31 1154.86 870.31 1242.40 832.29 1242.40
P1447 0.23156066238880157 703.03 1020.04 742.65 1020.04 742.65 1104.31 703.03 1104.31
P1447 0.15329106152057648 457.58 2141.32 514.23 2141.32 514.23 2235.35 457.58 2235.35
P1447 0.1359930783510208 566.05 1015.89 615.82 1015.89 615.82 1104.49 566.05 1104.49
P1447 0.08459117263555527 704.06 1152.05 746.07 1152.05 746.07 1245.73 704.06 1245.73
P1447 0.06199352815747261 498.94 1150.91 538.81 1150.91 538.81 1234.43 498.94 1234.43
P1381 0.08428607881069183 1335.50 3730.30 1377.62 3790.20 1308.69 3827.12 1266.75 3767.19
P1381 0.06270632892847061 629.76 103.63 663.35 277.57 520.93 303.53 488.09 133.73
P1381 0.05916767567396164 2542.30 4268.00 2641.67 4449.59 2509.67 4497.12 2411.10 4317.78
P0107 0.9833031296730042 671.60 31.60 695.05 273.11 574.39 292.07 552.28 55.74
P2147 0.9959036707878113 109.73 301.97 175.40 307.49 166.38 410.04 100.95 403.98
P2147 0.992861807346344 239.28 315.41 307.80 315.41 307.80 426.04 239.28 426.04
P2147 0.9897953867912292 177.28 309.66 243.37 315.66 234.73 415.59 168.91 409.05
P0351 0.9925422668457031 139.74 653.97 324.51 714.66 291.36 820.49 106.63 759.04
P0351 0.9813693761825562 177.06 523.04 365.10 583.30 329.94 700.05 141.70 636.98
P0135 0.3503170609474182 1626.11 1533.29 1709.96 1714.78 1594.43 1768.67 1510.90 1590.04
P1334 0.8130162358283997 1199.22 2371.90 1205.64 2410.61 1178.07 2416.81 1171.90 2379.17
P1334 0.7111673355102539 1175.03 2376.06 1182.38 2416.42 1163.35 2423.49 1156.20 2383.99
P1334 0.07448475807905197 1198.39 2411.03 1206.01 2440.20 1181.53 2446.49 1174.22 2418.20
P2658 0.9995092153549194 458.32 1126.93 600.70 1126.93 600.70 1338.04 458.32 1338.04
P2658 0.9992814660072327 478.73 899.50 620.88 899.50 620.88 1105.69 478.73 1105.69
P2658 0.9992733597755432 638.79 686.72 779.93 686.72 779.93 908.02 638.79 908.02
P2658 0.9992262125015259 611.20 1146.67 738.73 1146.67 738.73 1363.44 611.20 1363.44
P2658 0.9990631937980652 820.99 245.57 935.16 245.57 935.16 458.33 820.99 458.33
P2658 0.9990278482437134 661.06 460.77 801.48 460.77 801.48 679.30 661.06 679.30
P2658 0.9990264177322388 547.09 210.04 684.14 210.04 684.14 434.53 547.09 434.53
P2658 0.9989711046218872 498.05 670.71 642.10 670.71 642.10 886.29 498.05 886.29
P2658 0.9989700317382812 621.94 919.48 758.10 919.48 758.10 1129.03 621.94 1129.03
P2658 0.9989294409751892 526.21 443.84 666.52 443.84 666.52 652.30 526.21 652.30
P2658 0.9988937973976135 778.30 699.03 902.79 699.03 902.79 926.43 778.30 926.43
P2658 0.9988275170326233 679.67 224.96 813.74 224.96 813.74 449.07 679.67 449.07
P2658 0.9985939860343933 799.59 477.22 924.24 477.22 924.24 693.67 799.59 693.67
P2658 0.9983565211296082 416.58 430.00 532.47 447.66 504.10 638.51 389.28 620.22
P2658 0.9982870221138 360.77 651.56 505.90 651.56 505.90 853.98 360.77 853.98
P2658 0.9979214072227478 419.73 204.09 558.11 204.09 558.11 414.80 419.73 414.80
P2658 0.9971457123756409 744.14 1172.26 856.21 1172.26 856.21 1373.05 744.14 1373.05
P2658 0.9946810603141785 322.96 1113.50 461.15 1113.50 461.15 1309.80 322.96 1309.80
P2658 0.992369532585144 343.98 873.65 478.38 873.65 478.38 1094.46 343.98 1094.46
P2658 0.9220190644264221 627.82 921.53 758.69 921.53 758.69 1024.00 627.82 1024.00
P2658 0.8484481573104858 780.95 824.00 889.62 824.00 889.62 913.20 780.95 913.20
P2658 0.25991085171699524 298.12 1338.46 391.89 1338.46 391.89 1489.17 298.12 1489.17
P2658 0.06047284975647926 389.99 1354.65 490.73 1354.65 490.73 1498.69 389.99 1498.69
P0197 0.9985877275466919 731.46 469.37 853.46 469.37 853.46 686.73 731.46 686.73
P0197 0.9983874559402466 987.70 210.12 1104.44 210.12 1104.44 429.49 987.70 429.49
P0197 0.9982073307037354 863.84 209.11 982.01 209.11 982.01 428.66 863.84 428.66
P0197 0.07419279217720032 739.05 227.20 840.46 227.20 840.46 424.55 739.05 424.55
P2564 0.05758862569928169 828.39 628.42 863.46 664.79 780.10 699.82 745.23 664.64
P1280 0.07922989130020142 3456.52 2364.21 3496.00 2427.92 3406.63 2477.39 3367.31 2415.38
P2165 0.22157730162143707 1181.54 629.54 1238.78 629.54 1238.78 714.19 1181.54 714.19
P2165 0.13380546867847443 1240.00 647.56 1287.55 647.56 1287.55 745.74 1240.00 745.74
P1237 0.9912223815917969 2014.59 3390.03 2034.15 3394.73 2028.73 3432.71 2009.28 3427.82
P1237 0.986912727355957 3531.46 2016.26 3546.36 2029.19 3524.33 2054.43 3509.33 2041.61
P1237 0.950615406036377 3135.78 973.95 3155.09 980.85 3145.95 1013.36 3126.67 1006.28
P1237 0.9447799921035767 3550.61 2030.59 3565.65 2044.23 3542.66 2071.64 3527.53 2058.05
P1237 0.16808152198791504 3968.03 3453.80 3993.47 3453.80 3993.47 3494.23 3968.03 3494.23
P1237 0.09261001646518707 3510.20 2050.23 3530.39 2064.87 3517.97 2081.23 3497.74 2066.40
P1237 0.06779918074607849 3113.38 966.43 3138.23 972.89 3130.26 1009.87 3105.54 1003.08
P1237 0.05068415030837059 3154.08 978.22 3167.92 985.06 3156.50 1014.56 3142.79 1007.65
P1576 0.05724918842315674 3092.71 3760.21 3100.41 3807.77 3077.83 3814.54 3070.37 3767.85
P1655 0.2905888259410858 850.41 897.63 859.44 936.20 837.68 943.31 828.85 905.52
P2120 0.9888362288475037 862.07 785.68 947.67 848.44 901.00 904.62 815.94 840.97
P0657 0.9989585876464844 85.81 313.62 213.40 328.26 190.44 495.94 63.24 480.55
P0657 0.9986761212348938 108.04 135.38 237.63 147.25 216.24 320.18 87.10 307.54
P2195 0.9992358684539795 1137.06 330.00 1192.34 330.00 1192.34 425.22 1137.06 425.22
P2195 0.998608410358429 1140.16 237.27 1193.02 237.27 1193.02 324.31 1140.16 324.31
P2195 0.9963334798812866 1074.14 233.92 1129.64 233.92 1129.64 328.78 1074.14 328.78
P2195 0.937874436378479 1071.88 331.38 1128.87 331.38 1128.87 421.34 1071.88 421.34
P2195 0.9091267585754395 1199.00 332.46 1264.87 332.46 1264.87 432.87 1199.00 432.87
P2195 0.11282667517662048 83.13 1765.67 231.40 1765.67 231.40 1848.00 83.13 1848.00
P2195 0.09849455952644348 87.56 1764.87 240.33 1764.87 240.33 1961.14 87.56 1961.14
P0462 0.9983307719230652 540.98 795.30 564.90 922.31 373.21 942.39 350.81 821.13
P2654 0.9996127486228943 1062.07 2390.89 1173.99 2390.89 1173.99 2599.12 1062.07 2599.12
P2654 0.9995504021644592 1178.53 2391.43 1294.17 2391.43 1294.17 2604.32 1178.53 2604.32
P2654 0.9994875192642212 1068.19 2856.16 1185.58 2856.16 1185.58 3074.58 1068.19 3074.58
P2654 0.9994499087333679 940.99 2386.11 1057.77 2386.11 1057.77 2601.92 940.99 2601.92
P2654 0.9994101524353027 1057.69 2609.15 1174.89 2609.15 1174.89 2826.11 1057.69 2826.11
P2654 0.9993031024932861 936.35 2604.58 1057.47 2604.58 1057.47 2826.32 936.35 2826.32
P2654 0.99928879737854 1188.96 2861.87 1311.28 2861.87 1311.28 3084.17 1188.96 3084.17
P2654 0.9991781115531921 1175.08 2610.25 1298.40 2610.25 1298.40 2832.07 1175.08 2832.07
P2654 0.9991759657859802 945.83 2854.41 1062.01 2854.41 1062.01 3068.11 945.83 3068.11
P2654 0.6999288201332092 1443.93 1302.52 1616.05 1302.52 1616.05 1590.17 1443.93 1590.17
P2654 0.6898462772369385 1610.22 1296.07 1792.10 1296.07 1792.10 1589.24 1610.22 1589.24
P2654 0.5196340680122375 1783.78 1297.21 1957.65 1297.21 1957.65 1587.73 1783.78 1587.73
P2588 0.6160240769386292 541.94 396.61 629.76 453.51 585.40 504.56 497.12 446.82
P2588 0.439178466796875 503.94 454.15 585.81 510.51 545.38 559.01 463.26 501.82
P0640 0.9736118912696838 531.54 677.84 708.89 773.55 663.08 889.28 485.93 790.59
P0640 0.9548134207725525 653.31 487.12 842.72 607.21 789.54 708.88 599.67 585.30
P0640 0.17543341219425201 610.63 597.94 737.71 685.33 688.65 760.93 561.06 670.65
P2361 0.9579324722290039 585.69 1873.44 605.99 1889.39 579.85 1923.79 559.48 1907.49
P0230 0.9970219731330872 1492.28 50.19 1529.32 269.66 1389.81 291.81 1354.27 77.26
P2647 0.3095132112503052 304.29 824.00 438.71 824.00 438.71 962.92 304.29 962.92
P2647 0.07026152312755585 1932.80 2193.95 2052.00 2193.95 2052.00 2302.19 1932.80 2302.19
P2715 0.6285966634750366 3402.81 41.59 3427.63 41.59 3427.63 66.92 3402.81 66.92
P1363 0.2764694392681122 4818.38 3033.90 4833.66 3079.95 4784.67 3093.74 4769.68 3048.90
P1363 0.10258074104785919 4809.83 2985.33 4824.84 3030.34 4777.16 3044.29 4762.50 3000.40
P1363 0.080088309943676 880.17 68.22 915.60 68.22 915.60 96.06 880.17 96.06
P2737 0.4916831851005554 848.04 1254.81 859.40 1273.72 836.94 1286.40 825.62 1267.69
P2737 0.46614569425582886 3168.82 2565.41 3177.72 2615.58 3157.49 2620.68 3148.74 2571.04
P2737 0.41526511311531067 1256.38 609.45 1273.14 632.42 1246.52 652.34 1229.69 629.05
P2737 0.29761743545532227 1272.65 637.48 1293.55 668.24 1270.23 684.53 1249.28 653.23
P2737 0.28958848118782043 898.79 1043.60 908.80 1056.47 885.65 1066.86 875.70 1054.04
P2737 0.14546865224838257 2941.53 889.00 2955.51 896.72 2947.11 928.64 2933.14 920.85
P2737 0.09943844377994537 2587.39 1840.72 2616.95 1861.48 2601.25 1884.28 2571.66 1862.97
P2737 0.09636825323104858 3263.34 2193.86 3297.77 2209.76 3285.87 2248.98 3251.67 2232.37
P2737 0.08071085065603256 2635.59 1854.03 2665.54 1865.59 2646.23 1912.77 2616.28 1900.37
P2737 0.06312965601682663 1413.06 197.72 1432.96 220.04 1405.16 246.05 1385.37 223.62
P2737 0.05315621569752693 845.86 1143.17 857.72 1166.49 845.90 1174.87 833.95 1151.47
P1188 0.9983760118484497 533.08 608.40 665.28 608.40 665.28 831.50 533.08 831.50
P1188 0.9981006979942322 411.61 613.75 541.20 613.75 541.20 836.33 411.61 836.33
P1422 0.9976456761360168 3392.83 1462.67 3496.00 1635.47 3430.32 1699.95 3326.78 1527.64
P1422 0.9927177429199219 3719.42 1239.50 3836.97 1417.11 3751.28 1465.80 3633.48 1287.21
P1422 0.99189692735672 3282.42 1551.11 3421.50 1720.70 3347.84 1775.09 3208.21 1605.71
P1422 0.9916906356811523 3524.12 1395.29 3629.01 1563.20 3529.93 1620.29 3424.44 1452.55
P1422 0.9903020262718201 3353.10 1557.60 3423.34 1731.52 3364.95 1780.24 3296.00 1608.58
P1422 0.9888595342636108 3601.58 1323.37 3734.88 1485.16 3663.24 1534.12 3529.34 1372.87
P1422 0.9322192072868347 3312.98 1648.00 3415.56 1748.32 3322.81 1778.88 3219.22 1677.72
P1422 0.9270879626274109 5280.78 126.55 5348.49 293.08 5224.03 342.93 5156.93 178.70
P1422 0.8682562112808228 5293.46 3831.65 5370.63 3932.04 5206.18 4038.50 5128.56 3939.92
P1422 0.4568033218383789 3374.64 1648.00 3429.48 1740.65 3350.56 1775.27 3296.00 1683.52
P1422 0.3596305251121521 1766.26 425.04 1813.07 604.64 1693.12 643.85 1648.00 468.66
P0394 0.9954245686531067 1660.93 184.90 1749.70 369.17 1643.36 409.77 1554.54 227.25
P0394 0.9899405837059021 1583.76 23.84 1663.54 156.74 1564.15 205.25 1484.65 74.04
P0394 0.11916837096214294 1295.01 184.11 1437.89 490.89 1237.68 553.90 1095.77 246.56
P2174 0.7350150942802429 775.31 602.00 827.53 602.00 827.53 654.03 775.31 654.03
P2174 0.33350810408592224 185.08 431.41 189.29 468.61 172.52 473.55 168.48 437.32
P2174 0.28070589900016785 137.62 434.48 159.94 434.48 159.94 479.23 137.62 479.23
P2174 0.18246786296367645 559.56 748.69 592.86 748.69 592.86 789.72 559.56 789.72
P2174 0.1336730271577835 556.43 859.17 588.58 859.17 588.58 911.74 556.43 911.74
P2174 0.11380725353956223 835.24 604.48 865.01 604.48 865.01 653.95 835.24 653.95
P2174 0.10225042700767517 776.71 451.38 876.90 451.38 876.90 510.82 776.71 510.82
P2174 0.07399829477071762 782.99 458.64 814.22 458.64 814.22 507.52 782.99 507.52
P2341 0.9473634958267212 620.68 285.74 658.12 310.60 627.08 351.30 589.62 325.61
P2341 0.9286780953407288 576.73 256.36 615.68 279.25 585.18 318.48 545.94 295.17
P2341 0.2680138051509857 605.91 277.52 626.57 293.91 611.49 314.32 590.79 298.01
P2341 0.17248214781284332 1468.33 1461.67 1491.52 1461.67 1491.52 1516.57 1468.33 1516.57
P1123 0.1780969351530075 5838.59 1218.93 5867.99 1336.69 5755.60 1352.74 5726.98 1236.87
P0674 0.9923829436302185 259.09 372.25 425.84 441.59 371.09 530.44 204.76 461.02
P0674 0.9899877905845642 349.84 141.54 506.32 211.87 459.51 303.79 302.95 233.12
P0674 0.9809653162956238 303.07 253.72 464.02 325.26 417.47 417.03 256.39 344.63
P0674 0.9710466861724854 388.27 32.51 557.21 94.09 510.39 193.47 340.99 128.69
P0155 0.9986467957496643 692.50 607.82 733.57 681.94 686.61 708.77 645.71 635.28
P0155 0.9982998967170715 649.87 524.70 691.93 602.54 648.76 629.67 607.06 552.80
P0155 0.9974721074104309 703.30 497.95 745.12 575.37 700.90 604.68 659.37 528.21
P0155 0.9963802695274353 750.71 580.93 787.34 663.38 739.03 690.39 702.68 608.57
P0155 0.9963423609733582 797.45 561.44 833.49 622.00 790.98 649.36 755.16 589.20
P0155 0.9953773021697998 604.71 437.31 652.16 505.20 611.91 536.50 564.77 468.80
P0155 0.9951856732368469 754.85 473.89 799.46 548.17 756.53 574.31 711.98 499.79
P0155 0.44938135147094727 729.26 396.09 764.75 466.71 715.82 493.98 680.16 424.72
P0155 0.32238513231277466 681.58 421.25 714.63 477.82 681.32 504.22 648.57 448.27
P0155 0.16179701685905457 778.97 398.80 798.07 446.15 766.19 460.36 747.24 413.49
P0155 0.05339193716645241 1011.12 355.58 1040.29 395.70 992.92 423.87 964.19 384.16
P2024 0.23243820667266846 244.29 3992.21 319.10 4031.62 273.78 4092.17 199.56 4053.38
P1355 0.19124269485473633 3885.36 2968.83 3889.85 3009.00 3866.15 3012.25 3861.91 2973.06
P2648 0.9995405673980713 1563.30 1081.27 1687.92 1081.27 1687.92 1311.34 1563.30 1311.34
P2648 0.999523401260376 1557.29 839.19 1679.94 839.19 1679.94 1071.11 1557.29 1071.11
P2648 0.999518632888794 1547.79 594.05 1672.56 594.05 1672.56 832.15 1547.79 832.15
P2648 0.9995105266571045 1432.36 842.04 1558.98 842.04 1558.98 1078.09 1432.36 1078.09
P2648 0.9994933605194092 1533.90 353.50 1663.25 353.50 1663.25 589.19 1533.90 589.19
P2648 0.9994539618492126 1680.17 835.87 1809.34 835.87 1809.34 1068.70 1680.17 1068.70
P2648 0.9994509816169739 1566.79 1322.29 1697.83 1322.29 1697.83 1551.66 1566.79 1551.66
P2648 0.9994070529937744 1437.70 1085.59 1562.13 1085.59 1562.13 1321.79 1437.70 1321.79
P2648 0.9992796778678894 1670.60 603.06 1797.78 603.06 1797.78 819.35 1670.60 819.35
P2648 0.999248206615448 1408.88 357.84 1538.59 357.84 1538.59 598.69 1408.88 598.69
P2648 0.999153733253479 1423.62 597.18 1546.98 597.18 1546.98 835.71 1423.62 835.71
P2648 0.9990830421447754 1445.37 1328.05 1568.60 1328.05 1568.60 1551.82 1445.37 1551.82
P2648 0.9955465793609619 1659.39 358.80 1773.21 358.80 1773.21 581.18 1659.39 581.18
P2648 0.9941178560256958 1686.68 1082.70 1801.88 1082.70 1801.88 1304.96 1686.68 1304.96
P2648 0.9901074171066284 1695.80 1320.33 1813.86 1320.33 1813.86 1528.29 1695.80 1528.29
P2425 0.6175497174263 321.96 684.23 379.75 691.41 373.71 746.14 316.12 738.16
P1290 0.18264886736869812 1685.60 2606.81 1714.28 2629.33 1696.88 2648.90 1668.10 2626.13
P0842 0.22687670588493347 1656.48 159.40 1673.02 167.36 1659.28 194.72 1642.60 186.43
P1772 0.07461372017860413 2060.22 3746.79 2193.97 3938.45 2093.86 4020.80 1960.68 3827.04
P2161 0.06891898065805435 849.53 1588.79 862.17 1621.15 820.69 1633.15 808.26 1601.47
P0671 0.9753661155700684 704.18 53.09 875.76 125.39 831.02 236.26 659.31 161.11
P0671 0.6797886490821838 776.53 0.00 928.57 62.11 860.90 118.51 707.95 55.01
P0671 0.5962271094322205 669.39 177.12 835.44 231.41 790.29 352.86 624.13 295.98
P0880 0.998801589012146 404.51 398.69 529.69 398.69 529.69 614.45 404.51 614.45
P0880 0.9986369013786316 544.01 394.19 669.03 394.19 669.03 617.08 544.01 617.08
P0880 0.9930402040481567 288.78 409.37 382.97 409.37 382.97 567.98 288.78 567.98
P0880 0.97202467918396 684.37 402.22 802.14 402.22 802.14 615.26 684.37 615.26
P0880 0.27515414357185364 1313.33 1363.58 1422.10 1619.27 1285.90 1672.63 1177.12 1417.01
P0880 0.1541951447725296 1884.41 1147.73 1992.11 1372.73 1870.79 1450.83 1763.45 1225.60
P1383 0.09732582420110703 415.12 544.42 435.04 570.09 409.09 592.52 389.19 566.05
P1383 0.09066715091466904 390.09 2022.97 411.49 2057.86 375.80 2082.58 354.54 2047.92
P1383 0.07211866229772568 909.29 2710.56 932.57 2730.48 905.28 2748.24 882.10 2728.35
P1383 0.050597935914993286 2104.99 1283.30 2120.64 1320.34 2101.17 1332.18 2085.47 1294.91
P0051 0.9702759385108948 1400.61 1099.87 1444.98 1180.40 1314.33 1226.64 1270.67 1147.94
P0051 0.9054020643234253 1248.04 1154.59 1296.71 1234.89 1174.04 1280.55 1125.93 1201.64
P0051 0.8179033994674683 656.64 2732.68 701.83 2878.53 604.14 2897.96 559.72 2753.56
P0051 0.7799153327941895 609.55 2588.36 647.08 2731.92 549.11 2759.67 512.32 2618.74
P0051 0.5106313228607178 3878.18 2946.20 3927.18 3101.54 3835.03 3120.92 3786.73 2966.36
P0051 0.19044536352157593 592.33 2589.20 625.65 2653.68 551.43 2672.00 519.11 2608.21
P0051 0.08339347690343857 3070.43 2338.94 3178.19 2552.49 3073.88 2598.59 2965.73 2384.80
P0051 0.06868093460798264 2432.92 3543.67 2470.23 3576.99 2406.23 3613.37 2368.54 3580.30
P0051 0.055742066353559494 2388.90 3384.81 2411.80 3431.63 2334.87 3453.67 2312.74 3407.92
P0051 0.050369665026664734 2327.30 4434.17 2361.15 4511.36 2312.29 4540.26 2278.95 4464.12
P0051 0.05003225803375244 2502.39 1030.08 2522.00 1073.48 2491.35 1092.89 2472.00 1050.33
P2684 0.2098994106054306 2498.02 1365.90 2544.61 1636.51 2391.52 1675.06 2346.19 1408.62
P2684 0.12264424562454224 2857.47 447.37 2883.76 579.87 2753.67 597.53 2728.75 467.73
P1936 0.9975453019142151 270.94 684.59 314.31 766.63 266.42 794.69 223.20 713.89
P1936 0.997531533241272 395.00 637.31 435.28 720.44 387.96 743.58 347.77 661.83
P1936 0.9972490668296814 334.61 657.22 374.68 744.79 324.21 770.66 284.34 684.64
P1936 0.9971586465835571 456.27 610.75 502.58 692.07 452.01 721.93 405.91 641.79
P1590 0.0513947568833828 3747.19 2420.22 3769.10 2445.72 3752.42 2468.38 3730.54 2442.83
P0681 0.48509684205055237 442.51 628.25 508.92 720.95 373.63 813.88 307.24 723.02
P1767 0.0788385197520256 2559.07 2976.00 2572.13 3012.35 2547.99 3019.36 2535.19 2983.58
P2752 0.996921181678772 839.99 1078.82 904.91 1078.82 904.91 1174.84 839.99 1174.84
P2752 0.9966315627098083 2282.74 925.15 2344.57 925.15 2344.57 1024.00 2282.74 1024.00
P2752 0.9959868788719177 2209.18 932.42 2268.68 932.42 2268.68 1027.90 2209.18 1027.90
P2752 0.9915771484375 2137.94 939.88 2191.19 939.88 2191.19 1025.93 2137.94 1025.93
P2752 0.9588249325752258 849.97 1199.89 908.48 1199.89 908.48 1284.80 849.97 1284.80
P2752 0.6491345167160034 2372.01 938.83 2403.95 938.83 2403.95 1000.78 2372.01 1000.78
P2752 0.6257808804512024 2046.02 910.29 2133.59 910.29 2133.59 1018.17 2046.02 1018.17
P2752 0.5504212379455566 2572.47 156.39 2619.25 207.26 2582.22 242.46 2535.33 190.56
P2752 0.5179267525672913 2427.16 924.03 2463.14 924.03 2463.14 993.87 2427.16 993.87
P2752 0.061011746525764465 1961.10 893.07 2007.73 893.07 2007.73 959.46 1961.10 959.46
P2752 0.05954122543334961 2477.15 915.37 2514.16 915.37 2514.16 993.55 2477.15 993.55
P1271 0.9918696880340576 5181.35 3558.87 5187.19 3597.01 5169.16 3601.57 5163.51 3564.39
P1271 0.9877938628196716 5158.99 3563.61 5165.51 3600.09 5146.73 3604.86 5140.43 3569.27
P1271 0.9656580686569214 5189.11 3281.21 5194.41 3323.19 5174.31 3326.92 5169.21 3285.83
P1271 0.9609734416007996 5147.10 3283.50 5170.19 3283.50 5170.19 3327.86 5147.10 3327.86
P1271 0.9415654540061951 5143.89 3286.18 5148.99 3324.68 5130.37 3329.09 5125.50 3291.65
P1271 0.8348135948181152 5120.72 3292.64 5128.03 3326.41 5110.80 3332.50 5103.69 3299.82
P1271 0.6600981950759888 5195.98 3554.53 5200.00 3591.85 5187.27 3598.08 5183.39 3561.73
P1229 0.480162650346756 3929.50 2372.27 3937.27 2409.64 3919.12 2414.58 3911.47 2377.62
P1229 0.36125293374061584 2345.81 2306.64 2355.21 2321.87 2331.79 2333.60 2322.52 2318.58
P1229 0.35624006390571594 2331.99 2284.15 2342.50 2299.21 2317.47 2312.13 2306.91 2297.39
P1229 0.20644733309745789 3921.35 2328.10 3927.17 2363.95 3909.20 2367.68 3903.56 2332.30
P1229 0.18252582848072052 3305.20 2619.54 3316.02 2640.37 3289.27 2650.74 3278.68 2630.57
P2694 0.5206483006477356 103.93 1689.25 123.97 1705.36 99.81 1734.23 79.57 1717.72
P2694 0.4234248399734497 73.27 1665.88 111.53 1690.47 85.02 1724.11 46.54 1698.88
P2694 0.23721827566623688 753.40 977.89 775.47 994.37 748.93 1027.38 726.84 1010.39
P2694 0.08429494500160217 69.74 1636.55 116.26 1686.95 79.94 1726.50 33.27 1674.87
P2694 0.051700204610824585 185.04 1381.51 210.98 1425.94 181.90 1444.99 155.98 1400.21
P0675 0.055168524384498596 328.07 122.00 557.99 196.77 445.45 390.18 215.03 311.81
P2263 0.8380692601203918 522.49 427.98 565.40 464.87 536.25 495.14 493.47 458.07
P2263 0.22541119158267975 549.69 468.98 563.75 479.92 543.03 500.45 528.98 489.54
P2263 0.06749485433101654 567.35 496.82 588.52 516.58 576.43 534.30 555.11 514.21
P1477 0.9961414933204651 1245.70 1423.12 1252.76 1449.60 1210.73 1455.40 1203.90 1429.95
P1477 0.9935043454170227 1254.28 1453.55 1260.86 1483.22 1214.95 1489.50 1208.63 1461.03
P1477 0.9925075173377991 1239.27 1391.22 1246.54 1417.88 1203.92 1424.16 1196.90 1398.72
P1477 0.992344319820404 1779.54 3347.75 1785.49 3396.15 1755.54 3399.50 1749.86 3351.86
P1477 0.9888926148414612 1399.99 2278.55 1407.75 2326.68 1375.64 2333.34 1368.19 2286.72
P1477 0.9887658953666687 1403.31 2323.39 1411.56 2370.93 1386.02 2377.26 1378.06 2330.71
P1477 0.9857420921325684 1769.56 3304.52 1775.32 3345.26 1747.51 3350.09 1741.96 3310.44
P1477 0.9830493927001953 1235.46 1358.11 1242.58 1385.15 1199.14 1391.39 1192.32 1365.45
P1477 0.9615169167518616 1431.86 2318.23 1438.22 2368.35 1414.22 2372.61 1408.10 2323.25
P1477 0.9542738199234009 1423.97 2274.36 1430.68 2327.98 1405.33 2331.87 1398.88 2279.10
P1477 0.9375318884849548 1441.34 2070.36 1447.58 2116.33 1411.84 2120.79 1405.87 2075.89
P1477 0.9080327153205872 2344.62 1811.17 2350.92 1857.13 2325.54 1861.86 2319.46 1816.64
P1477 0.6011217832565308 1395.84 2280.33 1398.46 2323.97 1387.51 2331.23 1385.00 2289.17
P1477 0.5676506757736206 1319.94 2811.84 1326.82 2839.27 1287.33 2845.12 1280.80 2818.74
P1477 0.15327222645282745 1325.69 2845.09 1335.80 2869.15 1291.32 2875.35 1281.49 2852.18
P1477 0.09841390699148178 1918.75 3360.99 1926.95 3398.20 1902.28 3402.62 1894.24 3365.76
P2136 0.999272882938385 406.45 1010.94 419.27 1094.91 364.34 1106.50 352.26 1025.34
P2136 0.999133288860321 499.02 969.87 571.49 969.87 571.49 1092.20 499.02 1092.20
P2136 0.998950719833374 340.77 1019.83 353.52 1102.32 294.51 1112.61 282.48 1032.85
P2136 0.9985002279281616 417.05 980.77 488.65 980.77 488.65 1103.77 417.05 1103.77
P2136 0.08389352262020111 494.62 962.38 567.84 962.38 567.84 1024.00 494.62 1024.00
P2254 0.5636391639709473 999.05 875.87 1044.50 875.87 1044.50 957.19 999.05 957.19
P0145 0.997219443321228 532.83 805.31 567.24 898.37 513.49 921.79 479.45 830.43
P0145 0.10535963624715805 665.47 803.88 683.84 878.58 638.93 897.85 620.83 824.63
P0480 0.9455469846725464 490.25 0.00 614.67 0.00 614.67 114.56 490.25 114.56
P1857 0.23813648521900177 829.32 3451.89 888.88 3451.89 888.88 3496.00 829.32 3496.00
P1857 0.13999968767166138 894.83 3450.08 964.20 3450.08 964.20 3570.12 894.83 3570.12
P1244 0.8301229476928711 2571.77 2234.88 2593.55 2261.29 2579.35 2276.07 2557.50 2249.63
P1244 0.4354564845561981 2713.45 2792.46 2733.39 2798.66 2724.99 2834.30 2705.03 2827.89
P1244 0.2852780222892761 757.08 1959.79 786.31 1971.59 774.34 1991.18 745.13 1979.25
P1244 0.2159256786108017 3361.81 1821.56 3369.51 1842.54 3344.91 1850.27 3337.32 1829.99
P1244 0.09482835978269577 3034.29 2221.77 3041.79 2265.55 3021.69 2272.09 3014.38 2229.10
P1244 0.050294388085603714 4061.90 2388.83 4088.43 2388.83 4088.43 2422.39 4061.90 2422.39
P1346 0.14694134891033173 2722.38 3570.13 2726.41 3613.00 2706.22 3615.46 2702.45 3573.19
P2773 0.21300767362117767 3107.56 664.25 3127.61 664.25 3127.61 694.59 3107.56 694.59
P0536 0.09531737118959427 1709.70 1057.58 1755.02 1063.49 1748.14 1087.58 1703.08 1081.00
P1324 0.7675060629844666 894.25 3924.67 909.69 3962.92 889.78 3972.62 874.50 3934.70
P0134 0.9849134087562561 397.63 1404.55 450.24 1404.55 450.24 1493.84 397.63 1493.84
P1520 0.1016458049416542 3089.44 1898.16 3098.00 1935.96 3065.55 1945.24 3057.46 1909.08
P2666 0.07148347795009613 2646.95 1668.51 2671.96 1692.22 2634.77 1727.15 2609.75 1702.62
P2041 0.06806974112987518 1188.36 871.95 1334.32 1002.70 1183.50 1180.09 1036.58 1042.31
P2041 0.0599466972053051 1065.57 789.94 1193.76 876.87 1053.47 1024.00 924.42 932.89
P0369 0.9923829436302185 743.64 132.15 798.16 382.61 658.34 411.19 604.97 164.55
P0369 0.9851701855659485 915.04 92.72 970.28 347.16 832.57 376.79 778.95 126.81
P2383 0.06932670623064041 496.19 283.57 524.08 304.45 509.03 321.12 480.79 299.49
P2749 0.9794390201568604 1408.85 1919.76 1465.94 1919.76 1465.94 2032.39 1408.85 2032.39
P2345 0.10653826594352722 1333.63 973.57 1344.28 1015.72 1319.51 1024.00 1309.08 982.61
P2345 0.051961351186037064 1402.25 962.22 1423.89 1016.80 1377.22 1028.81 1355.80 974.75
P0092 0.9985609650611877 1713.66 389.39 1842.17 389.39 1842.17 579.05 1713.66 579.05
P0092 0.9982775449752808 1978.51 390.98 2104.76 390.98 2104.76 578.95 1978.51 578.95
P0092 0.9977230429649353 1846.03 389.32 1974.05 389.32 1974.05 578.84 1846.03 578.84
P0092 0.9969890713691711 1711.90 597.16 1839.22 597.16 1839.22 802.52 1711.90 802.52
P0092 0.9966118931770325 1845.17 615.65 1968.12 615.65 1968.12 803.75 1845.17 803.75
P0092 0.9964702129364014 1978.31 615.18 2096.78 615.18 2096.78 804.90 1978.31 804.90
P2763 0.7530483603477478 3114.68 2816.98 3213.00 2816.98 3213.00 2986.84 3114.68 2986.84
P2763 0.6984269022941589 3119.26 2595.54 3212.76 2595.54 3212.76 2746.54 3119.26 2746.54
P2763 0.6846848130226135 4215.85 2549.79 4346.47 2549.79 4346.47 2631.39 4215.85 2631.39
P2763 0.22435307502746582 840.12 247.11 940.89 247.11 940.89 320.54 840.12 320.54
P2763 0.19708867371082306 4053.97 154.98 4160.59 154.98 4160.59 268.40 4053.97 268.40
P2763 0.16079963743686676 2828.95 2603.09 2923.79 2603.09 2923.79 2747.78 2828.95 2747.78
P2763 0.13190628588199615 5369.92 3268.87 5509.82 3268.87 5509.82 3387.03 5369.92 3387.03
P2763 0.13140389323234558 5012.05 106.54 5133.64 106.54 5133.64 247.51 5012.05 247.51
P2763 0.1227361187338829 1682.93 2312.92 1819.06 2312.92 1819.06 2472.91 1682.93 2472.91
P2763 0.07023485749959946 2928.70 2602.32 3006.81 2602.32 3006.81 2740.17 2928.70 2740.17
P2763 0.06271310150623322 3380.17 2001.13 3433.71 2001.13 3433.71 2094.00 3380.17 2094.00
P2763 0.05786905437707901 3021.12 2809.35 3119.54 2809.35 3119.54 2974.90 3021.12 2974.90
P2763 0.057380713522434235 5671.05 4141.78 5782.88 4141.78 5782.88 4304.53 5671.05 4304.53
P0667 0.9958471655845642 356.70 528.67 474.64 694.00 391.76 753.71 273.03 586.35
P0667 0.9956672191619873 258.84 617.00 367.73 779.95 272.93 843.89 164.51 682.18
P0667 0.9953840374946594 464.29 457.17 577.03 615.63 492.36 672.11 380.23 515.42
P0667 0.9927648901939392 566.12 363.38 681.70 532.57 598.33 592.96 482.53 423.61
P0667 0.9889984726905823 662.73 281.16 786.68 438.68 708.62 512.99 583.91 353.50
P2524 0.8472829461097717 1032.99 216.42 1082.71 224.18 1071.64 267.63 1022.00 259.70
P2524 0.40553516149520874 1083.31 229.52 1113.50 235.40 1106.89 276.61 1076.73 270.36
P1151 0.05439525470137596 290.99 3860.71 374.53 3963.87 269.14 4034.51 186.57 3934.12
P2407 0.0516311451792717 1460.99 1203.64 1484.15 1212.51 1474.23 1251.79 1451.08 1242.41
P1008 0.9939026832580566 3458.29 1739.06 3528.55 1739.06 3528.55 1832.00 3458.29 1832.00
P1226 0.9350419044494629 188.55 3234.41 196.41 3270.54 176.54 3276.27 168.84 3240.85
P1468 0.9960339665412903 2667.46 6805.28 2875.91 6805.28 2875.91 6926.50 2667.46 6926.50
P1468 0.9959433674812317 778.85 2768.57 910.95 2768.57 910.95 2966.96 778.85 2966.96
P1468 0.9956947565078735 891.84 2769.75 1024.00 2769.75 1024.00 2968.78 891.84 2968.78
P1468 0.9892029166221619 824.00 7520.69 997.00 7520.69 997.00 7625.67 824.00 7625.67
P1468 0.9885536432266235 2676.25 6672.02 2870.34 6672.02 2870.34 6812.82 2676.25 6812.82
P1468 0.9417729377746582 2667.51 6556.93 2882.83 6556.93 2882.83 6683.03 2667.51 6683.03
P1468 0.8265781998634338 498.06 7534.40 664.04 7534.40 664.04 7644.14 498.06 7644.14
P1468 0.26200902462005615 1757.45 824.00 1919.81 824.00 1919.81 978.76 1757.45 978.76
P0451 0.06093604862689972 352.84 712.37 454.00 712.37 454.00 859.22 352.84 859.22
P0802 0.9979541301727295 89.34 112.97 214.49 128.03 186.46 337.17 61.41 321.10
P0802 0.8565217852592468 21.47 72.15 91.80 103.03 69.86 318.41 0.00 285.96
P1262 0.23481975495815277 2088.30 40.48 2099.28 57.65 2072.65 72.71 2061.75 55.86
P1202 0.9755035638809204 1042.28 520.84 1065.51 554.49 1046.18 565.54 1022.95 531.87
P1202 0.14038853347301483 1055.19 510.20 1078.86 533.89 1065.55 546.17 1041.80 522.19
P1425 0.1569533795118332 4196.47 456.12 4320.00 553.49 4229.44 617.36 4105.42 518.18
P1425 0.07027221471071243 1890.98 878.53 1912.26 1014.62 1777.00 1024.00 1756.83 890.44
P1425 0.06737996637821198 3946.89 219.52 4012.77 332.62 3903.02 388.26 3837.76 278.61
P1425 0.06665242463350296 2023.02 1648.00 2084.51 1729.77 2005.32 1793.58 1944.71 1714.74
P1855 0.17751526832580566 2511.88 79.32 2561.75 142.16 2465.58 197.06 2416.10 136.01
P1261 0.9742071032524109 3280.35 1237.29 3294.41 1269.92 3276.96 1279.85 3262.90 1247.62
P1261 0.9618375897407532 1262.12 3878.09 1281.53 3912.94 1263.33 3924.87 1243.98 3890.16
P1261 0.8998790979385376 3825.74 704.27 3848.22 728.34 3833.72 743.97 3811.18 719.65
P1261 0.8596729636192322 3297.52 1232.01 3312.49 1261.88 3295.47 1271.70 3280.64 1242.15
P1261 0.8132771849632263 1280.97 3872.24 1295.86 3904.51 1280.06 3914.68 1265.22 3882.66
P1261 0.7784358263015747 1125.57 3211.89 1143.10 3237.97 1123.58 3252.85 1106.07 3226.82
P1261 0.3646799921989441 1139.19 3206.51 1156.33 3232.07 1133.16 3249.13 1116.13 3223.77
P1261 0.13895216584205627 3843.02 695.16 3860.35 714.58 3845.15 728.71 3827.85 709.20
P1461 0.999474823474884 5657.23 3664.25 5781.72 3664.25 5781.72 3876.58 5657.23 3876.58
P1461 0.9994341731071472 5788.32 3665.99 5906.00 3665.99 5906.00 3875.71 5788.32 3875.71
P1461 0.9994105100631714 681.24 832.02 811.62 832.02 811.62 1024.00 681.24 1024.00
P1461 0.9993519186973572 573.95 597.01 700.94 597.01 700.94 802.48 573.95 802.48
P1461 0.9993053674697876 5780.39 3989.67 5907.82 3989.67 5907.82 4186.10 5780.39 4186.10
P1461 0.9992478489875793 551.74 824.00 679.61 824.00 679.61 1017.42 551.74 1017.42
P1461 0.9992303848266602 420.30 824.00 547.22 824.00 547.22 1004.67 420.30 1004.67
P1461 0.9991803765296936 704.84 610.48 832.23 610.48 832.23 820.29 704.84 820.29
P1461 0.9989039897918701 806.17 846.86 936.50 846.86 936.50 1055.19 806.17 1055.19
P1461 0.9988389611244202 5650.38 3989.04 5777.23 3989.04 5777.23 4194.69 5650.38 4194.69
P1461 0.998360812664032 826.56 619.16 965.28 619.16 965.28 834.50 826.56 834.50
P1461 0.9974849224090576 436.51 577.92 572.80 577.92 572.80 787.42 436.51 787.42
P1227 0.14614467322826385 1963.12 3034.72 1979.44 3042.22 1969.86 3072.96 1953.66 3065.11
P2461 0.17956402897834778 404.29 1814.33 435.55 1818.19 429.68 1848.00 398.59 1843.93
P0102 0.9984869956970215 19.38 961.04 135.93 974.38 116.03 1154.28 0.00 1140.12
P0834 0.9597345590591431 1018.35 162.20 1219.89 162.20 1219.89 268.46 1018.35 268.46
P0834 0.9126872420310974 1047.38 292.68 1240.53 292.68 1240.53 393.89 1047.38 393.89
P2508 0.05643204227089882 1576.42 1295.98 1653.11 1295.98 1653.11 1404.77 1576.42 1404.77
P1335 0.9230979084968567 3639.26 2416.56 3651.85 2454.59 3630.40 2463.38 3617.99 2426.13
P1335 0.5998879671096802 2689.62 2832.82 2697.32 2867.53 2678.16 2872.36 2670.67 2838.29
P2338 0.050855014473199844 568.61 2460.98 612.61 2464.27 608.59 2491.87 564.61 2488.33
P1862 0.9953364729881287 237.13 1734.87 487.23 1769.12 443.85 1923.00 194.11 1886.65
P1862 0.995283305644989 204.59 1901.21 448.40 1937.32 407.72 2080.91 164.23 2043.46
P1862 0.8693872690200806 245.70 1737.90 485.15 1765.10 425.98 1848.00 187.39 1819.61
P1442 0.9995297193527222 795.89 755.40 849.88 755.40 849.88 853.87 795.89 853.87
P1442 0.9994614720344543 725.41 872.03 781.31 872.03 781.31 972.13 725.41 972.13
P1442 0.9994423985481262 796.88 872.62 849.44 872.62 849.44 974.07 796.88 974.07
P1442 0.9992372989654541 723.81 756.27 783.11 756.27 783.11 851.79 723.81 851.79
P1442 0.9992268085479736 656.23 874.19 712.67 874.19 712.67 972.60 656.23 972.60
P1442 0.9991787075996399 654.30 758.13 712.99 758.13 712.99 852.18 654.30 852.18
P1442 0.9988201260566711 773.53 1032.99 832.63 1032.99 832.63 1129.36 773.53 1129.36
P1442 0.9986625909805298 730.28 1139.30 788.04 1139.30 788.04 1240.82 730.28 1240.82
P1442 0.9984336495399475 705.45 1029.74 760.20 1029.74 760.20 1129.83 705.45 1129.83
P1442 0.9982107877731323 801.44 1142.83 856.34 1142.83 856.34 1240.19 801.44 1240.19
P1442 0.5206838250160217 98.94 1322.24 196.36 1322.24 196.36 1394.27 98.94 1394.27
P1442 0.5173181891441345 1041.07 656.39 1176.34 656.39 1176.34 712.23 1041.07 712.23
P1442 0.18503214418888092 103.16 1236.22 196.20 1236.22 196.20 1309.92 103.16 1309.92
P1442 0.15827621519565582 1045.33 500.17 1169.57 500.17 1169.57 575.09 1045.33 575.09
P1442 0.1574312001466751 863.87 757.23 1010.34 757.23 1010.34 889.52 863.87 889.52
P1442 0.11676069349050522 1051.87 578.68 1171.74 578.68 1171.74 645.80 1051.87 645.80
P1442 0.10959293693304062 375.46 776.50 417.25 776.50 417.25 874.65 375.46 874.65
P1442 0.079366035759449 438.44 779.80 482.13 779.80 482.13 873.19 438.44 873.19
P1442 0.05423140525817871 646.86 501.82 886.01 501.82 886.01 712.99 646.86 712.99
P1039 0.979564905166626 497.49 13.81 548.28 118.73 372.13 171.30 322.34 69.23
P1039 0.8187368512153625 489.37 66.00 552.87 148.93 386.51 180.80 323.21 100.10
P1774 0.10398590564727783 4557.70 1648.00 4675.54 1674.43 4637.45 1831.01 4519.80 1803.44
P1774 0.06987981498241425 4697.80 1648.00 4815.46 1678.04 4769.67 1873.60 4652.63 1842.28
P0501 0.9836465716362 227.44 261.18 382.29 412.78 314.72 508.05 159.86 354.94
P0501 0.9716747403144836 332.45 157.31 492.15 298.58 410.61 392.37 251.43 249.91
P2119 0.9992679953575134 181.59 944.25 247.49 944.25 247.49 1024.00 181.59 1024.00
P2119 0.998144268989563 249.57 931.65 313.47 931.65 313.47 1030.39 249.57 1030.39
P2119 0.10259806364774704 1253.11 434.38 1341.70 434.38 1341.70 551.37 1253.11 551.37
P1423 0.05539333447813988 1166.84 1705.50 1228.96 1800.25 1129.87 1848.00 1069.10 1756.13
P0048 0.32491564750671387 335.15 1010.88 397.02 1080.74 346.35 1121.23 284.48 1051.78
P0048 0.06316003948450089 445.83 687.01 508.68 739.71 478.72 778.00 415.40 724.00
P0048 0.05906958878040314 227.86 908.38 279.82 967.72 244.30 1002.17 192.06 942.78
P1112 0.09648804366588593 9259.50 11.55 9357.73 59.33 9284.61 157.45 9186.88 109.84
P1436 0.989459753036499 2022.53 3581.66 2075.61 3581.66 2075.61 3672.51 2022.53 3672.51
P1436 0.8664813041687012 1959.57 3582.01 2021.00 3582.01 2021.00 3671.41 1959.57 3671.41
P1436 0.4488486349582672 521.25 3076.25 583.23 3097.21 567.58 3170.88 505.73 3149.67
P1436 0.1798727661371231 511.08 3171.58 569.60 3178.43 557.03 3224.75 498.62 3217.45
P1436 0.15465474128723145 1350.42 4639.13 1413.67 4639.13 1413.67 4696.62 1350.42 4696.62
P0886 0.9737953543663025 134.25 317.65 224.78 391.07 122.07 526.38 31.44 451.91
P1270 0.8295720219612122 2823.28 480.15 2852.19 496.97 2840.39 513.86 2811.39 496.68
P1270 0.7056440114974976 2834.93 463.58 2860.86 479.32 2848.85 498.51 2822.85 482.35
P1270 0.13117553293704987 537.77 461.27 554.16 475.55 537.69 505.76 521.30 491.29
P1270 0.12379775941371918 564.86 418.25 584.27 430.06 566.99 458.52 547.52 446.44
P1270 0.05063590779900551 519.17 449.74 538.30 461.48 521.25 490.18 502.01 478.32
P0196 0.9994028806686401 1737.78 461.84 1848.00 461.84 1848.00 645.15 1737.78 645.15
P0196 0.9993647933006287 1737.64 273.53 1848.00 273.53 1848.00 453.04 1737.64 453.04
P0196 0.9976703524589539 1607.88 465.68 1727.18 465.68 1727.18 646.96 1607.88 646.96
P0196 0.997366726398468 1602.42 273.58 1723.23 273.58 1723.23 456.05 1602.42 456.05
